    900.000    900.441    900.882    901.324    901.766    902.209    902.651
    903.093    903.536    903.979    904.423    904.866    905.310    905.754
    906.198    906.643    907.087    907.531    907.976    908.422    908.868
    909.313    909.759    910.205    910.651    911.098    911.545    911.992
    912.439    912.886    913.334    913.782    914.230    914.678    915.127
    915.576    916.024    916.473    916.923    917.373    917.823    918.273
    918.723    919.173    919.624    920.076    920.526    920.977    921.429
    921.881    922.334    922.785    923.238    923.690    924.144    924.597
    925.050    925.504    925.957    926.412    926.866    927.320    927.775
    928.230    928.685    929.141    929.596    930.052    930.508    930.965
    931.422    931.878    932.335    932.792    933.249    933.707    934.165
    934.623    935.081    935.540    935.999    936.457    936.916    937.376
    937.836    938.296    938.756    939.216    939.676    940.137    940.599
    941.060    941.521    941.983    942.445    942.907    943.369    943.832
    944.294    944.758    945.221    945.685    946.148    946.612    947.076
    947.541    948.005    948.470    948.935    949.401    949.867    950.332
    950.798    951.264    951.731    952.198    952.664    953.131    953.599
    954.067    954.535    955.002    955.471    955.939    956.408    956.878
    957.346    957.815    958.285    958.755    959.226    959.696    960.166
    960.637    961.108    961.580    962.051    962.523    962.995    963.467
    963.940    964.412    964.885    965.358    965.832    966.306    966.779
    967.253    967.727    968.202    968.677    969.152    969.627    970.102
    970.578    971.055    971.530    972.006    972.483    972.960    973.438
    973.915    974.392    974.870    975.348    975.827    976.305    976.783
    977.262    977.742    978.222    978.701    979.181    979.661    980.141
    980.623    981.103    981.584    982.065    982.547    983.029    983.511
    983.993    984.475    984.958    985.442    985.925    986.408    986.891
    987.376    987.860    988.344    988.829    989.314    989.799    990.285
    990.770    991.255    991.742    992.228    992.715    993.201    993.688
    994.176    994.663    995.151    995.639    996.127    996.615    997.104
    997.594    998.083    998.572    999.061    999.552   1000.042   1000.532
   1001.022   1001.513   1002.005   1002.497   1002.988   1003.479   1003.971
   1004.464   1004.957   1005.449   1005.942   1006.435   1006.929   1007.423
   1007.917   1008.411   1008.905   1009.400   1009.896   1010.390   1010.886
   1011.381   1011.878   1012.374   1012.870   1013.367   1013.864   1014.361
   1014.859   1015.356   1015.854   1016.352   1016.850   1017.349   1017.848
   1018.347   1018.846   1019.346   1019.846   1020.346   1020.846   1021.347
   1021.848   1022.349   1022.850   1023.351   1023.853   1024.355   1024.858
   1025.360   1025.863   1026.366   1026.870   1027.374   1027.877   1028.381
   1028.885   1029.390   1029.895   1030.400   1030.905   1031.410   1031.916
   1032.423   1032.928   1033.435   1033.941   1034.449   1034.956   1035.463
   1035.971   1036.479   1036.987   1037.496   1038.005   1038.513   1039.023
   1039.532   1040.043   1040.552   1041.062   1041.573   1042.084   1042.595
   1043.106   1043.617   1044.129   1044.641   1045.154   1045.666   1046.178
   1046.692   1047.205   1047.719   1048.232   1048.746   1049.260   1049.775
   1050.290   1050.805   1051.320   1051.835   1052.351   1052.868   1053.384
   1053.900   1054.417   1054.934   1055.452   1055.969   1056.487   1057.005
   1057.523   1058.042   1058.561   1059.079   1059.599   1060.119   1060.639
   1061.159   1061.679   1062.199   1062.720   1063.242   1063.763   1064.284
   1064.806   1065.329   1065.851   1066.374   1066.896   1067.419   1067.943
   1068.467   1068.991   1069.515   1070.039   1070.564   1071.090   1071.614
   1072.140   1072.665   1073.192   1073.718   1074.244   1074.771   1075.298
   1075.825   1076.353   1076.881   1077.408   1077.937   1078.466   1078.995
   1079.524   1080.053   1080.582   1081.113   1081.643   1082.173   1082.703
   1083.234   1083.766   1084.298   1084.829   1085.361   1085.893   1086.426
   1086.959   1087.491   1088.024   1088.558   1089.092   1089.626   1090.160
   1090.695   1091.229   1091.765   1092.301   1092.836   1093.371   1093.908
   1094.444   1094.981   1095.518   1096.055   1096.592   1097.130   1097.669
   1098.207   1098.745   1099.284   1099.823   1100.363   1100.902   1101.441
   1101.981   1102.522   1103.063   1103.604   1104.145   1104.686   1105.228
   1105.771   1106.312   1106.854   1107.397   1107.941   1108.484   1109.027
   1109.571   1110.115   1110.660   1111.205   1111.749   1112.294   1112.839
   1113.385   1113.932   1114.478   1115.024   1115.571   1116.118   1116.666
   1117.213   1117.760   1118.308   1118.857   1119.406   1119.955   1120.504
   1121.053   1121.603   1122.154   1122.703   1123.254   1123.804   1124.356
   1124.908   1125.459   1126.010   1126.563   1127.115   1127.668   1128.221
   1128.774   1129.327   1129.881   1130.436   1130.990   1131.544   1132.099
   1132.654   1133.210   1133.766   1134.321   1134.877   1135.434   1135.991
   1136.548   1137.105   1137.663   1138.221   1138.780   1139.337   1139.896
   1140.455   1141.014   1141.574   1142.134   1142.693   1143.254   1143.814
   1144.376   1144.937   1145.498   1146.059   1146.622   1147.184   1147.746
   1148.309   1148.872   1149.436   1150.000   1150.000   1150.298   1150.596
   1150.894   1151.193   1151.491   1151.789   1152.088   1152.386   1152.685
   1152.984   1153.283   1153.582   1153.881   1154.180   1154.479   1154.778
   1155.077   1155.377   1155.676   1155.976   1156.275   1156.575   1156.875
   1157.175   1157.475   1157.775   1158.075   1158.375   1158.675   1158.975
   1159.276   1159.576   1159.877   1160.177   1160.478   1160.779   1161.080
   1161.380   1161.682   1161.983   1162.284   1162.585   1162.886   1163.188
   1163.489   1163.791   1164.092   1164.394   1164.696   1164.998   1165.300
   1165.602   1165.904   1166.206   1166.509   1166.811   1167.113   1167.416
   1167.718   1168.021   1168.324   1168.626   1168.929   1169.232   1169.535
   1169.838   1170.141   1170.445   1170.748   1171.052   1171.355   1171.659
   1171.962   1172.266   1172.570   1172.874   1173.178   1173.482   1173.786
   1174.090   1174.395   1174.699   1175.004   1175.308   1175.613   1175.917
   1176.222   1176.527   1176.832   1177.137   1177.442   1177.747   1178.052
   1178.358   1178.663   1178.969   1179.274   1179.580   1179.886   1180.192
   1180.497   1180.803   1181.109   1181.416   1181.722   1182.028   1182.334
   1182.641   1182.947   1183.254   1183.561   1183.867   1184.174   1184.481
   1184.788   1185.095   1185.402   1185.709   1186.017   1186.324   1186.632
   1186.939   1187.247   1187.555   1187.863   1188.170   1188.478   1188.786
   1189.094   1189.403   1189.711   1190.019   1190.328   1190.636   1190.945
   1191.253   1191.562   1191.871   1192.180   1192.489   1192.798   1193.107
   1193.416   1193.726   1194.035   1194.344   1194.654   1194.964   1195.273
   1195.583   1195.893   1196.203   1196.513   1196.823   1197.134   1197.444
   1197.754   1198.064   1198.375   1198.686   1198.996   1199.307   1199.618
   1199.929   1200.240   1200.551   1200.862   1201.173   1201.485   1201.796
   1202.108   1202.419   1202.731   1203.042   1203.354   1203.666   1203.978
   1204.290   1204.602   1204.915   1205.227   1205.539   1205.851   1206.164
   1206.477   1206.789   1207.102   1207.415   1207.728   1208.041   1208.354
   1208.667   1208.980   1209.294   1209.608   1209.921   1210.234   1210.548
   1210.862   1211.176   1211.490   1211.803   1212.118   1212.432   1212.746
   1213.060   1213.375   1213.689   1214.004   1214.319   1214.633   1214.948
   1215.263   1215.578   1215.893   1216.208   1216.523   1216.839   1217.154
   1217.470   1217.785   1218.101   1218.416   1218.732   1219.048   1219.364
   1219.680   1219.996   1220.312   1220.629   1220.945   1221.261   1221.578
   1221.895   1222.212   1222.528   1222.845   1223.162   1223.479   1223.796
   1224.113   1224.430   1224.748   1225.065   1225.383   1225.700   1226.018
   1226.336   1226.654   1226.972   1227.290   1227.608   1227.926   1228.244
   1228.563   1228.881   1229.199   1229.518   1229.837   1230.156   1230.474
   1230.793   1231.112   1231.431   1231.750   1232.070   1232.389   1232.708
   1233.028   1233.348   1233.667   1233.987   1234.307   1234.627   1234.947
   1235.267   1235.587   1235.907   1236.227   1236.548   1236.868   1237.189
   1237.509   1237.830   1238.151   1238.472   1238.793   1239.114   1239.435
   1239.757   1240.078   1240.399   1240.721   1241.042   1241.364   1241.686
   1242.007   1242.329   1242.651   1242.974   1243.296   1243.618   1243.940
   1244.263   1244.585   1244.908   1245.230   1245.553   1245.876   1246.199
   1246.522   1246.845   1247.168   1247.491   1247.815   1248.138   1248.461
   1248.785   1249.109   1249.433   1249.756   1250.080   1250.404   1250.728
   1251.053   1251.377   1251.701   1252.025   1252.350   1252.675   1252.999
   1253.324   1253.649   1253.974   1254.299   1254.624   1254.949   1255.274
   1255.600   1255.925   1256.250   1256.576   1256.902   1257.228   1257.554
   1257.879   1258.205   1258.531   1258.858   1259.184   1259.510   1259.837
   1260.163   1260.490   1260.817   1261.143   1261.470   1261.797   1262.124
   1262.452   1262.779   1263.106   1263.433   1263.761   1264.088   1264.416
   1264.744   1265.071   1265.399   1265.727   1266.055   1266.383   1266.712
   1267.040   1267.369   1267.697   1268.025   1268.354   1268.683   1269.012
   1269.340   1269.669   1269.999   1270.328   1270.657   1270.986   1271.316
   1271.645   1271.975   1272.305   1272.634   1272.964   1273.294   1273.624
   1273.954   1274.284   1274.615   1274.945   1275.275   1275.606   1275.937
   1276.267   1276.598   1276.929   1277.260   1277.591   1277.922   1278.253
   1278.584   1278.916   1279.247   1279.579   1279.911   1280.242   1280.574
   1280.906   1281.238   1281.570   1281.902   1282.235   1282.567   1282.899
   1283.232   1283.564   1283.897   1284.230   1284.563   1284.896   1285.229
   1285.562   1285.895   1286.228   1286.562   1286.895   1287.229   1287.562
   1287.896   1288.230   1288.564   1288.898   1289.232   1289.566   1289.900
   1290.234   1290.569   1290.903   1291.238   1291.572   1291.907   1292.242
   1292.577   1292.912   1293.247   1293.582   1293.918   1294.253   1294.588
   1294.924   1295.260   1295.595   1295.931   1296.267   1296.603   1296.939
   1297.275   1297.611   1297.948   1298.284   1298.620   1298.957   1299.294
   1299.630   1299.967   1300.304   1300.641   1300.978   1301.316   1301.653
   1301.990   1302.328   1302.665   1303.003   1303.340   1303.678   1304.016
   1304.354   1304.692   1305.030   1305.369   1305.707   1306.046   1306.384
   1306.723   1307.061   1307.400   1307.739   1308.078   1308.417   1308.756
   1309.095   1309.434   1309.774   1310.113   1310.453   1310.793   1311.132
   1311.472   1311.812   1312.152   1312.492   1312.832   1313.172   1313.513
   1313.853   1314.194   1314.534   1314.875   1315.216   1315.557   1315.898
   1316.239   1316.580   1316.921   1317.262   1317.604   1317.945   1318.287
   1318.629   1318.970   1319.313   1319.654   1319.996   1320.338   1320.681
   1321.023   1321.365   1321.708   1322.050   1322.393   1322.736   1323.079
   1323.421   1323.764   1324.108   1324.451   1324.794   1325.137   1325.481
   1325.824   1326.168   1326.512   1326.855   1327.199   1327.543   1327.888
   1328.232   1328.576   1328.920   1329.265   1329.609   1329.954   1330.298
   1330.643   1330.988   1331.333   1331.678   1332.023   1332.369   1332.714
   1333.060   1333.405   1333.750   1334.096   1334.442   1334.788   1335.134
   1335.480   1335.826   1336.172   1336.519   1336.865   1337.211   1337.558
   1337.905   1338.252   1338.598   1338.945   1339.292   1339.639   1339.987
   1340.334   1340.681   1341.029   1341.376   1341.724   1342.072   1342.419
   1342.767   1343.115   1343.464   1343.812   1344.160   1344.508   1344.857
   1345.206   1345.554   1345.903   1346.252   1346.601   1346.950   1347.299
   1347.648   1347.997   1348.347   1348.696   1349.046   1349.395   1349.745
   1350.095   1350.445   1350.795   1351.145   1351.495   1351.845   1352.196
   1352.546   1352.897   1353.247   1353.598   1353.949   1354.300   1354.651
   1355.002   1355.353   1355.705   1356.056   1356.407   1356.759   1357.111
   1357.463   1357.814   1358.166   1358.518   1358.870   1359.223   1359.575
   1359.927   1360.279   1360.632   1360.985   1361.338   1361.690   1362.043
   1362.396   1362.750   1363.103   1363.456   1363.809   1364.163   1364.516
   1364.870   1365.224   1365.577   1365.931   1366.286   1366.640   1366.994
   1367.348   1367.703   1368.057   1368.411   1368.766   1369.121   1369.476
   1369.831   1370.186   1370.541   1370.896   1371.251   1371.607   1371.962
   1372.318   1372.673   1373.029   1373.385   1373.741   1374.097   1374.453
   1374.810   1375.166   1375.522   1375.879   1376.235   1376.592   1376.949
   1377.306   1377.663   1378.020   1378.377   1378.734   1379.092   1379.449
   1379.807   1380.164   1380.522   1380.880   1381.238   1381.596   1381.954
   1382.312   1382.670   1383.028   1383.387   1383.746   1384.104   1384.463
   1384.822   1385.181   1385.540   1385.899   1386.258   1386.617   1386.977
   1387.336   1387.696   1388.055   1388.415   1388.775   1389.135   1389.495
   1389.855   1390.215   1390.576   1390.936   1391.297   1391.657   1392.018
   1392.379   1392.740   1393.101   1393.462   1393.823   1394.184   1394.545
   1394.907   1395.268   1395.630   1395.992   1396.354   1396.716   1397.077
   1397.439   1397.802   1398.164   1398.527   1398.889   1399.251   1399.614
   1399.977   1400.340   1400.703   1401.066   1401.429   1401.792   1402.156
   1402.519   1402.882   1403.246   1403.610   1403.974   1404.337   1404.701
   1405.065   1405.429   1405.794   1406.158   1406.522   1406.887   1407.252
   1407.617   1407.981   1408.346   1408.711   1409.076   1409.442   1409.807
   1410.172   1410.538   1410.903   1411.269   1411.635   1412.001   1412.366
   1412.733   1413.099   1413.465   1413.831   1414.198   1414.564   1414.931
   1415.298   1415.665   1416.031   1416.399   1416.766   1417.133   1417.500
   1417.867   1418.235   1418.603   1418.970   1419.338   1419.706   1420.074
   1420.442   1420.810   1421.178   1421.547   1421.915   1422.284   1422.652
   1423.021   1423.390   1423.759   1424.128   1424.497   1424.866   1425.235
   1425.605   1425.974   1426.344   1426.713   1427.083   1427.453   1427.823
   1428.193   1428.563   1428.933   1429.304   1429.675   1430.045   1430.416
   1430.786   1431.157   1431.528   1431.899   1432.270   1432.641   1433.013
   1433.384   1433.756   1434.127   1434.499   1434.871   1435.243   1435.615
   1435.987   1436.359   1436.731   1437.104   1437.476   1437.849   1438.221
   1438.594   1438.967   1439.340   1439.713   1440.086   1440.459   1440.833
   1441.206   1441.580   1441.953   1442.327   1442.701   1443.075   1443.449
   1443.823   1444.197   1444.572   1444.946   1445.320   1445.695   1446.070
   1446.445   1446.819   1447.194   1447.569   1447.945   1448.320   1448.695
   1449.071   1449.446   1449.822   1450.198   1450.574   1450.949   1451.326
   1451.702   1452.078   1452.454   1452.831   1453.207   1453.584   1453.961
   1454.338   1454.714   1455.092   1455.469   1455.846   1456.223   1456.601
   1456.978   1457.356   1457.734   1458.111   1458.489   1458.867   1459.245
   1459.624   1460.002   1460.380   1460.759   1461.137   1461.516   1461.895
   1462.274   1462.653   1463.032   1463.411   1463.791   1464.170   1464.549
   1464.929   1465.309   1465.688   1466.068   1466.448   1466.828   1467.209
   1467.589   1467.969   1468.349   1468.730   1469.111   1469.492   1469.872
   1470.253   1470.635   1471.016   1471.397   1471.778   1472.160   1472.541
   1472.923   1473.305   1473.687   1474.068   1474.451   1474.833   1475.215
   1475.597   1475.980   1476.362   1476.745   1477.128   1477.510   1477.893
   1478.277   1478.660   1479.043   1479.426   1479.810   1480.193   1480.577
   1480.961   1481.344   1481.728   1482.113   1482.497   1482.881   1483.265
   1483.650   1484.034   1484.419   1484.803   1485.188   1485.573   1485.958
   1486.344   1486.729   1487.114   1487.499   1487.885   1488.271   1488.656
   1489.042   1489.428   1489.814   1490.200   1490.587   1490.973   1491.359
   1491.746   1492.133   1492.519   1492.906   1493.293   1493.680   1494.067
   1494.454   1494.842   1495.229   1495.617   1496.005   1496.392   1496.780
   1497.168   1497.556   1497.944   1498.332   1498.720   1499.109   1499.498
   1499.886   1500.275   1500.664   1501.053   1501.442   1501.831   1502.220
   1502.609   1502.999   1503.389   1503.778   1504.168   1504.558   1504.948
   1505.338   1505.728   1506.118   1506.509   1506.899   1507.290   1507.681
   1508.071   1508.462   1508.853   1509.244   1509.635   1510.026   1510.418
   1510.809   1511.201   1511.593   1511.984   1512.376   1512.768   1513.160
   1513.553   1513.945   1514.337   1514.729   1515.122   1515.515   1515.908
   1516.300   1516.693   1517.087   1517.480   1517.873   1518.266   1518.660
   1519.054   1519.448   1519.841   1520.235   1520.629   1521.023   1521.418
   1521.812   1522.206   1522.601   1522.995   1523.390   1523.785   1524.180
   1524.575   1524.970   1525.365   1525.761   1526.156   1526.552   1526.947
   1527.343   1527.739   1528.135   1528.531   1528.927   1529.324   1529.720
   1530.116   1530.513   1530.910   1531.307   1531.703   1532.100   1532.497
   1532.895   1533.292   1533.689   1534.087   1534.484   1534.882   1535.280
   1535.678   1536.076   1536.474   1536.872   1537.271   1537.669   1538.067
   1538.466   1538.865   1539.264   1539.663   1540.062   1540.461   1540.860
   1541.260   1541.659   1542.058   1542.458   1542.858   1543.258   1543.658
   1544.058   1544.458   1544.858   1545.259   1545.659   1546.060   1546.460
   1546.861   1547.262   1547.663   1548.064   1548.466   1548.867   1549.269
   1549.670   1550.072   1550.473   1550.875   1551.277   1551.679   1552.081
   1552.484   1552.886   1553.289   1553.691   1554.094   1554.496   1554.900
   1555.303   1555.706   1556.109   1556.512   1556.916   1557.319   1557.723
   1558.126   1558.530   1558.934   1559.339   1559.743   1560.147   1560.551
   1560.956   1561.360   1561.765   1562.170   1562.574   1562.979   1563.385
   1563.790   1564.195   1564.600   1565.006   1565.412   1565.817   1566.223
   1566.629   1567.035   1567.442   1567.848   1568.254   1568.660   1569.067
   1569.474   1569.880   1570.287   1570.694   1571.101   1571.509   1571.916
   1572.323   1572.731   1573.139   1573.546   1573.954   1574.362   1574.770
   1575.178   1575.587   1575.995   1576.403   1576.812   1577.220   1577.630
   1578.038   1578.447   1578.856   1579.266   1579.675   1580.084   1580.494
   1580.903   1581.313   1581.723   1582.133   1582.543   1582.953   1583.364
   1583.774   1584.184   1584.595   1585.005   1585.416   1585.828   1586.238
   1586.649   1587.061   1587.472   1587.884   1588.295   1588.707   1589.118
   1589.530   1589.943   1590.354   1590.766   1591.179   1591.591   1592.004
   1592.416   1592.829   1593.242   1593.655   1594.068   1594.481   1594.894
   1595.308   1595.721   1596.135   1596.548   1596.962   1597.376   1597.790
   1598.205   1598.619   1599.033   1599.447   1599.862   1600.277   1600.691
   1601.106   1601.521   1601.936   1602.352   1602.767   1603.182   1603.598
   1604.013   1604.429   1604.845   1605.261   1605.677   1606.093   1606.510
   1606.926   1607.342   1607.759   1608.176   1608.593   1609.009   1609.426
   1609.843   1610.261   1610.678   1611.095   1611.513   1611.931   1612.348
   1612.766   1613.184   1613.602   1614.021   1614.439   1614.858   1615.276
   1615.694   1616.113   1616.532   1616.951   1617.370   1617.789   1618.209
   1618.628   1619.048   1619.467   1619.887   1620.307   1620.727   1621.147
   1621.567   1621.987   1622.408   1622.828   1623.249   1623.670   1624.090
   1624.511   1624.932   1625.354   1625.775   1626.196   1626.618   1627.039
   1627.461   1627.883   1628.305   1628.727   1629.149   1629.571   1629.994
   1630.416   1630.838   1631.261   1631.684   1632.107   1632.530   1632.953
   1633.376   1633.800   1634.223   1634.646   1635.070   1635.494   1635.918
   1636.342   1636.766   1637.190   1637.615   1638.039   1638.464   1638.888
   1639.313   1639.738   1640.163   1640.588   1641.013   1641.438   1641.864
   1642.290   1642.715   1643.141   1643.567   1643.993   1644.419   1644.845
   1645.271   1645.698   1646.124   1646.551   1646.978   1647.405   1647.832
   1648.259   1648.686   1649.113   1649.541   1649.968   1650.396   1650.824
   1651.251   1651.679   1652.107   1652.536   1652.964   1653.392   1653.821
   1654.250   1654.678   1655.107   1655.536   1655.965   1656.394   1656.824
   1657.253   1657.683   1658.112   1658.542   1658.972   1659.402   1659.832
   1660.262   1660.693   1661.123   1661.554   1661.984   1662.415   1662.846
   1663.277   1663.708   1664.139   1664.570   1665.002   1665.433   1665.865
   1666.297   1666.729   1667.161   1667.593   1668.025   1668.457   1668.890
   1669.322   1669.755   1670.188   1670.621   1671.053   1671.486   1671.920
   1672.353   1672.787   1673.220   1673.654   1674.088   1674.522   1674.956
   1675.390   1675.824   1676.258   1676.693   1677.127   1677.562   1677.997
   1678.432   1678.867   1679.302   1679.737   1680.172   1680.608   1681.044
   1681.479   1681.915   1682.351   1682.787   1683.223   1683.659   1684.096
   1684.532   1684.969   1685.406   1685.842   1686.279   1686.716   1687.153
   1687.591   1688.028   1688.466   1688.903   1689.341   1689.779   1690.217
   1690.655   1691.093   1691.531   1691.970   1692.408   1692.847   1693.286
   1693.725   1694.164   1694.603   1695.042   1695.481   1695.921   1696.360
   1696.800   1697.240   1697.679   1698.120   1698.560   1699.000   1699.440
   1699.881   1700.321   1700.762   1701.203   1701.644   1702.085   1702.526
   1702.967   1703.409   1703.850   1704.292   1704.733   1705.176   1705.617
   1706.059   1706.501   1706.944   1707.386   1707.829   1708.271   1708.714
   1709.157   1709.600   1710.043   1710.486   1710.929   1711.373   1711.817
   1712.260   1712.704   1713.148   1713.592   1714.036   1714.480   1714.925
   1715.369   1715.814   1716.259   1716.703   1717.148   1717.593   1718.038
   1718.484   1718.929   1719.375   1719.820   1720.266   1720.712   1721.158
   1721.604   1722.050   1722.496   1722.943   1723.390   1723.836   1724.283
   1724.730   1725.177   1725.624   1726.071   1726.519   1726.966   1727.414
   1727.861   1728.309   1728.757   1729.205   1729.654   1730.102   1730.550
   1730.999   1731.447   1731.896   1732.345   1732.794   1733.243   1733.692
   1734.142   1734.591   1735.041   1735.490   1735.940   1736.390   1736.840
   1737.290   1737.740   1738.191   1738.642   1739.092   1739.543   1739.994
   1740.445   1740.896   1741.347   1741.798   1742.250   1742.701   1743.153
   1743.605   1744.057   1744.509   1744.961   1745.413   1745.865   1746.318
   1746.771   1747.223   1747.676   1748.129   1748.582   1749.035   1749.489
   1749.943   1750.396   1750.849   1751.303   1751.757   1752.211   1752.665
   1753.120   1753.574   1754.028   1754.483   1754.938   1755.392   1755.848
   1756.303   1756.758   1757.213   1757.668   1758.124   1758.580   1759.036
   1759.492   1759.948   1760.404   1760.860   1761.317   1761.773   1762.229
   1762.686   1763.143   1763.600   1764.057   1764.514   1764.972   1765.429
   1765.887   1766.344   1766.802   1767.260   1767.718   1768.177   1768.635
   1769.093   1769.552   1770.010   1770.469   1770.928   1771.387   1771.846
   1772.305   1772.765   1773.224   1773.683   1774.143   1774.603   1775.063
   1775.523   1775.983   1776.443   1776.904   1777.365   1777.825   1778.286
   1778.747   1779.208   1779.669   1780.130   1780.592   1781.053   1781.515
   1781.977   1782.438   1782.900   1783.362   1783.825   1784.287   1784.750
   1785.212   1785.675   1786.138   1786.601   1787.064   1787.527   1787.990
   1788.453   1788.917   1789.381   1789.844   1790.308   1790.772   1791.237
   1791.701   1792.165   1792.630   1793.094   1793.559   1794.024   1794.489
   1794.954   1795.419   1795.885   1796.350   1796.815   1797.281   1797.747
   1798.213   1798.679   1799.145   1799.611   1800.078   1800.545   1801.011
   1801.478   1801.945   1802.412   1802.879   1803.346   1803.814   1804.281
   1804.749   1805.217   1805.684   1806.152   1806.620   1807.089   1807.557
   1808.026   1808.494   1808.963   1809.432   1809.901   1810.370   1810.839
   1811.308   1811.778   1812.248   1812.717   1813.187   1813.657   1814.127
   1814.598   1815.068   1815.538   1816.009   1816.479   1816.950   1817.421
   1817.892   1818.363   1818.834   1819.306   1819.777   1820.249   1820.721
   1821.193   1821.665   1822.137   1822.609   1823.082   1823.554   1824.027
   1824.500   1824.972   1825.445   1825.918   1826.392   1826.865   1827.339
   1827.812   1828.286   1828.760   1829.234   1829.708   1830.182   1830.656
   1831.131   1831.606   1832.080   1832.555   1833.030   1833.505   1833.980
   1834.456   1834.931   1835.407   1835.883   1836.358   1836.834   1837.310
   1837.786   1838.263   1838.739   1839.216   1839.692   1840.169   1840.647
   1841.123   1841.600   1842.078   1842.555   1843.033   1843.511   1843.988
   1844.466   1844.944   1845.423   1845.901   1846.379   1846.858   1847.337
   1847.816   1848.294   1848.773   1849.252   1849.732   1850.211   1850.691
   1851.170   1851.650   1852.130   1852.610   1853.090   1853.570   1854.051
   1854.531   1855.012   1855.493   1855.974   1856.455   1856.936   1857.418
   1857.899   1858.380   1858.862   1859.344   1859.826   1860.308   1860.790
   1861.272   1861.755   1862.237   1862.720   1863.202   1863.685   1864.168
   1864.652   1865.135   1865.618   1866.102   1866.585   1867.069   1867.553
   1868.037   1868.521   1869.006   1869.490   1869.975   1870.459   1870.944
   1871.429   1871.914   1872.399   1872.884   1873.370   1873.855   1874.341
   1874.827   1875.313   1875.799   1876.285   1876.772   1877.258   1877.744
   1878.231   1878.718   1879.205   1879.692   1880.179   1880.666   1881.154
   1881.641   1882.129   1882.617   1883.105   1883.593   1884.081   1884.569
   1885.058   1885.546   1886.035   1886.524   1887.013   1887.502   1887.991
   1888.480   1888.970   1889.459   1889.949   1890.439   1890.929   1891.419
   1891.909   1892.400   1892.890   1893.381   1893.872   1894.362   1894.853
   1895.344   1895.836   1896.327   1896.818   1897.310   1897.802   1898.294
   1898.786   1899.278   1899.770   1900.262   1900.755   1901.248   1901.740
   1902.233   1902.726   1903.220   1903.713   1904.206   1904.700   1905.193
   1905.687   1906.181   1906.675   1907.169   1907.664   1908.158   1908.653
   1909.147   1909.642   1910.137   1910.632   1911.128   1911.623   1912.118
   1912.614   1913.109   1913.606   1914.101   1914.597   1915.094   1915.590
   1916.087   1916.583   1917.080   1917.577   1918.074   1918.571   1919.068
   1919.565   1920.063   1920.561   1921.059   1921.556   1922.054   1922.552
   1923.051   1923.550   1924.048   1924.546   1925.045   1925.544   1926.044
   1926.542   1927.042   1927.541   1928.041   1928.541   1929.040   1929.540
   1930.040   1930.541   1931.041   1931.542   1932.042   1932.543   1933.044
   1933.545   1934.046   1934.547   1935.048   1935.550   1936.052   1936.554
   1937.055   1937.557   1938.060   1938.562   1939.065   1939.567   1940.070
   1940.573   1941.076   1941.579   1942.082   1942.585   1943.089   1943.593
   1944.096   1944.600   1945.104   1945.608   1946.113   1946.617   1947.121
   1947.626   1948.131   1948.636   1949.141   1949.646   1950.151   1950.657
   1951.163   1951.668   1952.174   1952.680   1953.186   1953.692   1954.198
   1954.705   1955.212   1955.718   1956.225   1956.732   1957.239   1957.747
   1958.254   1958.762   1959.269   1959.777   1960.285   1960.793   1961.302
   1961.810   1962.318   1962.827   1963.335   1963.845   1964.353   1964.862
   1965.372   1965.881   1966.391   1966.900   1967.410   1967.920   1968.430
   1968.941   1969.451   1969.961   1970.471   1970.982   1971.493   1972.004
   1972.515   1973.026   1973.538   1974.050   1974.561   1975.073   1975.584
   1976.097   1976.609   1977.121   1977.634   1978.146   1978.659   1979.172
   1979.685   1980.198   1980.711   1981.224   1981.738   1982.251   1982.765
   1983.279   1983.793   1984.308   1984.822   1985.336   1985.850   1986.365
   1986.880   1987.395   1987.910   1988.425   1988.941   1989.457   1989.972
   1990.488   1991.004   1991.520   1992.036   1992.552   1993.068   1993.585
   1994.102   1994.619   1995.136   1995.653   1996.170   1996.687   1997.205
   1997.723   1998.240   1998.758   1999.276   1999.795   2000.313   2000.831
   2001.350   2001.868   2002.388   2002.906   2003.425   2003.944   2004.464
   2004.984   2005.503   2006.023   2006.543   2007.063   2007.583   2008.104
   2008.624   2009.144   2009.665   2010.187   2010.707   2011.228   2011.750
   2012.271   2012.793   2013.314   2013.836   2014.358   2014.880   2015.403
   2015.925   2016.447   2016.970   2017.493   2018.016   2018.538   2019.062
   2019.585   2020.108   2020.632   2021.156   2021.679   2022.203   2022.728
   2023.252   2023.776   2024.301   2024.825   2025.350   2025.875   2026.400
   2026.925   2027.451   2027.976   2028.502   2029.028   2029.553   2030.079
   2030.606   2031.132   2031.658   2032.185   2032.712   2033.239   2033.766
   2034.293   2034.820   2035.347   2035.875   2036.403   2036.930   2037.458
   2037.986   2038.515   2039.043   2039.571   2040.100   2040.629   2041.158
   2041.687   2042.216   2042.745   2043.275   2043.804   2044.334   2044.864
   2045.394   2045.924   2046.454   2046.985   2047.515   2048.046   2048.576
   2049.107   2049.639   2050.170   2050.701   2051.233   2051.764   2052.296
   2052.828   2053.360   2053.892   2054.425   2054.958   2055.490   2056.022
   2056.555   2057.088   2057.622   2058.155   2058.688   2059.222   2059.756
   2060.290   2060.823   2061.357   2061.892   2062.426   2062.961   2063.496
   2064.030   2064.565   2065.100   2065.636   2066.171   2066.706   2067.242
   2067.778   2068.314   2068.850   2069.386   2069.922   2070.459   2070.996
   2071.532   2072.069   2072.606   2073.144   2073.681   2074.218   2074.756
   2075.293   2075.832   2076.370   2076.908   2077.446   2077.984   2078.523
   2079.062   2079.601   2080.139   2080.678   2081.218   2081.758   2082.297
   2082.836   2083.376   2083.917   2084.457   2084.997   2085.537   2086.078
   2086.618   2087.159   2087.700   2088.241   2088.782   2089.324   2089.866
   2090.407   2090.949   2091.490   2092.033   2092.575   2093.117   2093.660
   2094.202   2094.745   2095.289   2095.831   2096.375   2096.918   2097.461
   2098.005   2098.549   2099.093   2099.637   2100.181   2100.726   2101.270
   2101.814   2102.359   2102.904   2103.449   2103.994   2104.539   2105.085
   2105.631   2106.177   2106.722   2107.268   2107.814   2108.361   2108.907
   2109.454   2110.000   2110.547   2111.094   2111.642   2112.189   2112.736
   2113.284   2113.832   2114.380   2114.927   2115.475   2116.024   2116.572
   2117.121   2117.670   2118.218   2118.767   2119.317   2119.866   2120.415
   2120.965   2121.514   2122.064   2122.615   2123.165   2123.715   2124.265
   2124.816   2125.367   2125.917   2126.469   2127.020   2127.571   2128.123
   2128.674   2129.226   2129.777   2130.330   2130.882   2131.434   2131.986
   2132.539   2133.092   2133.645   2134.198   2134.750   2135.304   2135.857
   2136.411   2136.965   2137.518   2138.073   2138.627   2139.181   2139.735
   2140.290   2140.844   2141.400   2141.955   2142.510   2143.065   2143.620
   2144.176   2144.732   2145.288   2145.844   2146.400   2146.956   2147.513
   2148.069   2148.626   2149.183   2149.740   2150.297   2150.854   2151.412
   2151.969   2152.527   2153.085   2153.643   2154.201   2154.760   2155.318
   2155.877   2156.436   2156.994   2157.553   2158.113   2158.672   2159.232
   2159.791   2160.351   2160.911   2161.471   2162.031   2162.591   2163.152
   2163.713   2164.274   2164.834   2165.396   2165.957   2166.518   2167.080
   2167.641   2168.203   2168.765   2169.327   2169.890   2170.452   2171.014
   2171.577   2172.140   2172.703   2173.266   2173.829   2174.393   2174.956
   2175.520   2176.084   2176.648   2177.212   2177.776   2178.341   2178.905
   2179.470   2180.035   2180.600   2181.165   2181.730   2182.296   2182.861
   2183.427   2183.993   2184.559   2185.125   2185.692   2186.258   2186.825
   2187.392   2187.958   2188.526   2189.093   2189.661   2190.228   2190.795
   2191.363   2191.931   2192.500   2193.068   2193.636   2194.205   2194.773
   2195.343   2195.911   2196.480   2197.049   2197.619   2198.189   2198.758
   2199.328   2199.898   2200.469   2201.039   2201.609   2202.180   2202.750
   2203.322   2203.893   2204.464   2205.035   2205.606   2206.178   2206.750
   2207.322   2207.894   2208.466   2209.039   2209.612   2210.184   2210.757
   2211.330   2211.903   2212.477   2213.050   2213.623   2214.197   2214.771
   2215.345   2215.919   2216.493   2217.068   2217.643   2218.218   2218.792
   2219.367   2219.942   2220.518   2221.094   2221.669   2222.245   2222.821
   2223.397   2223.974   2224.550   2225.126   2225.703   2226.280   2226.857
   2227.434   2228.011   2228.589   2229.167   2229.744   2230.322   2230.900
   2231.478   2232.057   2232.635   2233.214   2233.792   2234.372   2234.951
   2235.530   2236.109   2236.689   2237.269   2237.848   2238.429   2239.009
   2239.589   2240.169   2240.750   2241.331   2241.912   2242.493   2243.074
   2243.656   2244.237   2244.819   2245.400   2245.982   2246.564   2247.147
   2247.729   2248.312   2248.894   2249.477   2250.061   2250.644   2251.227
   2251.810   2252.394   2252.978   2253.562   2254.146   2254.730   2255.314
   2255.899   2256.484   2257.068   2257.653   2258.239   2258.824   2259.409
   2259.995   2260.581   2261.167   2261.753   2262.339   2262.925   2263.512
   2264.098   2264.686   2265.272   2265.859   2266.446   2267.034   2267.622
   2268.209   2268.797   2269.385   2269.973   2270.562   2271.150   2271.739
   2272.327   2272.917   2273.506   2274.095   2274.684   2275.274   2275.864
   2276.454   2277.043   2277.634   2278.224   2278.814   2279.406   2279.996
   2280.587   2281.178   2281.769   2282.361   2282.952   2283.544   2284.135
   2284.728   2285.320   2285.912   2286.504   2287.097   2287.690   2288.283
   2288.876   2289.469   2290.063   2290.656   2291.250   2291.844   2292.438
   2293.032   2293.626   2294.221   2294.815   2295.410   2296.005   2296.600
   2297.196   2297.791   2298.386   2298.982   2299.578   2300.174   2300.770
   2301.366   2301.963   2302.559   2303.156   2303.753   2304.350   2304.947
   2305.545   2306.143   2306.740   2307.338   2307.936   2308.534   2309.133
   2309.731   2310.330   2310.928   2311.527   2312.127   2312.726   2313.325
   2313.925   2314.524   2315.125   2315.724   2316.324   2316.925   2317.525
   2318.126   2318.727   2319.328   2319.929   2320.530   2321.132   2321.733
   2322.335   2322.937   2323.539   2324.142   2324.744   2325.346   2325.949
   2326.552   2327.155   2327.758   2328.361   2328.965   2329.568   2330.172
   2330.776   2331.380   2331.984   2332.589   2333.194   2333.798   2334.403
   2335.008   2335.613   2336.219   2336.824   2337.430   2338.035   2338.642
   2339.248   2339.854   2340.460   2341.067   2341.674   2342.281   2342.888
   2343.495   2344.102   2344.710   2345.318   2345.926   2346.533   2347.142
   2347.750   2348.359   2348.967   2349.576   2350.185   2350.794   2351.404
   2352.013   2352.622   2353.232   2353.842   2354.452   2355.063   2355.673
   2356.283   2356.894   2357.505   2358.116   2358.727   2359.338   2359.950
   2360.562   2361.173   2361.785   2362.397   2363.010   2363.623   2364.235
   2364.847   2365.460   2366.074   2366.687   2367.300   2367.914   2368.528
   2369.142   2369.756   2370.370   2370.984   2371.598   2372.213   2372.828
   2373.443   2374.058   2374.673   2375.289   2375.905   2376.521   2377.136
   2377.752   2378.369   2378.986   2379.602   2380.219   2380.835   2381.453
   2382.070   2382.687   2383.305   2383.922   2384.540   2385.159   2385.777
   2386.395   2387.013   2387.632   2388.251   2388.870   2389.489   2390.108
   2390.728   2391.348   2391.967   2392.587   2393.207   2393.828   2394.448
   2395.069   2395.689   2396.310   2396.931   2397.553   2398.174   2398.795
   2399.417   2400.039   2400.662   2401.283   2401.906   2402.528   2403.151
   2403.774   2404.397   2405.020   2405.643   2406.267   2406.891   2407.514
   2408.138   2408.762   2409.387   2410.012   2410.636   2411.260   2411.885
   2412.511   2413.136   2413.762   2414.387   2415.013   2415.639   2416.265
   2416.891   2417.518   2418.144   2418.771   2419.398   2420.025   2420.652
   2421.279   2421.907   2422.535   2423.163   2423.791   2424.419   2425.047
   2425.676   2426.304   2426.933   2427.562   2428.192   2428.821   2429.450
   2430.080   2430.710   2431.340   2431.970   2432.600   2433.231   2433.861
   2434.492   2435.124   2435.754   2436.385   2437.017   2437.649   2438.281
   2438.913   2439.545   2440.177   2440.810   2441.442   2442.075   2442.708
   2443.341   2443.974   2444.608   2445.241   2445.875   2446.509   2447.143
   2447.778   2448.412   2449.046   2449.681   2450.316   2450.951   2451.586
   2452.221   2452.857   2453.493   2454.129   2454.765   2455.401   2456.037
   2456.674   2457.311   2457.948   2458.585   2459.222   2459.860   2460.497
   2461.135   2461.772   2462.410   2463.049   2463.688   2464.326   2464.964
   2465.603   2466.242   2466.882   2467.521   2468.160   2468.800   2469.440
   2470.081   2470.720   2471.361   2472.001   2472.642   2473.283   2473.924
   2474.565   2475.206   2475.848   2476.490   2477.132   2477.773   2478.416
   2479.058   2479.701   2480.343   2480.986   2481.629   2482.272   2482.916
   2483.559   2484.203   2484.847   2485.491   2486.135   2486.779   2487.424
   2488.069   2488.713   2489.359   2490.004   2490.649   2491.294   2491.940
   2492.586   2493.232   2493.878   2494.525   2495.171   2495.818   2496.465
   2497.112   2497.759   2498.406   2499.054   2499.702   2500.350   2500.998
   2501.646   2502.295   2502.943   2503.591   2504.240   2504.889   2505.539
   2506.188   2506.837   2507.487   2508.137   2508.788   2509.438   2510.088
   2510.738   2511.389   2512.041   2512.691   2513.342   2513.994   2514.646
   2515.298   2515.949   2516.601   2517.253   2517.906   2518.559   2519.211
   2519.864   2520.517   2521.171   2521.824   2522.478   2523.131   2523.785
   2524.440   2525.094   2525.748   2526.403   2527.058   2527.713   2528.368
   2529.023   2529.678   2530.334   2530.990   2531.646   2532.302   2532.958
   2533.615   2534.272   2534.929   2535.586   2536.243   2536.900   2537.558
   2538.216   2538.873   2539.531   2540.189   2540.848   2541.507   2542.165
   2542.824   2543.483   2544.142   2544.802   2545.461   2546.121   2546.781
   2547.441   2548.102   2548.762   2549.422   2550.083   2550.744   2551.405
   2552.066   2552.728   2553.389   2554.051   2554.713   2555.375   2556.037
   2556.700   2557.363   2558.026   2558.688   2559.352   2560.015   2560.678
   2561.343   2562.006   2562.670   2563.334   2563.999   2564.664   2565.328
   2565.993   2566.658   2567.323   2567.989   2568.654   2569.320   2569.986
   2570.652   2571.319   2571.985   2572.651   2573.318   2573.985   2574.652
   2575.319   2575.987   2576.654   2577.322   2577.990   2578.658   2579.327
   2579.995   2580.664   2581.333   2582.002   2582.671   2583.340   2584.010
   2584.680   2585.350   2586.020   2586.690   2587.360   2588.031   2588.702
   2589.373   2590.044   2590.715   2591.387   2592.058   2592.730   2593.402
   2594.074   2594.747   2595.419   2596.092   2596.764   2597.438   2598.111
   2598.784   2599.458   2600.131   2600.805   2601.480   2602.154   2602.828
   2603.503   2604.177   2604.853   2605.528   2606.203   2606.878   2607.554
   2608.230   2608.906   2609.582   2610.258   2610.935   2611.612   2612.289
   2612.966   2613.643   2614.320   2614.998   2615.676   2616.354   2617.031
   2617.710   2618.389   2619.067   2619.746   2620.425   2621.104   2621.784
   2622.463   2623.143   2623.823   2624.503   2625.183   2625.863   2626.544
   2627.224   2627.906   2628.587   2629.268   2629.949   2630.631   2631.313
   2631.995   2632.677   2633.359   2634.042   2634.725   2635.408   2636.091
   2636.773   2637.457   2638.141   2638.825   2639.508   2640.192   2640.877
   2641.561   2642.246   2642.931   2643.615   2644.301   2644.986   2645.672
   2646.357   2647.043   2647.729   2648.416   2649.103   2649.789   2650.475
   2651.162   2651.850   2652.537   2653.224   2653.912   2654.600   2655.288
   2655.977   2656.665   2657.353   2658.042   2658.731   2659.420   2660.109
   2660.798   2661.488   2662.178   2662.868   2663.558   2664.248   2664.939
   2665.630   2666.321   2667.012   2667.703   2668.394   2669.086   2669.778
   2670.470   2671.162   2671.854   2672.547   2673.240   2673.932   2674.625
   2675.318   2676.012   2676.706   2677.399   2678.093   2678.787   2679.481
   2680.176   2680.871   2681.565   2682.260   2682.956   2683.651   2684.347
   2685.042   2685.738   2686.434   2687.131   2687.827   2688.523   2689.220
   2689.917   2690.615   2691.312   2692.010   2692.707   2693.405   2694.104
   2694.802   2695.500   2696.198   2696.897   2697.597   2698.296   2698.995
   2699.694   2700.394   2701.094   2701.794   2702.494   2703.195   2703.896
   2704.597   2705.297   2705.998   2706.700   2707.401   2708.104   2708.805
   2709.507   2710.209   2710.912   2711.615   2712.317   2713.020   2713.723
   2714.427   2715.131   2715.834   2716.538   2717.242   2717.946   2718.651
   2719.355   2720.060   2720.765   2721.470   2722.176   2722.881   2723.587
   2724.292   2724.999   2725.705   2726.412   2727.118   2727.825   2728.532
   2729.240   2729.947   2730.654   2731.362   2732.070   2732.778   2733.486
   2734.194   2734.903   2735.612   2736.322   2737.030   2737.740   2738.449
   2739.159   2739.869   2740.579   2741.289   2742.000   2742.711   2743.422
   2744.133   2744.844   2745.555   2746.267   2746.979   2747.690   2748.402
   2749.115   2749.827   2750.541   2751.253   2751.966   2752.679   2753.393
   2754.107   2754.820   2755.534   2756.248   2756.963   2757.678   2758.392
   2759.107   2759.822   2760.538   2761.253   2761.969   2762.684   2763.400
   2764.117   2764.833   2765.550   2766.266   2766.983   2767.701   2768.418
   2769.135   2769.853   2770.571   2771.289   2772.008   2772.726   2773.444
   2774.163   2774.882   2775.602   2776.321   2777.040   2777.760   2778.480
   2779.201   2779.921   2780.641   2781.362   2782.083   2782.804   2783.525
   2784.246   2784.968   2785.690   2786.412   2787.134   2787.856   2788.579
   2789.302   2790.025   2790.748   2791.471   2792.195   2792.918   2793.643
   2794.366   2795.091   2795.815   2796.540   2797.265   2797.990   2798.715
   2799.440   2800.166   2800.892   2801.617   2802.343   2803.070   2803.796
   2804.523   2805.250   2805.977   2806.704   2807.432   2808.160   2808.887
   2809.615   2810.343   2811.072   2811.801   2812.529   2813.258   2813.987
   2814.717   2815.447   2816.176   2816.906   2817.635   2818.366   2819.097
   2819.827   2820.558   2821.289   2822.020   2822.752   2823.483   2824.215
   2824.947   2825.679   2826.412   2827.144   2827.877   2828.610   2829.343
   2830.077   2830.810   2831.543   2832.277   2833.011   2833.746   2834.480
   2835.215   2835.949   2836.685   2837.420   2838.156   2838.891   2839.627
   2840.363   2841.099   2841.835   2842.572   2843.308   2844.045   2844.783
   2845.520   2846.257   2846.995   2847.733   2848.471   2849.209   2849.948
   2850.686   2851.425   2852.165   2852.904   2853.643   2854.383   2855.123
   2855.863   2856.603   2857.343   2858.083   2858.824   2859.566   2860.306
   2861.048   2861.789   2862.531   2863.273   2864.015   2864.757   2865.500
   2866.243   2866.986   2867.729   2868.472   2869.215   2869.959   2870.703
   2871.447   2872.191   2872.935   2873.680   2874.425   2875.170   2875.915
   2876.660   2877.406   2878.152   2878.898   2879.644   2880.390   2881.137
   2881.884   2882.631   2883.377   2884.125   2884.873   2885.621   2886.368
   2887.116   2887.864   2888.613   2889.362   2890.111   2890.859   2891.609
   2892.358   2893.108   2893.858   2894.608   2895.358   2896.108   2896.860
   2897.610   2898.361   2899.112   2899.864   2900.615   2901.367   2902.119
   2902.871   2903.623   2904.376   2905.129   2905.882   2906.635   2907.388
   2908.142   2908.896   2909.649   2910.403   2911.158   2911.913   2912.667
   2913.422   2914.177   2914.932   2915.688   2916.444   2917.199   2917.955
   2918.712   2919.469   2920.225   2920.982   2921.739   2922.496   2923.254
   2924.011   2924.769   2925.527   2926.285   2927.044   2927.802   2928.561
   2929.320   2930.080   2930.840   2931.599   2932.358   2933.118   2933.879
   2934.640   2935.400   2936.160   2936.921   2937.683   2938.445   2939.206
   2939.967   2940.729   2941.492   2942.254   2943.017   2943.779   2944.542
   2945.306   2946.069   2946.833   2947.596   2948.360   2949.125   2949.889
   2950.653   2951.418   2952.183   2952.948   2953.714   2954.479   2955.245
   2956.011   2956.777   2957.544   2958.310   2959.076   2959.844   2960.611
   2961.378   2962.146   2962.913   2963.681   2964.449   2965.218   2965.986
   2966.755   2967.524   2968.293   2969.063   2969.832   2970.601   2971.371
   2972.142   2972.912   2973.683   2974.453   2975.224   2975.995   2976.767
   2977.538   2978.310   2979.082   2979.854   2980.627   2981.399   2982.171
   2982.944   2983.718   2984.491   2985.264   2986.038   2986.812   2987.586
   2988.361   2989.135   2989.910   2990.685   2991.460   2992.236   2993.011
   2993.786   2994.562   2995.338   2996.115   2996.891   2997.668   2998.445
