  species    A      yield       mass(i)_lost    mass(i)_0        <X(i)>          X0(i)   log10(<X(i)>/X0(i)) 
      n      1   0.0000000E+00  0.0000000E+00  0.0000000E+00  0.0000000E+00  0.0000000E+00  0.0000000E+00
      p      1  -3.1017423E-02  7.8171796E-01  8.1273538E-01  7.0488548E-01  7.3292029E-01 -1.6938169E-02
      d      2   5.1827150E-18  5.1827150E-18  0.0000000E+00  4.6733231E-18  0.0000000E+00  0.0000000E+00
    he3      3   2.7490075E-04  2.7490075E-04  0.0000000E+00  2.4788166E-04  0.0000000E+00  0.0000000E+00
    he4      4   2.5303304E-02  3.1358600E-01  2.8828269E-01  2.8276464E-01  2.5997174E-01  3.6498949E-02
    li7      7  -3.3222818E-09  1.7226649E-09  5.0449467E-09  1.5533498E-09  4.5495052E-09 -4.6669489E-01
    be7      7   6.8356613E-18  6.8356613E-18  0.0000000E+00  6.1638066E-18  0.0000000E+00  0.0000000E+00
     b8      8   4.4095789E-28  4.4095789E-28  0.0000000E+00  3.9761758E-28  0.0000000E+00  0.0000000E+00
    c12     12   3.9817123E-03  5.3707245E-03  1.3890124E-03  4.8428536E-03  1.2526038E-03  5.8728760E-01
    c13     13   2.5153689E-05  4.1985793E-05  1.6832104E-05  3.7859147E-05  1.5179100E-05  3.9692479E-01
    c14     14   4.1145962E-09  4.1145962E-09  0.0000000E+00  3.7101862E-09  0.0000000E+00  0.0000000E+00
    n13     13   0.0000000E+00  0.0000000E+00  0.0000000E+00  0.0000000E+00  0.0000000E+00  0.0000000E+00
    n14     14   5.5529951E-04  9.6597371E-04  4.1067420E-04  8.7103131E-04  3.7034374E-04  3.7142879E-01
    n15     15  -4.4370165E-07  5.6783801E-07  1.0115397E-06  5.1202710E-07  9.1220090E-07 -2.5079757E-01
    o14     14   0.0000000E+00  0.0000000E+00  0.0000000E+00  0.0000000E+00  0.0000000E+00  0.0000000E+00
    o15     15   0.0000000E+00  0.0000000E+00  0.0000000E+00  0.0000000E+00  0.0000000E+00  0.0000000E+00
    o16     16   2.2112415E-04  3.5752268E-03  3.3541026E-03  3.2238294E-03  3.0247113E-03  2.7688131E-02
    o17     17   1.0345678E-05  1.1699620E-05  1.3539418E-06  1.0549703E-05  1.2209773E-06  9.3653262E-01
    o18     18  -2.1719966E-06  5.3747335E-06  7.5467301E-06  4.8464685E-06  6.8055997E-06 -1.4744100E-01
    o19     19   0.0000000E+00  0.0000000E+00  0.0000000E+00  0.0000000E+00  0.0000000E+00  0.0000000E+00
    f17     17   0.0000000E+00  0.0000000E+00  0.0000000E+00  0.0000000E+00  0.0000000E+00  0.0000000E+00
    f18     18   0.0000000E+00  0.0000000E+00  0.0000000E+00  0.0000000E+00  0.0000000E+00  0.0000000E+00
    f19     19   5.8883523E-07  8.0616047E-07  2.1732522E-07  7.2692558E-07  1.9598269E-07  5.6927228E-01
    f20     20   0.0000000E+00  0.0000000E+00  0.0000000E+00  0.0000000E+00  0.0000000E+00  0.0000000E+00
   ne19     19   0.0000000E+00  0.0000000E+00  0.0000000E+00  0.0000000E+00  0.0000000E+00  0.0000000E+00
   ne20     20   7.3312549E-07  6.8876403E-04  6.8803091E-04  6.2106765E-04  6.2046252E-04  4.2333981E-04
   ne21     21   1.8009882E-07  1.9118738E-06  1.7317750E-06  1.7239620E-06  1.5617053E-06  4.2928591E-02
   ne22     22   6.3032733E-04  6.8597787E-04  5.5650533E-05  6.1855535E-04  5.0185346E-05  1.0908016E+00
   ne23     23   0.0000000E+00  0.0000000E+00  0.0000000E+00  0.0000000E+00  0.0000000E+00  0.0000000E+00
   na21     21   0.0000000E+00  0.0000000E+00  0.0000000E+00  0.0000000E+00  0.0000000E+00  0.0000000E+00
   na22     22   4.3621841E-28  4.3621841E-28  0.0000000E+00  3.9334394E-28  0.0000000E+00  0.0000000E+00
   na23     23   1.0537171E-05  2.9162504E-05  1.8625333E-05  2.6296217E-05  1.6796224E-05  1.9468161E-01
   na24     24   0.0000000E+00  0.0000000E+00  0.0000000E+00  0.0000000E+00  0.0000000E+00  0.0000000E+00
   mg23     23   0.0000000E+00  0.0000000E+00  0.0000000E+00  0.0000000E+00  0.0000000E+00  0.0000000E+00
   mg24     24   2.6515627E-06  3.3085473E-04  3.2820317E-04  2.9833612E-04  2.9597184E-04  3.4554545E-03
   mg25     25   5.5867349E-07  4.3839882E-05  4.3281208E-05  3.9531005E-05  3.9030758E-05  5.5308910E-03
   mg26     26  -6.9972884E-08  4.9488703E-05  4.9558676E-05  4.4624619E-05  4.4691740E-05 -6.5273902E-04
   mg27     27   0.0000000E+00  0.0000000E+00  0.0000000E+00  0.0000000E+00  0.0000000E+00  0.0000000E+00
   al25     25   0.0000000E+00  0.0000000E+00  0.0000000E+00  0.0000000E+00  0.0000000E+00  0.0000000E+00
   al-6     26   0.0000000E+00  0.0000000E+00  0.0000000E+00  0.0000000E+00  0.0000000E+00  0.0000000E+00
   al*6     26   0.0000000E+00  0.0000000E+00  0.0000000E+00  0.0000000E+00  0.0000000E+00  0.0000000E+00
   al27     27   1.2215605E-06  3.2824602E-05  3.1603042E-05  2.9598379E-05  2.8499451E-05  1.6431456E-02
   al28     28   0.0000000E+00  0.0000000E+00  0.0000000E+00  0.0000000E+00  0.0000000E+00  0.0000000E+00
   si27     27   0.0000000E+00  0.0000000E+00  0.0000000E+00  0.0000000E+00  0.0000000E+00  0.0000000E+00
   si28     28   1.5637488E-07  3.6356330E-04  3.6340693E-04  3.2782985E-04  3.2771836E-04  1.4773199E-04
   si29     29   2.1256710E-08  1.9133955E-05  1.9112698E-05  1.7253342E-05  1.7235727E-05  4.4361418E-04
   si30     30   1.2885903E-07  1.3162119E-05  1.3033260E-05  1.1868457E-05  1.1753322E-05  4.2336565E-03
    p31     31   2.3051007E-07  3.8590078E-06  3.6284978E-06  3.4797185E-06  3.2721596E-06  2.6709618E-02
    p32     32   0.0000000E+00  0.0000000E+00  0.0000000E+00  0.0000000E+00  0.0000000E+00  0.0000000E+00
    p33     33   0.0000000E+00  0.0000000E+00  0.0000000E+00  0.0000000E+00  0.0000000E+00  0.0000000E+00
    s32     32  -2.3307803E-07  1.7391451E-04  1.7414759E-04  1.5682103E-04  1.5704533E-04 -6.2072300E-04
    s33     33   2.3300913E-08  1.4610757E-06  1.4377748E-06  1.3174714E-06  1.2965775E-06  6.9427397E-03
    s34     34   3.2597200E-08  8.3943141E-06  8.3617169E-06  7.5692647E-06  7.5405505E-06  1.6506104E-03
    s35     35   0.0000000E+00  0.0000000E+00  0.0000000E+00  0.0000000E+00  0.0000000E+00  0.0000000E+00
    s36     36   8.3025284E-09  4.9577736E-08  4.1275207E-08  4.4704901E-08  3.7221753E-08  7.9558298E-02
   cl35     35  -6.9650241E-09  1.7794700E-06  1.7864351E-06  1.6045718E-06  1.6109974E-06 -1.7356750E-03
   cl36     36   0.0000000E+00  0.0000000E+00  0.0000000E+00  0.0000000E+00  0.0000000E+00  0.0000000E+00
   cl37     37   7.7013397E-08  6.8059143E-07  6.0357803E-07  6.1369832E-07  5.4430336E-07  5.2113909E-02
   ar36     36  -1.3047611E-07  3.3135570E-05  3.3266046E-05  2.9878784E-05  2.9999139E-05 -1.7458632E-03
   ar37     37   0.0000000E+00  0.0000000E+00  0.0000000E+00  0.0000000E+00  0.0000000E+00  0.0000000E+00
   ar38     38   4.3173259E-08  6.4276815E-06  6.3845082E-06  5.7959255E-06  5.7575144E-06  2.8877426E-03
   ar39     39   2.2176137E-12  2.2176137E-12  0.0000000E+00  1.9996517E-12  0.0000000E+00  0.0000000E+00
   ar40     40   9.0194527E-09  1.9768184E-08  1.0748731E-08  1.7825233E-08  9.6931458E-09  2.6457047E-01
    k39     39   8.6180307E-09  1.7405412E-06  1.7319231E-06  1.5694691E-06  1.5618388E-06  2.1165516E-03
    k40     40  -2.8036548E-10  0.0000000E+00  2.8036548E-10  0.0000000E+00  2.5283206E-10  0.0000000E+00
    k41     41   1.0109900E-08  1.4150510E-07  1.3139520E-07  1.2759702E-07  1.1849146E-07  3.2153457E-02
   ca40     40  -9.4225470E-08  2.9891607E-05  2.9985833E-05  2.6953659E-05  2.7041060E-05 -1.4059659E-03
   ca41     41   0.0000000E+00  0.0000000E+00  0.0000000E+00  0.0000000E+00  0.0000000E+00  0.0000000E+00
   ca42     42   7.2972313E-09  2.1744100E-07  2.1014377E-07  1.9606944E-07  1.8950651E-07  1.4785794E-02
   ca43     43   1.4556640E-09  4.6346436E-08  4.4890772E-08  4.1791196E-08  4.0482252E-08  1.3820119E-02
   ca44     44   7.5617663E-09  7.1735360E-07  7.0979183E-07  6.4684730E-07  6.4008640E-07  4.5631444E-03
   ca45     45   0.0000000E+00  0.0000000E+00  0.0000000E+00  0.0000000E+00  0.0000000E+00  0.0000000E+00
   ca46     46   6.6922858E-09  8.1152169E-09  1.4229312E-09  7.3175990E-09  1.2831914E-09  7.5607717E-01
   ca47     47   0.0000000E+00  0.0000000E+00  0.0000000E+00  0.0000000E+00  0.0000000E+00  0.0000000E+00
   ca48     48  -7.7370998E-11  6.9336664E-08  6.9414035E-08  6.2521792E-08  6.2597195E-08 -5.2344491E-04
   sc45     45   1.4484645E-09  2.1473605E-08  2.0025141E-08  1.9363036E-08  1.8058563E-08  3.0290266E-02
   sc46     46   0.0000000E+00  0.0000000E+00  0.0000000E+00  0.0000000E+00  0.0000000E+00  0.0000000E+00
   sc47     47   0.0000000E+00  0.0000000E+00  0.0000000E+00  0.0000000E+00  0.0000000E+00  0.0000000E+00
   sc48     48  -1.4051765E-32  1.2615909E-29  1.2629961E-29  1.1375933E-29  1.1389629E-29  0.0000000E+00
   ti46     46   1.3239685E-09  1.2366692E-07  1.2234295E-07  1.1151211E-07  1.1032820E-07  4.6354760E-03
   ti47     47   1.0169288E-10  1.1283176E-07  1.1273006E-07  1.0174190E-07  1.0165935E-07  3.5247559E-04
   ti48     48  -5.6960516E-09  1.1350519E-06  1.1407479E-06  1.0234913E-06  1.0287201E-06 -2.2130811E-03
   ti49     49   6.5968990E-09  9.2055586E-08  8.5458687E-08  8.3007748E-08  7.7066169E-08  3.2254890E-02
   ti50     50   2.7108968E-08  1.1060561E-07  8.3496644E-08  9.9734550E-08  7.5296811E-08  1.2206904E-01
    v51     51  -7.2958528E-10  1.8328247E-07  1.8401205E-07  1.6526823E-07  1.6594106E-07 -1.7644726E-03
   cr52     52  -1.9420440E-08  7.5237840E-06  7.5432044E-06  6.7842961E-06  6.8024206E-06 -1.1586730E-03
   cr53     53  -3.1624268E-09  8.6862104E-07  8.7178347E-07  7.8324712E-07  7.8616949E-07 -1.6173864E-03
   cr54     54   1.5664455E-08  2.3676452E-07  2.2110007E-07  2.1349371E-07  1.9938683E-07  2.9688615E-02
   mn55     55   5.5303190E-08  6.6429789E-06  6.5876757E-06  5.9900622E-06  5.9407294E-06  3.5915414E-03
   fe54     54  -3.1693344E-07  4.3088792E-05  4.3405726E-05  3.8853737E-05  3.9143044E-05 -3.2218068E-03
   fe55     55   2.8639613E-28  2.8639613E-28  0.0000000E+00  2.5824720E-28  0.0000000E+00  0.0000000E+00
   fe56     56  -2.3812754E-06  7.0422178E-04  7.0660305E-04  6.3500612E-04  6.3721073E-04 -1.5051822E-03
   fe57     57   5.9228114E-07  1.7202303E-05  1.6610022E-05  1.5511545E-05  1.4978827E-05  1.5177222E-02
   fe58     58   6.5567247E-07  2.9049515E-06  2.2492791E-06  2.6194334E-06  2.0283876E-06  1.1105639E-01
   fe59     59   0.0000000E+00  0.0000000E+00  0.0000000E+00  0.0000000E+00  0.0000000E+00  0.0000000E+00
   fe60     60   0.0000000E+00  0.0000000E+00  0.0000000E+00  0.0000000E+00  0.0000000E+00  0.0000000E+00
   co59     59   1.7136324E-07  1.9060194E-06  1.7346562E-06  1.7186831E-06  1.5643035E-06  4.0874761E-02
   co60     60   1.5822206E-14  1.5822206E-14  0.0000000E+00  1.4267093E-14  0.0000000E+00  0.0000000E+00
   ni58     58  -1.7793172E-07  2.4641564E-05  2.4819496E-05  2.2219625E-05  2.2382086E-05 -3.1638378E-03
   ni59     59   0.0000000E+00  0.0000000E+00  0.0000000E+00  0.0000000E+00  0.0000000E+00  0.0000000E+00
   ni60     60   6.9831003E-08  9.9600329E-06  9.8902019E-06  8.9810937E-06  8.9189307E-06  3.0164502E-03
   ni61     61   5.5106199E-08  4.9220091E-07  4.3709471E-07  4.4382409E-07  3.9416963E-07  5.1527698E-02
   ni62     62   7.8848416E-08  1.4952909E-06  1.4164425E-06  1.3483237E-06  1.2773401E-06  2.3487631E-02
   ni63     63   0.0000000E+00  0.0000000E+00  0.0000000E+00  0.0000000E+00  0.0000000E+00  0.0000000E+00
   ni64     64   1.5530074E-07  5.2767325E-07  3.7237251E-07  4.7580997E-07  3.3580349E-07  1.5134835E-01
   cu63     63   3.3783664E-08  3.4112685E-07  3.0734319E-07  3.0759861E-07  2.7716041E-07  4.5253158E-02
   cu64     64   0.0000000E+00  0.0000000E+00  0.0000000E+00  0.0000000E+00  0.0000000E+00  0.0000000E+00
   cu65     65   3.6717779E-08  1.7805196E-07  1.4133418E-07  1.6055182E-07  1.2745440E-07  1.0026041E-01
   zn64     64   7.9796223E-09  5.3455233E-07  5.2657271E-07  4.8201292E-07  4.7486037E-07  6.4927633E-03
   zn65     65   0.0000000E+00  0.0000000E+00  0.0000000E+00  0.0000000E+00  0.0000000E+00  0.0000000E+00
   zn66     66   3.6403549E-08  3.4794309E-07  3.1153954E-07  3.1374489E-07  2.8094465E-07  4.7955915E-02
   zn67     67   8.2021394E-09  5.4676853E-08  4.6474714E-08  4.9302844E-08  4.1910646E-08  7.0547648E-02
   zn68     68   4.8513911E-08  2.6422475E-07  2.1571084E-07  2.3825497E-07  1.9452685E-07  8.8062428E-02
   zn69     69   0.0000000E+00  0.0000000E+00  0.0000000E+00  0.0000000E+00  0.0000000E+00  0.0000000E+00
   zn70     70   2.0614044E-10  7.5488664E-09  7.3427260E-09  6.8069133E-09  6.6216299E-09  1.1985308E-02
   ga69     69   8.5993612E-09  2.8375727E-08  1.9776365E-08  2.5586770E-08  1.7834218E-08  1.5676139E-01
   ga70     70   0.0000000E+00  0.0000000E+00  0.0000000E+00  0.0000000E+00  0.0000000E+00  0.0000000E+00
   ga71     71   1.0025468E-08  2.3530852E-08  1.3505384E-08  2.1218082E-08  1.2179081E-08  2.4109161E-01
   ge70     70   1.5785474E-08  3.7782218E-08  2.1996744E-08  3.4068727E-08  1.9836543E-08  2.3488991E-01
   ge71     71   0.0000000E+00  0.0000000E+00  0.0000000E+00  0.0000000E+00  0.0000000E+00  0.0000000E+00
   ge72     72   1.7766869E-08  4.7665996E-08  2.9899127E-08  4.2981060E-08  2.6962867E-08  2.0251106E-01
   ge73     73   5.0540869E-09  1.3563000E-08  8.5089127E-09  1.2229937E-08  7.6732904E-09  2.0244259E-01
   ge74     74   2.3906065E-08  6.4388146E-08  4.0482082E-08  5.8059648E-08  3.6506520E-08  2.0150395E-01
   as75     75   2.1710047E-09  8.1060243E-09  5.9350196E-09  7.3093096E-09  5.3521680E-09  1.3534662E-01
   se76     76   8.4125675E-09  1.4591463E-08  6.1788956E-09  1.3157316E-08  5.5720939E-09  3.7314889E-01
   se77     77   3.3901726E-09  8.4879748E-09  5.0978022E-09  7.6537194E-09  4.5971698E-09  2.2138198E-01
   se78     78   2.3001931E-08  3.9089400E-08  1.6087469E-08  3.5247432E-08  1.4507592E-08  3.8553214E-01
   se79     79   0.0000000E+00  0.0000000E+00  0.0000000E+00  0.0000000E+00  0.0000000E+00  0.0000000E+00
   se80     80   3.0452799E-08  6.4889718E-08  3.4436919E-08  5.8511922E-08  3.1055023E-08  2.7511254E-01
   br79     79   4.9220641E-09  1.0429073E-08  5.5070086E-09  9.4040331E-09  4.9661901E-09  2.7729082E-01
   br80     80   0.0000000E+00  0.0000000E+00  0.0000000E+00  0.0000000E+00  0.0000000E+00  0.0000000E+00
   br81     81   4.2236121E-09  9.7164614E-09  5.4928493E-09  8.7614627E-09  4.9534217E-09  2.4767134E-01
   kr80     80   2.4849700E-10  1.5608927E-09  1.3123957E-09  1.4074777E-09  1.1835113E-09  7.5269111E-02
   kr81     81   0.0000000E+00  0.0000000E+00  0.0000000E+00  0.0000000E+00  0.0000000E+00  0.0000000E+00
   kr82     82   1.9408018E-08  2.6148367E-08  6.7403487E-09  2.3578330E-08  6.0784093E-09  5.8872312E-01
   kr83     83   6.0910721E-09  1.2850120E-08  6.7590480E-09  1.1587124E-08  6.0952723E-09  2.7898255E-01
   kr84     84   4.2968061E-08  7.6679640E-08  3.3711579E-08  6.9143049E-08  3.0400916E-08  3.5686189E-01
   kr-5     85   1.3295968E-18  1.3295968E-18  0.0000000E+00  1.1989151E-18  0.0000000E+00  0.0000000E+00
   kr*5     85   0.0000000E+00  0.0000000E+00  0.0000000E+00  0.0000000E+00  0.0000000E+00  0.0000000E+00
   kr86     86   1.9412603E-08  2.9850167E-08  1.0437563E-08  2.6916291E-08  9.4125365E-09  4.5630854E-01
   rb85     85   6.8828152E-09  1.2354282E-08  5.4714668E-09  1.1140020E-08  4.9341389E-09  3.5367462E-01
   rb86     86   0.0000000E+00  0.0000000E+00  0.0000000E+00  0.0000000E+00  0.0000000E+00  0.0000000E+00
   rb87     87   1.3910773E-09  3.6957424E-09  2.3046651E-09  3.3325001E-09  2.0783344E-09  2.0505473E-01
   sr86     86   1.7356276E-08  1.9909455E-08  2.5531790E-09  1.7952621E-08  2.3024427E-09  8.9193904E-01
   sr87     87   1.1228526E-08  1.3033556E-08  1.8050311E-09  1.1752531E-08  1.6277671E-09  8.5853916E-01
   sr88     88   2.0389029E-07  2.2577973E-07  2.1889434E-08  2.0358858E-07  1.9739774E-08  1.0134113E+00
   sr89     89   0.0000000E+00  0.0000000E+00  0.0000000E+00  0.0000000E+00  0.0000000E+00  0.0000000E+00
   sr90     90   8.6335845E-17  8.6335845E-17  0.0000000E+00  7.7850176E-17  0.0000000E+00  0.0000000E+00
    y89     89   5.5787133E-08  6.1008365E-08  5.2212314E-09  5.5012052E-08  4.7084781E-09  1.0675774E+00
    y90     90   2.1833668E-20  2.1833668E-20  0.0000000E+00  1.9687708E-20  0.0000000E+00  0.0000000E+00
    y91     91   0.0000000E+00  0.0000000E+00  0.0000000E+00  0.0000000E+00  0.0000000E+00  0.0000000E+00
   zr90     90   6.9386012E-08  7.5608924E-08  6.2229142E-09  6.8177570E-08  5.6117897E-09  1.0845401E+00
   zr91     91   1.6514438E-08  1.7886562E-08  1.3721246E-09  1.6128551E-08  1.2373745E-09  1.1150942E+00
   zr92     92   2.7099089E-08  2.9219473E-08  2.1203834E-09  2.6347587E-08  1.9121502E-09  1.1392188E+00
   zr93     93   0.0000000E+00  0.0000000E+00  0.0000000E+00  0.0000000E+00  0.0000000E+00  0.0000000E+00
   zr94     94   4.0944251E-08  4.3139810E-08  2.1955575E-09  3.8899739E-08  1.9799418E-09  1.2932942E+00
   zr95     95   0.0000000E+00  0.0000000E+00  0.0000000E+00  0.0000000E+00  0.0000000E+00  0.0000000E+00
   zr96     96   1.0059100E-09  1.3671504E-09  3.6124037E-10  1.2327777E-09  3.2576458E-10  5.7798088E-01
   nb93     93   9.5020729E-09  1.0450178E-08  9.4810459E-10  9.4230641E-09  8.5499552E-10  1.0422282E+00
   nb94     94   2.8906140E-12  2.8906140E-12  0.0000000E+00  2.6065051E-12  0.0000000E+00  0.0000000E+00
   nb95     95   0.0000000E+00  0.0000000E+00  0.0000000E+00  0.0000000E+00  0.0000000E+00  0.0000000E+00
   mo94     94   7.6025658E-11  3.7316669E-10  2.9714103E-10  3.3648936E-10  2.6796015E-10  9.8901108E-02
   mo95     95   4.5046313E-09  5.0243760E-09  5.1974453E-10  4.5305466E-09  4.6870280E-10  9.8525304E-01
   mo96     96   9.5121475E-09  1.0065012E-08  5.5286409E-10  9.0757553E-09  4.9856980E-10  1.2601569E+00
   mo97     97   3.2063527E-09  3.5279859E-09  3.2163311E-10  3.1812317E-09  2.9004696E-10  1.0401270E+00
   mo98     98   1.1794869E-08  1.2620579E-08  8.2571028E-10  1.1380144E-08  7.4462103E-10  1.1842124E+00
   tc99     99   0.0000000E+00  0.0000000E+00  0.0000000E+00  0.0000000E+00  0.0000000E+00  0.0000000E+00
   ru99     99   1.5146698E-09  1.8029731E-09  2.8830324E-10  1.6257647E-09  2.5999028E-10  7.9610062E-01
  ru100    100   5.8854273E-09  6.1729892E-09  2.8756197E-10  5.5662666E-09  2.5932181E-10  1.3317250E+00
  ru101    101   1.2665100E-09  1.6597570E-09  3.9324702E-10  1.4966249E-09  3.5462799E-10  6.2533998E-01
  ru102    102   7.9962792E-09  8.7307210E-09  7.3444228E-10  7.8726075E-09  6.6231598E-10  1.0750533E+00
  rh103    103   1.3347325E-09  1.8037639E-09  4.6903137E-10  1.6264778E-09  4.2296988E-10  5.8493876E-01
  pd104    104   4.4689554E-09  4.6742068E-09  2.0525150E-10  4.2147943E-09  1.8509468E-10  1.3573824E+00
  pd105    105   1.1302539E-09  1.5456296E-09  4.1537568E-10  1.3937148E-09  3.7458353E-10  5.7062525E-01
  pd106    106   5.2305462E-09  5.7437730E-09  5.1322685E-10  5.1792366E-09  4.6282517E-10  1.0488489E+00
  pd107    107   0.0000000E+00  0.0000000E+00  0.0000000E+00  0.0000000E+00  0.0000000E+00  0.0000000E+00
  pd108    108   6.6296519E-09  7.1359172E-09  5.0626542E-10  6.4345511E-09  4.5654736E-10  1.1490324E+00
  ag107    107   1.0284079E-09  1.3770713E-09  3.4866343E-10  1.2417235E-09  3.1442277E-10  5.9651095E-01
  ag108    108   0.0000000E+00  0.0000000E+00  0.0000000E+00  0.0000000E+00  0.0000000E+00  0.0000000E+00
  ag109    109   1.6643256E-09  1.9943014E-09  3.2997580E-10  1.7982881E-09  2.9757036E-10  7.8126961E-01
  cd108    108   4.7043446E-12  2.4255630E-11  1.9551286E-11  2.1871624E-11  1.7631244E-11  9.3598098E-02
  cd109    109   0.0000000E+00  0.0000000E+00  0.0000000E+00  0.0000000E+00  0.0000000E+00  0.0000000E+00
  cd110    110   5.7762302E-09  6.0556902E-09  2.7946012E-10  5.4604961E-09  2.5201560E-10  1.3358047E+00
  cd111    111   1.9112860E-09  2.2002835E-09  2.8899744E-10  1.9840249E-09  2.6061631E-10  8.8154554E-01
  cd112    112   7.2333153E-09  7.7830311E-09  5.4971605E-10  7.0180626E-09  4.9573090E-10  1.1509713E+00
  cd113    113   2.1224422E-09  2.4033158E-09  2.8087352E-10  2.1671018E-09  2.5329019E-10  9.3226093E-01
  cd114    114   1.0518388E-08  1.1184584E-08  6.6619582E-10  1.0085288E-08  6.0077171E-10  1.2249788E+00
  in115    115   2.0227406E-09  2.2739410E-09  2.5120037E-10  2.0504429E-09  2.2653111E-10  9.5671982E-01
  sn116    116   1.5165176E-08  1.5951098E-08  7.8592288E-10  1.4383317E-08  7.0874095E-10  1.3073715E+00
  sn117    117   4.4930566E-09  4.9117639E-09  4.1870751E-10  4.4290029E-09  3.7758816E-10  1.0692877E+00
  sn118    118   2.1093776E-08  2.2370539E-08  1.2767630E-09  2.0171813E-08  1.1513779E-09  1.2435271E+00
  sn119    119   6.3175669E-09  6.7938939E-09  4.7632720E-10  6.1261445E-09  4.2954923E-10  1.1541743E+00
  sn120    120   3.5853763E-08  3.7675530E-08  1.8217690E-09  3.3972526E-08  1.6428614E-09  1.3155270E+00
  sb121    121   2.6120806E-09  2.8930232E-09  2.8094260E-10  2.6086775E-09  2.5335251E-10  1.0126952E+00
  te122    122   4.7313504E-09  4.9180988E-09  1.8674852E-10  4.4347148E-09  1.6840879E-10  1.4205010E+00
  te123    123   1.7571998E-09  1.8229138E-09  6.5713962E-11  1.6437456E-09  5.9260492E-11  1.4430693E+00
  te124    124   9.3341948E-09  9.6870254E-09  3.5283029E-10  8.7349195E-09  3.1818043E-10  1.4385855E+00
  te125    125   3.1644558E-09  3.6949652E-09  5.3050947E-10  3.3317993E-09  4.7841048E-10  8.4287816E-01
  te126    126   1.7772892E-08  1.9197897E-08  1.4250034E-09  1.7310999E-08  1.2850603E-09  1.1293986E+00
   i127    127   2.3145663E-09  4.1017199E-09  1.7871536E-09  3.6985752E-09  1.6116454E-09  3.6076498E-01
   i128    128   0.0000000E+00  0.0000000E+00  0.0000000E+00  0.0000000E+00  0.0000000E+00  0.0000000E+00
   i129    129   1.4754944E-12  1.4754944E-12  0.0000000E+00  1.3304729E-12  0.0000000E+00  0.0000000E+00
  xe128    128   5.7887783E-09  5.9818088E-09  1.9303054E-10  5.3938765E-09  1.7407388E-10  1.4911674E+00
  xe129    129   2.2561921E-09  4.6794497E-09  2.4232576E-09  4.2195221E-09  2.1852804E-09  2.8575611E-01
  xe130    130   1.2355228E-08  1.2747314E-08  3.9208606E-10  1.1494422E-08  3.5358105E-10  1.5119982E+00
  xe131    131   4.6498201E-09  6.6084453E-09  1.9586253E-09  5.9589231E-09  1.7662775E-09  5.2810884E-01
  xe132    132   2.4475614E-08  2.6887829E-08  2.4122140E-09  2.4245113E-08  2.1753215E-09  1.0471008E+00
  xe133    133   0.0000000E+00  0.0000000E+00  0.0000000E+00  0.0000000E+00  0.0000000E+00  0.0000000E+00
  xe134    134   3.0956893E-10  1.2137309E-09  9.0416197E-10  1.0944373E-09  8.1536833E-10  1.2783708E-01
  cs133    133   3.2142080E-09  3.8483927E-09  6.3418476E-10  3.4701468E-09  5.7190430E-10  7.8302449E-01
  cs134    134   3.0844619E-36  3.0844619E-36  0.0000000E+00  2.7813002E-36  0.0000000E+00  0.0000000E+00
  cs135    135   0.0000000E+00  0.0000000E+00  0.0000000E+00  0.0000000E+00  0.0000000E+00  0.0000000E+00
  cs136    136   0.0000000E+00  0.0000000E+00  0.0000000E+00  0.0000000E+00  0.0000000E+00  0.0000000E+00
  cs137    137   0.0000000E+00  0.0000000E+00  0.0000000E+00  0.0000000E+00  0.0000000E+00  0.0000000E+00
  ba134    134   9.3908366E-09  9.5852561E-09  1.9441973E-10  8.6431529E-09  1.7532664E-10  1.6928242E+00
  ba135    135   4.2552348E-09  4.7894466E-09  5.3421162E-10  4.3187076E-09  4.8174914E-10  9.5253283E-01
  ba136    136   2.5883235E-08  2.6524434E-08  6.4119876E-10  2.3917435E-08  5.7822958E-10  1.6166143E+00
  ba137    137   2.1325006E-08  2.2248727E-08  9.2372088E-10  2.0061973E-08  8.3300644E-10  1.3817253E+00
  ba138    138   3.0238084E-07  3.0832038E-07  5.9395266E-09  2.7801659E-07  5.3562323E-09  1.7152113E+00
  la139    139   3.6141117E-08  3.6955797E-08  8.1468016E-10  3.3323534E-08  7.3467410E-10  1.6566563E+00
  ce140    140   1.1171575E-07  1.1358292E-07  1.8671737E-09  1.0241923E-07  1.6838070E-09  1.7840892E+00
  ce141    141   0.0000000E+00  0.0000000E+00  0.0000000E+00  0.0000000E+00  0.0000000E+00  0.0000000E+00
  ce142    142   6.4878036E-10  8.8675317E-10  2.3797278E-10  7.9959711E-10  2.1460257E-10  5.7123631E-01
  pr141    141   9.4903481E-09  9.8121467E-09  3.2179814E-10  8.8477430E-09  2.9019581E-10  1.4841413E+00
  nd142    142   3.0988161E-08  3.1417425E-08  4.2926265E-10  2.8329509E-08  3.8710671E-10  1.8644084E+00
  nd143    143   4.1988684E-09  4.3910533E-09  1.9218509E-10  3.9594710E-09  1.7331146E-10  1.3588098E+00
  nd144    144   1.3439015E-08  1.3820964E-08  3.8194881E-10  1.2462547E-08  3.4443937E-10  1.5584940E+00
  nd145    145   2.4457401E-09  2.5877749E-09  1.4203494E-10  2.3334310E-09  1.2808633E-10  1.2604922E+00
  nd146    146   1.2977814E-08  1.3257377E-08  2.7956179E-10  1.1954352E-08  2.5210731E-10  1.6759406E+00
  nd147    147   0.0000000E+00  0.0000000E+00  0.0000000E+00  0.0000000E+00  0.0000000E+00  0.0000000E+00
  nd148    148   3.0872810E-10  4.0329035E-10  9.4562261E-11  3.6365225E-10  8.5275731E-11  6.2986088E-01
  pm147    147   2.6482746E-30  2.6482746E-30  0.0000000E+00  2.3879844E-30  0.0000000E+00  0.0000000E+00
  pm148    148   0.0000000E+00  0.0000000E+00  0.0000000E+00  0.0000000E+00  0.0000000E+00  0.0000000E+00
  sm147    147   1.4458699E-09  1.5219873E-09  7.6117418E-11  1.3723962E-09  6.8642272E-11  1.3008878E+00
  sm148    148   4.3119099E-09  4.3693733E-09  5.7463496E-11  3.9399217E-09  5.1820267E-11  1.8809880E+00
  sm149    149   5.9088290E-10  6.6201411E-10  7.1131198E-11  5.9694694E-10  6.4145723E-11  9.6876800E-01
  sm150    150   2.7529663E-09  2.7912059E-09  3.8239589E-11  2.5168674E-09  3.4484252E-11  1.8632395E+00
  sm151    151   6.7220026E-14  6.7220026E-14  0.0000000E+00  6.0613190E-14  0.0000000E+00  0.0000000E+00
  sm152    152   2.2716322E-09  2.4120888E-09  1.4045665E-10  2.1750124E-09  1.2666303E-10  1.2348119E+00
  eu151    151   4.0153803E-10  4.9419141E-10  9.2653385E-11  4.4561896E-10  8.3554309E-11  7.2699481E-01
  eu152    152   9.9512380E-21  9.9512380E-21  0.0000000E+00  8.9731632E-21  0.0000000E+00  0.0000000E+00
  eu153    153   4.2823853E-10  5.3072002E-10  1.0248150E-10  4.7855730E-10  9.2417254E-11  7.1418089E-01
  eu154    154   1.8632883E-22  1.8632883E-22  0.0000000E+00  1.6801518E-22  0.0000000E+00  0.0000000E+00
  eu155    155   8.4876115E-26  8.4876115E-26  0.0000000E+00  7.6533923E-26  0.0000000E+00  0.0000000E+00
  gd152    152   3.0631344E-12  4.4159607E-12  1.3528264E-12  3.9819302E-12  1.2199714E-12  5.1374400E-01
  gd153    153   0.0000000E+00  0.0000000E+00  0.0000000E+00  0.0000000E+00  0.0000000E+00  0.0000000E+00
  gd154    154   9.9303654E-10  1.0079765E-09  1.4939950E-11  9.0890578E-10  1.3472765E-11  1.8290621E+00
  gd155    155   3.9207404E-10  4.9415938E-10  1.0208533E-10  4.4559006E-10  9.2059992E-11  6.8486458E-01
  gd156    156   1.6812582E-09  1.8233615E-09  1.4210318E-10  1.6441493E-09  1.2814787E-10  1.1082299E+00
  gd157    157   8.0993534E-10  9.1927399E-10  1.0933864E-10  8.2892154E-10  9.8600975E-11  9.2463219E-01
  gd158    158   3.4142962E-09  3.5889489E-09  1.7465283E-10  3.2362029E-09  1.5750097E-10  1.3127525E+00
  gd159    159   0.0000000E+00  0.0000000E+00  0.0000000E+00  0.0000000E+00  0.0000000E+00  0.0000000E+00
  gd160    160   2.9537248E-11  1.8518329E-10  1.5564604E-10  1.6698223E-10  1.4036075E-10  7.5424582E-02
  tb159    159   7.3025630E-10  8.6201107E-10  1.3175477E-10  7.7728685E-10  1.1881574E-10  8.1570733E-01
  tb160    160   0.0000000E+00  0.0000000E+00  0.0000000E+00  0.0000000E+00  0.0000000E+00  0.0000000E+00
  tb161    161   0.0000000E+00  0.0000000E+00  0.0000000E+00  0.0000000E+00  0.0000000E+00  0.0000000E+00
  dy160    160   1.2508097E-09  1.2707464E-09  1.9936741E-11  1.1458489E-09  1.7978844E-11  1.8043656E+00
  dy161    161   5.6454424E-10  7.2725037E-10  1.6270613E-10  6.5577133E-10  1.4672751E-10  6.5024090E-01
  dy162    162   2.5777136E-09  2.7985143E-09  2.2080070E-10  2.5234574E-09  1.9911686E-10  1.1028880E+00
  dy163    163   1.1013246E-09  1.3184368E-09  2.1711223E-10  1.1888520E-09  1.9579061E-10  7.8333598E-01
  dy164    164   5.3355236E-09  5.5834803E-09  2.4795679E-10  5.0346984E-09  2.2360609E-10  1.3524898E+00
  ho165    165   9.9146957E-10  1.1845993E-09  1.9312971E-10  1.0681689E-09  1.7416331E-10  7.8768325E-01
  er166    166   2.2512701E-09  2.4347384E-09  1.8346842E-10  2.1954361E-09  1.6545082E-10  1.1228518E+00
  er167    167   9.0487767E-10  1.0308647E-09  1.2598707E-10  9.2954444E-10  1.1361444E-10  9.1283661E-01
  er168    168   3.5328831E-09  3.6823966E-09  1.4951361E-10  3.3204659E-09  1.3483055E-10  1.3914107E+00
  er169    169   0.0000000E+00  0.0000000E+00  0.0000000E+00  0.0000000E+00  0.0000000E+00  0.0000000E+00
  er170    170   2.6869046E-10  3.5230668E-10  8.3616225E-11  3.1767960E-10  7.5404655E-11  6.2459117E-01
  tm169    169   8.5908486E-10  9.4744379E-10  8.8358924E-11  8.5432267E-10  7.9681595E-11  1.0302639E+00
  tm170    170   0.0000000E+00  0.0000000E+00  0.0000000E+00  0.0000000E+00  0.0000000E+00  0.0000000E+00
  tm171    171   1.0760970E-34  1.0760970E-34  0.0000000E+00  9.7033098E-35  0.0000000E+00  0.0000000E+00
  yb170    170   1.2335962E-09  1.2503080E-09  1.6711747E-11  1.1274193E-09  1.5070561E-11  1.8739560E+00
  yb171    171   1.2591995E-09  1.3386823E-09  7.9482761E-11  1.2071076E-09  7.1677116E-11  1.2263654E+00
  yb172    172   3.7723140E-09  3.8953889E-09  1.2307474E-10  3.5125238E-09  1.1098814E-10  1.5003427E+00
  yb173    173   1.7310412E-09  1.8229244E-09  9.1883147E-11  1.6437551E-09  8.2859719E-11  1.2974937E+00
  yb174    174   8.4162028E-09  8.6000531E-09  1.8385041E-10  7.7547817E-09  1.6579528E-10  1.6699975E+00
  lu175    175   1.1040099E-09  1.1869905E-09  8.2980643E-11  1.0703251E-09  7.4831488E-11  1.1554313E+00
  lu176    176   8.2924073E-10  8.3166285E-10  2.4221419E-12  7.4992146E-10  2.1842742E-12  2.5357087E+00
  lu177    177   0.0000000E+00  0.0000000E+00  0.0000000E+00  0.0000000E+00  0.0000000E+00  0.0000000E+00
  hf176    176  -2.3633005E-13  1.8401012E-11  1.8637342E-11  1.6592436E-11  1.6807052E-11 -5.5814185E-03
  hf177    177   8.9043234E-10  9.5741970E-10  6.6987367E-11  8.6331808E-10  6.0408838E-11  1.1550704E+00
  hf178    178   4.1640771E-09  4.2629065E-09  9.8829396E-11  3.8439194E-09  8.9123812E-11  1.6347805E+00
  hf179    179   1.4401752E-09  1.4897981E-09  4.9622847E-11  1.3433707E-09  4.4749610E-11  1.4774066E+00
  hf180    180   8.4306331E-09  8.5591427E-09  1.2850976E-10  7.7178930E-09  1.1588940E-10  1.8234551E+00
  hf181    181   0.0000000E+00  0.0000000E+00  0.0000000E+00  0.0000000E+00  0.0000000E+00  0.0000000E+00
  hf182    182   5.0010773E-10  5.0010773E-10  0.0000000E+00  4.5095377E-10  0.0000000E+00  0.0000000E+00
  ta181    181   1.8721931E-09  1.9266420E-09  5.4448959E-11  1.7372787E-09  4.9101771E-11  1.5487723E+00
  ta182    182   4.5884147E-18  4.5884147E-18  0.0000000E+00  4.1374346E-18  0.0000000E+00  0.0000000E+00
  ta183    183   0.0000000E+00  0.0000000E+00  0.0000000E+00  0.0000000E+00  0.0000000E+00  0.0000000E+00
   w182    182   4.2347703E-09  4.3202144E-09  8.5444242E-11  3.8955945E-09  7.7053156E-11  1.7037833E+00
   w183    183   2.3531650E-09  2.3995586E-09  4.6393594E-11  2.1637139E-09  4.1837488E-11  1.7136343E+00
   w184    184   5.8539116E-09  5.9537895E-09  9.9877794E-11  5.3686109E-09  9.0069244E-11  1.7752855E+00
   w185    185   0.0000000E+00  0.0000000E+00  0.0000000E+00  0.0000000E+00  0.0000000E+00  0.0000000E+00
   w186    186   1.3064467E-09  1.4001280E-09  9.3681334E-11  1.2625140E-09  8.4481318E-11  1.1744756E+00
  re185    185   1.0745027E-09  1.1221172E-09  4.7614458E-11  1.0118280E-09  4.2938458E-11  1.3722602E+00
  re186    186   0.0000000E+00  0.0000000E+00  0.0000000E+00  0.0000000E+00  0.0000000E+00  0.0000000E+00
  re187    187   2.6790337E-10  3.5473396E-10  8.6830584E-11  3.1986833E-10  7.8303343E-11  6.1119097E-01
  os186    186   2.6061653E-09  2.6325560E-09  2.6390605E-11  2.3738107E-09  2.3798902E-11  1.9988892E+00
  os187    187   8.0087742E-10  8.2198065E-10  2.1103251E-11  7.4119089E-10  1.9030796E-11  1.5904731E+00
  os188    188   4.6719455E-09  4.8945705E-09  2.2262520E-10  4.4134993E-09  2.0076218E-10  1.3421012E+00
  os189    189   9.5854702E-10  1.2314246E-09  2.7287766E-10  1.1103919E-09  2.4607960E-10  6.5440071E-01
  os190    190   4.9218341E-09  5.3679448E-09  4.4611081E-10  4.8403472E-09  4.0230028E-10  1.0803262E+00
  os191    191   0.0000000E+00  0.0000000E+00  0.0000000E+00  0.0000000E+00  0.0000000E+00  0.0000000E+00
  os192    192   5.8952909E-10  1.2896781E-09  7.0014905E-10  1.1629199E-09  6.3139055E-10  2.6525173E-01
  ir191    191   9.3187791E-10  1.5222271E-09  5.9034927E-10  1.3726125E-09  5.3237376E-10  4.1133133E-01
  ir192    192   0.0000000E+00  0.0000000E+00  0.0000000E+00  0.0000000E+00  0.0000000E+00  0.0000000E+00
  ir193    193   9.9443298E-10  1.9971789E-09  1.0027459E-09  1.8008827E-09  9.0427077E-10  2.9918692E-01
  pt192    192   1.5066534E-09  1.5314769E-09  2.4823534E-11  1.3809531E-09  2.2385725E-11  1.7902079E+00
  pt193    193   9.1188526E-15  9.1188526E-15  0.0000000E+00  8.2225901E-15  0.0000000E+00  0.0000000E+00
  pt194    194   3.8927030E-09  4.9501185E-09  1.0574153E-09  4.4635877E-09  9.5357122E-10  6.7033094E-01
  pt195    195   1.5987858E-09  2.6895752E-09  1.0907895E-09  2.4252258E-09  9.8366804E-10  3.9190361E-01
  pt196    196   7.0423627E-09  7.8603470E-09  8.1798451E-10  7.0877793E-09  7.3765399E-10  9.8265749E-01
  au197    197   2.2414322E-09  2.7344167E-09  4.9298460E-10  2.4656599E-09  4.4457080E-10  7.4399221E-01
  hg198    198   7.4676398E-09  7.5834468E-09  1.1580648E-10  6.8380945E-09  1.0443365E-10  1.8160946E+00
  hg199    199   3.1797407E-09  3.3766794E-09  1.9693860E-10  3.0447966E-09  1.7759814E-10  1.2341199E+00
  hg200    200   1.0790120E-08  1.1061139E-08  2.7101899E-10  9.9739754E-09  2.4440344E-10  1.6107609E+00
  hg201    201   4.3413428E-09  4.4967465E-09  1.5540354E-10  4.0547761E-09  1.4014206E-10  1.4613984E+00
  hg202    202   1.8780970E-08  1.9134802E-08  3.5383327E-10  1.7254106E-08  3.1908490E-10  1.7329862E+00
  tl203    203   8.2592875E-09  8.3992546E-09  1.3996740E-10  7.5737194E-09  1.2622182E-10  1.7781748E+00
  tl204    204   9.0182671E-26  9.0182671E-26  0.0000000E+00  8.1318913E-26  0.0000000E+00  0.0000000E+00
  tl205    205   1.0424389E-08  1.0761805E-08  3.3741518E-10  9.7040624E-09  3.0427916E-10  1.5036814E+00
  pb204    204   1.0924480E-08  1.1101644E-08  1.7716412E-10  1.0010500E-08  1.5976563E-10  1.7969724E+00
  pb205    205   0.0000000E+00  0.0000000E+00  0.0000000E+00  0.0000000E+00  0.0000000E+00  0.0000000E+00
  pb206    206   7.7969972E-08  7.9634617E-08  1.6646420E-09  7.1807591E-08  1.5011649E-09  1.6797420E+00
  pb207    207   1.0068617E-07  1.0253723E-07  1.8510575E-09  9.2459182E-08  1.6692735E-09  1.7434225E+00
  pb208    208   2.4157737E-07  2.4690127E-07  5.3238893E-09  2.2263416E-07  4.8010542E-09  1.6662552E+00
  bi209    209   1.9094577E-09  2.2797237E-09  3.7026607E-10  2.0556572E-09  3.3390390E-10  7.8932917E-01
  bi210    210   0.0000000E+00  0.0000000E+00  0.0000000E+00  0.0000000E+00  0.0000000E+00  0.0000000E+00
  po210    210   0.0000000E+00  0.0000000E+00  0.0000000E+00  0.0000000E+00  0.0000000E+00  0.0000000E+00
