  species    A      yield       mass(i)_lost    mass(i)_0        <X(i)>          X0(i)   log10(<X(i)>/X0(i)) 
      n      1   0.0000000E+00  0.0000000E+00  0.0000000E+00  0.0000000E+00  0.0000000E+00  0.0000000E+00
      p      1  -8.1034303E-03  2.8059384E-01  2.8869727E-01  7.1216714E-01  7.3292029E-01 -1.2474798E-02
      d      2   2.7455384E-18  2.7455384E-18  0.0000000E+00  6.9683713E-18  0.0000000E+00  0.0000000E+00
    he3      3   1.2208508E-04  1.2208508E-04  0.0000000E+00  3.0986062E-04  0.0000000E+00  0.0000000E+00
    he4      4   7.9687983E-03  1.1037166E-01  1.0240286E-01  2.8013110E-01  2.5997174E-01  3.2435197E-02
    li7      7  -1.7247433E-09  6.7306764E-11  1.7920501E-09  1.7082935E-10  4.5495052E-09 -1.4254017E+00
    be7      7   3.6569001E-19  3.6569001E-19  0.0000000E+00  9.2814721E-19  0.0000000E+00  0.0000000E+00
     b8      8   6.7849471E-29  6.7849471E-29  0.0000000E+00  1.7220679E-28  0.0000000E+00  0.0000000E+00
    c12     12  -8.7627501E-05  4.0577311E-04  4.9340061E-04  1.0298811E-03  1.2526038E-03 -8.5026652E-02
    c13     13   1.0561653E-05  1.6540700E-05  5.9790473E-06  4.1981471E-05  1.5179100E-05  4.4181162E-01
    c14     14   2.5782612E-26  2.5782612E-26  0.0000000E+00  6.5438101E-26  0.0000000E+00  0.0000000E+00
    n13     13   0.0000000E+00  0.0000000E+00  0.0000000E+00  0.0000000E+00  0.0000000E+00  0.0000000E+00
    n14     14   9.5543088E-05  2.4142148E-04  1.4587840E-04  6.1274489E-04  3.7034374E-04  2.1867470E-01
    n15     15  -1.0619749E-07  2.5311843E-07  3.5931592E-07  6.4243255E-07  9.1220090E-07 -1.5226297E-01
    o14     14   0.0000000E+00  0.0000000E+00  0.0000000E+00  0.0000000E+00  0.0000000E+00  0.0000000E+00
    o15     15   0.0000000E+00  0.0000000E+00  0.0000000E+00  0.0000000E+00  0.0000000E+00  0.0000000E+00
    o16     16  -5.4023694E-06  1.1860314E-03  1.1914338E-03  3.0102320E-03  3.0247113E-03 -2.0839458E-03
    o17     17   4.2191380E-07  9.0285670E-07  4.8094290E-07  2.2915144E-06  1.2209773E-06  2.7341500E-01
    o18     18  -2.6535963E-07  2.4153660E-06  2.6807256E-06  6.1303708E-06  6.8055997E-06 -4.5379646E-02
    o19     19   0.0000000E+00  0.0000000E+00  0.0000000E+00  0.0000000E+00  0.0000000E+00  0.0000000E+00
    f17     17   0.0000000E+00  0.0000000E+00  0.0000000E+00  0.0000000E+00  0.0000000E+00  0.0000000E+00
    f18     18   0.0000000E+00  0.0000000E+00  0.0000000E+00  0.0000000E+00  0.0000000E+00  0.0000000E+00
    f19     19  -5.0495430E-10  7.6692622E-08  7.7197576E-08  1.9465134E-07  1.9598269E-07 -2.9603422E-03
    f20     20   0.0000000E+00  0.0000000E+00  0.0000000E+00  0.0000000E+00  0.0000000E+00  0.0000000E+00
   ne19     19   0.0000000E+00  0.0000000E+00  0.0000000E+00  0.0000000E+00  0.0000000E+00  0.0000000E+00
   ne20     20  -1.4493708E-08  2.4438568E-04  2.4440017E-04  6.2026823E-04  6.2046252E-04 -1.3602618E-04
   ne21     21   9.8906980E-09  6.2504637E-07  6.1515567E-07  1.5864122E-06  1.5617053E-06  6.8169744E-03
   ne22     22  -2.2724453E-07  1.9540761E-05  1.9768006E-05  4.9595841E-05  5.0185346E-05 -5.1316763E-03
   ne23     23   0.0000000E+00  0.0000000E+00  0.0000000E+00  0.0000000E+00  0.0000000E+00  0.0000000E+00
   na21     21   0.0000000E+00  0.0000000E+00  0.0000000E+00  0.0000000E+00  0.0000000E+00  0.0000000E+00
   na22     22   7.7818225E-35  7.7818225E-35  0.0000000E+00  1.9750819E-34  0.0000000E+00  0.0000000E+00
   na23     23   2.4369365E-07  6.8597255E-06  6.6160319E-06  1.7410472E-05  1.6796224E-05  1.5598865E-02
   na24     24   0.0000000E+00  0.0000000E+00  0.0000000E+00  0.0000000E+00  0.0000000E+00  0.0000000E+00
   mg23     23   0.0000000E+00  0.0000000E+00  0.0000000E+00  0.0000000E+00  0.0000000E+00  0.0000000E+00
   mg24     24   8.7311491E-10  1.1658417E-04  1.1658330E-04  2.9589894E-04  2.9597184E-04 -1.0699989E-04
   mg25     25  -2.9187504E-08  1.5345027E-05  1.5374215E-05  3.8946771E-05  3.9030758E-05 -9.3551626E-04
   mg26     26   2.5214831E-08  1.7629291E-05  1.7604076E-05  4.4744393E-05  4.4691740E-05  5.1136088E-04
   mg27     27   0.0000000E+00  0.0000000E+00  0.0000000E+00  0.0000000E+00  0.0000000E+00  0.0000000E+00
   al25     25   0.0000000E+00  0.0000000E+00  0.0000000E+00  0.0000000E+00  0.0000000E+00  0.0000000E+00
   al-6     26   0.0000000E+00  0.0000000E+00  0.0000000E+00  0.0000000E+00  0.0000000E+00  0.0000000E+00
   al*6     26   0.0000000E+00  0.0000000E+00  0.0000000E+00  0.0000000E+00  0.0000000E+00  0.0000000E+00
   al27     27   5.4005795E-09  1.1231334E-05  1.1225933E-05  2.8505923E-05  2.8499451E-05  9.8614342E-05
   al28     28   0.0000000E+00  0.0000000E+00  0.0000000E+00  0.0000000E+00  0.0000000E+00  0.0000000E+00
   si27     27   0.0000000E+00  0.0000000E+00  0.0000000E+00  0.0000000E+00  0.0000000E+00  0.0000000E+00
   si28     28  -1.4551915E-11  1.2908825E-04  1.2908826E-04  3.2763515E-04  3.2771836E-04 -1.1028823E-04
   si29     29   3.8653525E-11  6.7891910E-06  6.7891524E-06  1.7231450E-05  1.7235727E-05 -1.0777666E-04
   si30     30  -1.4097168E-11  4.6296195E-06  4.6296336E-06  1.1750303E-05  1.1753322E-05 -1.1155696E-04
    p31     31   8.1854523E-12  1.2889117E-06  1.2889035E-06  3.2713494E-06  3.2721596E-06 -1.0754362E-04
    p32     32   0.0000000E+00  0.0000000E+00  0.0000000E+00  0.0000000E+00  0.0000000E+00  0.0000000E+00
    p33     33   0.0000000E+00  0.0000000E+00  0.0000000E+00  0.0000000E+00  0.0000000E+00  0.0000000E+00
    s32     32   4.1472958E-10  6.1860570E-05  6.1860155E-05  1.5700652E-04  1.5704533E-04 -1.0733648E-04
    s33     33   2.8421709E-13  5.1072215E-07  5.1072186E-07  1.2962491E-06  1.2965775E-06 -1.0997753E-04
    s34     34   9.0949470E-12  2.9702317E-06  2.9702226E-06  7.5386592E-06  7.5405505E-06 -1.0894182E-04
    s35     35   0.0000000E+00  0.0000000E+00  0.0000000E+00  0.0000000E+00  0.0000000E+00  0.0000000E+00
    s36     36  -7.9936058E-14  1.4661568E-08  1.4661648E-08  3.7212104E-08  3.7221753E-08 -1.1259268E-04
   cl35     35   6.2527761E-12  6.3457810E-07  6.3457185E-07  1.6106044E-06  1.6109974E-06 -1.0596419E-04
   cl36     36   0.0000000E+00  0.0000000E+00  0.0000000E+00  0.0000000E+00  0.0000000E+00  0.0000000E+00
   cl37     37   1.1652901E-12  2.1440223E-07  2.1440107E-07  5.4416813E-07  5.4430336E-07 -1.0790612E-04
   ar36     36   1.1823431E-11  1.1816672E-05  1.1816660E-05  2.9991554E-05  2.9999139E-05 -1.0982216E-04
   ar37     37   0.0000000E+00  0.0000000E+00  0.0000000E+00  0.0000000E+00  0.0000000E+00  0.0000000E+00
   ar38     38   1.9326762E-11  2.2679042E-06  2.2678848E-06  5.7561019E-06  5.7575144E-06 -1.0655972E-04
   ar39     39   1.2743792E-24  1.2743792E-24  0.0000000E+00  3.2344650E-24  0.0000000E+00  0.0000000E+00
   ar40     40   1.0633716E-11  3.8287635E-09  3.8181298E-09  9.7176738E-09  9.6931458E-09  1.0975748E-03
    k39     39  -1.8189894E-12  6.1520643E-07  6.1520825E-07  1.5614377E-06  1.5618388E-06 -1.1153107E-04
    k40     40  -9.9590544E-11  0.0000000E+00  9.9590544E-11  0.0000000E+00  2.5283206E-10  0.0000000E+00
    k41     41   2.6290081E-13  4.6674050E-08  4.6673787E-08  1.1846205E-07  1.1849146E-07 -1.0780255E-04
   ca40     40   1.5188562E-10  1.0651625E-05  1.0651474E-05  2.7034583E-05  2.7041060E-05 -1.0404817E-04
   ca41     41   0.0000000E+00  0.0000000E+00  0.0000000E+00  0.0000000E+00  0.0000000E+00  0.0000000E+00
   ca42     42   7.6738615E-13  7.4647375E-08  7.4646607E-08  1.8946035E-07  1.8950651E-07 -1.0578295E-04
   ca43     43   2.1316282E-14  1.5945979E-08  1.5945957E-08  4.0472028E-08  4.0482252E-08 -1.0969270E-04
   ca44     44  -5.1159077E-13  2.5212952E-07  2.5213004E-07  6.3992269E-07  6.4008640E-07 -1.1109090E-04
   ca45     45   0.0000000E+00  0.0000000E+00  0.0000000E+00  0.0000000E+00  0.0000000E+00  0.0000000E+00
   ca46     46   1.6098234E-15  5.0545068E-10  5.0544907E-10  1.2828698E-09  1.2831914E-09 -1.0886414E-04
   ca47     47   0.0000000E+00  0.0000000E+00  0.0000000E+00  0.0000000E+00  0.0000000E+00  0.0000000E+00
   ca48     48  -2.0250468E-13  2.4656831E-08  2.4657034E-08  6.2580789E-08  6.2597195E-08 -1.1383552E-04
   sc45     45   1.1546319E-14  7.1132789E-09  7.1132673E-09  1.8054008E-08  1.8058563E-08 -1.0953735E-04
   sc46     46   0.0000000E+00  0.0000000E+00  0.0000000E+00  0.0000000E+00  0.0000000E+00  0.0000000E+00
   sc47     47   0.0000000E+00  0.0000000E+00  0.0000000E+00  0.0000000E+00  0.0000000E+00  0.0000000E+00
   sc48     48  -1.1284746E-36  4.4863737E-30  4.4863748E-30  1.1386735E-29  1.1389629E-29  0.0000000E+00
   ti46     46   2.1316282E-14  4.3458300E-08  4.3458279E-08  1.1030026E-07  1.1032820E-07 -1.1002931E-04
   ti47     47   2.4868996E-14  4.0043641E-08  4.0043616E-08  1.0163361E-07  1.0165935E-07 -1.0997753E-04
   ti48     48  -2.8421709E-14  4.0521283E-07  4.0521286E-07  1.0284590E-06  1.0287201E-06 -1.1026234E-04
   ti49     49   3.9079850E-14  3.0356400E-08  3.0356361E-08  7.7046700E-08  7.7066169E-08 -1.0971859E-04
   ti50     50   1.9717561E-13  2.9659612E-08  2.9659414E-08  7.5278201E-08  7.5296811E-08 -1.0733648E-04
    v51     51   2.3447910E-13  6.5364411E-08  6.5364176E-08  1.6589952E-07  1.6594106E-07 -1.0873468E-04
   cr52     52  -1.4097168E-11  2.6794592E-06  2.6794733E-06  6.8006580E-06  6.8024206E-06 -1.1254090E-04
   cr53     53   3.0979663E-12  3.0967524E-07  3.0967215E-07  7.8597776E-07  7.8616949E-07 -1.0593830E-04
   cr54     54   7.2475359E-13  7.8539188E-08  7.8538463E-08  1.9933805E-07  1.9938683E-07 -1.0627491E-04
   mn55     55  -1.1368684E-12  2.3400521E-06  2.3400532E-06  5.9392187E-06  5.9407294E-06 -1.1044359E-04
   fe54     54   1.0732037E-10  1.5418551E-05  1.5418444E-05  3.9133378E-05  3.9143044E-05 -1.0725881E-04
   fe55     55   3.0749267E-39  3.0749267E-39  0.0000000E+00  7.8043819E-39  0.0000000E+00  0.0000000E+00
   fe56     56   1.4842954E-09  2.5099877E-04  2.5099728E-04  6.3705270E-04  6.3721073E-04 -1.0772487E-04
   fe57     57  -4.5019988E-11  5.9001145E-06  5.9001595E-06  1.4974910E-05  1.4978827E-05 -1.1357660E-04
   fe58     58   2.2168933E-12  7.9898405E-07  7.9898183E-07  2.0278783E-06  2.0283876E-06 -1.0907129E-04
   fe59     59   0.0000000E+00  0.0000000E+00  0.0000000E+00  0.0000000E+00  0.0000000E+00  0.0000000E+00
   fe60     60   0.0000000E+00  0.0000000E+00  0.0000000E+00  0.0000000E+00  0.0000000E+00  0.0000000E+00
   co59     59  -2.5579538E-12  6.1617652E-07  6.1617908E-07  1.5638998E-06  1.5643035E-06 -1.1210072E-04
   co60     60   5.5079017E-40  5.5079017E-40  0.0000000E+00  1.3979452E-39  0.0000000E+00  0.0000000E+00
   ni58     58  -3.8198777E-11  8.8162651E-06  8.8163033E-06  2.2376307E-05  2.2382086E-05 -1.1215251E-04
   ni59     59   0.0000000E+00  0.0000000E+00  0.0000000E+00  0.0000000E+00  0.0000000E+00  0.0000000E+00
   ni60     60  -4.0927262E-12  3.5131625E-06  3.5131666E-06  8.9166560E-06  8.9189307E-06 -1.1078019E-04
   ni61     61   1.8474111E-13  1.5526359E-07  1.5526341E-07  3.9407004E-07  3.9416963E-07 -1.0974449E-04
   ni62     62  -1.2505552E-12  5.0314299E-07  5.0314424E-07  1.2770126E-06  1.2773401E-06 -1.1132393E-04
   ni63     63   0.0000000E+00  0.0000000E+00  0.0000000E+00  0.0000000E+00  0.0000000E+00  0.0000000E+00
   ni64     64  -6.2527761E-13  1.3227236E-07  1.3227299E-07  3.3571666E-07  3.3580349E-07 -1.1230785E-04
   cu63     63  -3.6237680E-13  1.0917311E-07  1.0917348E-07  2.7708913E-07  2.7716041E-07 -1.1171232E-04
   cu64     64   0.0000000E+00  0.0000000E+00  0.0000000E+00  0.0000000E+00  0.0000000E+00  0.0000000E+00
   cu65     65  -2.8421709E-14  5.0204253E-08  5.0204282E-08  1.2742197E-07  1.2745440E-07 -1.1052127E-04
   zn64     64  -2.1316282E-13  1.8704728E-07  1.8704749E-07  4.7473929E-07  4.7486037E-07 -1.1075429E-04
   zn65     65   0.0000000E+00  0.0000000E+00  0.0000000E+00  0.0000000E+00  0.0000000E+00  0.0000000E+00
   zn66     66   5.6843419E-13  1.1066466E-07  1.1066409E-07  2.8087476E-07  2.8094465E-07 -1.0806148E-04
   zn67     67   7.9936058E-14  1.6508682E-08  1.6508602E-08  4.1900211E-08  4.1910646E-08 -1.0813915E-04
   zn68     68   1.1368684E-13  7.6624232E-08  7.6624119E-08  1.9447775E-07  1.9452685E-07 -1.0964092E-04
   zn69     69   0.0000000E+00  0.0000000E+00  0.0000000E+00  0.0000000E+00  0.0000000E+00  0.0000000E+00
   zn70     70   2.2426505E-14  2.6082823E-09  2.6082598E-09  6.6200059E-09  6.6216299E-09 -1.0653383E-04
   ga69     69   3.7303494E-14  7.0249349E-09  7.0248976E-09  1.7829784E-08  1.7834218E-08 -1.0798380E-04
   ga70     70   0.0000000E+00  0.0000000E+00  0.0000000E+00  0.0000000E+00  0.0000000E+00  0.0000000E+00
   ga71     71   8.8817842E-16  4.7973407E-09  4.7973399E-09  1.2175992E-08  1.2179081E-08 -1.1015876E-04
   ge70     70   4.7961635E-14  7.8136617E-09  7.8136138E-09  1.9831630E-08  1.9836543E-08 -1.0759541E-04
   ge71     71   0.0000000E+00  0.0000000E+00  0.0000000E+00  0.0000000E+00  0.0000000E+00  0.0000000E+00
   ge72     72  -5.9507954E-14  1.0620614E-08  1.0620673E-08  2.6955872E-08  2.6962867E-08 -1.1269625E-04
   ge73     73  -1.3100632E-14  3.0224960E-09  3.0225091E-09  7.6713098E-09  7.6732904E-09 -1.1212660E-04
   ge74     74   5.9507954E-14  1.4379978E-08  1.4379919E-08  3.6497408E-08  3.6506520E-08 -1.0842398E-04
   as75     75   5.1070259E-15  2.1082240E-09  2.1082189E-09  5.3508225E-09  5.3521680E-09 -1.0920074E-04
   se76     76   2.6645353E-15  2.1948503E-09  2.1948476E-09  5.5706861E-09  5.5720939E-09 -1.0974449E-04
   se77     77  -7.3274720E-15  1.8108177E-09  1.8108250E-09  4.5959840E-09  4.5971698E-09 -1.1202304E-04
   se78     78  -3.7747583E-14  5.7145026E-09  5.7145404E-09  1.4503814E-08  1.4507592E-08 -1.1311052E-04
   se79     79   0.0000000E+00  0.0000000E+00  0.0000000E+00  0.0000000E+00  0.0000000E+00  0.0000000E+00
   se80     80   6.2172489E-15  1.2232579E-08  1.2232572E-08  3.1047154E-08  3.1055023E-08 -1.1005520E-04
   br79     79   4.6629367E-15  1.9561870E-09  1.9561823E-09  4.9649418E-09  4.9661901E-09 -1.0917486E-04
   br80     80   0.0000000E+00  0.0000000E+00  0.0000000E+00  0.0000000E+00  0.0000000E+00  0.0000000E+00
   br81     81  -3.3306691E-15  1.9511492E-09  1.9511526E-09  4.9521556E-09  4.9534217E-09 -1.1101321E-04
   kr80     80   1.6098234E-15  4.6618670E-10  4.6618509E-10  1.1832150E-09  1.1835113E-09 -1.0876057E-04
   kr81     81   0.0000000E+00  0.0000000E+00  0.0000000E+00  0.0000000E+00  0.0000000E+00  0.0000000E+00
   kr82     82   2.2204460E-16  2.3942857E-09  2.3942854E-09  6.0768675E-09  6.0784093E-09 -1.1018466E-04
   kr83     83   2.3980817E-14  2.4009517E-09  2.4009277E-09  6.0937859E-09  6.0952723E-09 -1.0591241E-04
   kr84     84  -7.9047879E-14  1.1974842E-08  1.1974921E-08  3.0393000E-08  3.0400916E-08 -1.1308464E-04
   kr-5     85   1.8659592E-35  1.8659592E-35  0.0000000E+00  4.7359373E-35  0.0000000E+00  0.0000000E+00
   kr*5     85   0.0000000E+00  0.0000000E+00  0.0000000E+00  0.0000000E+00  0.0000000E+00  0.0000000E+00
   kr86     86   1.1102230E-14  3.7076091E-09  3.7075980E-09  9.4101757E-09  9.4125365E-09 -1.0894182E-04
   rb85     85  -1.3322676E-15  1.9435558E-09  1.9435571E-09  4.9328825E-09  4.9341389E-09 -1.1059894E-04
   rb86     86   0.0000000E+00  0.0000000E+00  0.0000000E+00  0.0000000E+00  0.0000000E+00  0.0000000E+00
   rb87     87  -1.0720258E-10  7.1145329E-10  8.1865587E-10  1.8057190E-09  2.0783344E-09 -6.1065242E-02
   sr86     86  -3.1086245E-15  9.0692903E-10  9.0693214E-10  2.3018503E-09  2.3024427E-09 -1.1176411E-04
   sr87     87   1.0719758E-10  7.4837503E-10  6.4117744E-10  1.8994291E-09  1.6277671E-09  6.7030817E-02
   sr88     88   3.1974423E-14  7.7755278E-09  7.7754958E-09  1.9734843E-08  1.9739774E-08 -1.0850165E-04
   sr89     89   0.0000000E+00  0.0000000E+00  0.0000000E+00  0.0000000E+00  0.0000000E+00  0.0000000E+00
   sr90     90   0.0000000E+00  0.0000000E+00  0.0000000E+00  0.0000000E+00  0.0000000E+00  0.0000000E+00
    y89     89   6.1062266E-15  1.8546754E-09  1.8546693E-09  4.7072981E-09  4.7084781E-09 -1.0883825E-04
    y90     90   0.0000000E+00  0.0000000E+00  0.0000000E+00  0.0000000E+00  0.0000000E+00  0.0000000E+00
    y91     91   0.0000000E+00  0.0000000E+00  0.0000000E+00  0.0000000E+00  0.0000000E+00  0.0000000E+00
   zr90     90   9.3258734E-15  2.2104931E-09  2.2104838E-09  5.6103886E-09  5.6117897E-09 -1.0844986E-04
   zr91     91   6.6613381E-16  4.8740245E-10  4.8740179E-10  1.2370621E-09  1.2373745E-09 -1.0966681E-04
   zr92     92  -1.8873791E-15  7.5319401E-10  7.5319589E-10  1.9116599E-09  1.9121502E-09 -1.1137572E-04
   zr93     93   0.0000000E+00  0.0000000E+00  0.0000000E+00  0.0000000E+00  0.0000000E+00  0.0000000E+00
   zr94     94  -3.3861802E-15  7.7989565E-10  7.7989903E-10  1.9794306E-09  1.9799418E-09 -1.1212660E-04
   zr95     95   0.0000000E+00  0.0000000E+00  0.0000000E+00  0.0000000E+00  0.0000000E+00  0.0000000E+00
   zr96     96   5.5511151E-16  1.2831922E-10  1.2831866E-10  3.2568329E-10  3.2576458E-10 -1.0839808E-04
   nb93     93   1.6653345E-16  3.3678288E-10  3.3678271E-10  8.5477891E-10  8.5499552E-10 -1.1002931E-04
   nb94     94   9.4176273E-26  9.4176273E-26  0.0000000E+00  2.3902609E-25  0.0000000E+00  0.0000000E+00
   nb95     95   0.0000000E+00  0.0000000E+00  0.0000000E+00  0.0000000E+00  0.0000000E+00  0.0000000E+00
   mo94     94  -3.8857806E-16  1.0554912E-10  1.0554951E-10  2.6789115E-10  2.6796015E-10 -1.1184179E-04
   mo95     95   5.9674488E-16  1.8462262E-10  1.8462203E-10  4.6858534E-10  4.6870280E-10 -1.0886414E-04
   mo96     96  -2.4980018E-16  1.9638638E-10  1.9638663E-10  4.9844262E-10  4.9856980E-10 -1.1080608E-04
   mo97     97   3.8857806E-16  1.1424989E-10  1.1424950E-10  2.8997435E-10  2.9004696E-10 -1.0873468E-04
   mo98     98  -1.6653345E-16  2.9330605E-10  2.9330621E-10  7.4443163E-10  7.4462103E-10 -1.1049537E-04
   tc99     99   0.0000000E+00  0.0000000E+00  0.0000000E+00  0.0000000E+00  0.0000000E+00  0.0000000E+00
   ru99     99  -6.0368377E-16  1.0240956E-10  1.0241016E-10  2.5992275E-10  2.5999028E-10 -1.1282570E-04
  ru100    100   5.2041704E-16  1.0214738E-10  1.0214686E-10  2.5925731E-10  2.5932181E-10 -1.0803559E-04
  ru101    101   4.8572257E-16  1.3968846E-10  1.3968797E-10  3.5453923E-10  3.5462799E-10 -1.0870878E-04
  ru102    102   1.3877788E-15  2.6088764E-10  2.6088626E-10  6.6215139E-10  6.6231598E-10 -1.0793201E-04
  rh103    103  -1.2490009E-16  1.6660770E-10  1.6660782E-10  4.2286219E-10  4.2296988E-10 -1.1059894E-04
  pd104    104  -4.1633363E-17  7.2908748E-11  7.2908790E-11  1.8504759E-10  1.8509468E-10 -1.1049537E-04
  pd105    105   1.2906343E-15  1.4754974E-10  1.4754845E-10  3.7449172E-10  3.7458353E-10 -1.0645615E-04
  pd106    106   1.9012569E-15  1.8230872E-10  1.8230682E-10  4.6271251E-10  4.6282517E-10 -1.0573117E-04
  pd107    107   0.0000000E+00  0.0000000E+00  0.0000000E+00  0.0000000E+00  0.0000000E+00  0.0000000E+00
  pd108    108  -1.0269563E-15  1.7983297E-10  1.7983399E-10  4.5642887E-10  4.5654736E-10 -1.1272213E-04
  ag107    107   4.1633363E-17  1.2385117E-10  1.2385112E-10  3.1434305E-10  3.1442277E-10 -1.1010698E-04
  ag108    108   0.0000000E+00  0.0000000E+00  0.0000000E+00  0.0000000E+00  0.0000000E+00  0.0000000E+00
  ag109    109   1.3877788E-16  1.1721310E-10  1.1721296E-10  2.9749520E-10  2.9757036E-10 -1.0971859E-04
  cd108    108   8.6736174E-19  6.9449472E-12  6.9449464E-12  1.7626770E-11  1.7631244E-11 -1.1021055E-04
  cd109    109   0.0000000E+00  0.0000000E+00  0.0000000E+00  0.0000000E+00  0.0000000E+00  0.0000000E+00
  cd110    110   5.4123372E-16  9.9269488E-11  9.9268947E-11  2.5195301E-10  2.5201560E-10 -1.0788023E-04
  cd111    111   6.5225603E-16  1.0265740E-10  1.0265675E-10  2.6055180E-10  2.6061631E-10 -1.0749184E-04
  cd112    112   1.4155344E-15  1.9526980E-10  1.9526838E-10  4.9560867E-10  4.9573090E-10 -1.0710346E-04
  cd113    113   4.3021142E-16  9.9771434E-11  9.9771004E-11  2.5322699E-10  2.5329019E-10 -1.0837219E-04
  cd114    114   7.7715612E-16  2.3664476E-10  2.3664398E-10  6.0062122E-10  6.0077171E-10 -1.0881235E-04
  in115    115  -3.0531133E-16  8.9230297E-11  8.9230602E-11  2.2647284E-10  2.2653111E-10 -1.1173821E-04
  sn116    116  -1.1102230E-16  2.7917291E-10  2.7917302E-10  7.0856071E-10  7.0874095E-10 -1.1046947E-04
  sn117    117  -1.6653345E-16  1.4873180E-10  1.4873197E-10  3.7749190E-10  3.7758816E-10 -1.1072840E-04
  sn118    118  -2.7755576E-16  4.5352741E-10  4.5352769E-10  1.1510848E-09  1.1513779E-09 -1.1057306E-04
  sn119    119   1.0269563E-15  1.6920046E-10  1.6919943E-10  4.2944279E-10  4.2954923E-10 -1.0762131E-04
  sn120    120  -7.2164497E-16  6.4712230E-10  6.4712302E-10  1.6424424E-09  1.6428614E-09 -1.1078019E-04
  sb121    121   5.6898930E-16  9.9796109E-11  9.9795540E-11  2.5328961E-10  2.5335251E-10 -1.0782845E-04
  te122    122  -4.7184479E-16  6.6335742E-11  6.6336214E-11  1.6836484E-10  1.6840879E-10 -1.1334356E-04
  te123    123   1.6306401E-16  2.3342869E-11  2.3342706E-11  5.9245865E-11  5.9260492E-11 -1.0720703E-04
  te124    124  -1.2490009E-16  1.2533113E-10  1.2533126E-10  3.1809932E-10  3.1818043E-10 -1.1070251E-04
  te125    125   7.0776718E-16  1.8844659E-10  1.8844588E-10  4.7829085E-10  4.7841048E-10 -1.0860521E-04
  te126    126  -6.6613381E-16  5.0618454E-10  5.0618520E-10  1.2847323E-09  1.2850603E-09 -1.1085787E-04
   i127    127   3.1641356E-15  6.3483024E-10  6.3482708E-10  1.6112442E-09  1.6116454E-09 -1.0811327E-04
   i128    128   0.0000000E+00  0.0000000E+00  0.0000000E+00  0.0000000E+00  0.0000000E+00  0.0000000E+00
   i129    129   0.0000000E+00  0.0000000E+00  0.0000000E+00  0.0000000E+00  0.0000000E+00  0.0000000E+00
  xe128    128   1.8735014E-16  6.8567887E-11  6.8567700E-11  1.7403018E-10  1.7407388E-10 -1.0904539E-04
  xe129    129  -2.1094237E-15  8.6077978E-10  8.6078189E-10  2.1847202E-09  2.1852804E-09 -1.1134982E-04
  xe130    130  -2.0816682E-16  1.3927537E-10  1.3927558E-10  3.5349079E-10  3.5358105E-10 -1.1088376E-04
  xe131    131  -5.1625371E-15  6.9573153E-10  6.9573669E-10  1.7658160E-09  1.7662775E-09 -1.1347303E-04
  xe132    132  -2.9420910E-15  8.5685614E-10  8.5685908E-10  2.1747617E-09  2.1753215E-09 -1.1176411E-04
  xe133    133   0.0000000E+00  0.0000000E+00  0.0000000E+00  0.0000000E+00  0.0000000E+00  0.0000000E+00
  xe134    134  -1.3322676E-15  3.2117226E-10  3.2117359E-10  8.1515800E-10  8.1536833E-10 -1.1204892E-04
  cs133    133   9.4368957E-16  2.2527405E-10  2.2527311E-10  5.7176158E-10  5.7190430E-10 -1.0839808E-04
  cs134    134   0.0000000E+00  0.0000000E+00  0.0000000E+00  0.0000000E+00  0.0000000E+00  0.0000000E+00
  cs135    135   0.0000000E+00  0.0000000E+00  0.0000000E+00  0.0000000E+00  0.0000000E+00  0.0000000E+00
  cs136    136   0.0000000E+00  0.0000000E+00  0.0000000E+00  0.0000000E+00  0.0000000E+00  0.0000000E+00
  cs137    137   0.0000000E+00  0.0000000E+00  0.0000000E+00  0.0000000E+00  0.0000000E+00  0.0000000E+00
  ba134    134   5.5511151E-17  6.9061215E-11  6.9061160E-11  1.7528227E-10  1.7532664E-10 -1.0992574E-04
  ba135    135   5.9674488E-16  1.8976157E-10  1.8976097E-10  4.8162835E-10  4.8174914E-10 -1.0891592E-04
  ba136    136  -2.0816682E-16  2.2776440E-10  2.2776461E-10  5.7808225E-10  5.7822958E-10 -1.1067662E-04
  ba137    137   2.0539126E-15  3.2812325E-10  3.2812120E-10  8.3280016E-10  8.3300644E-10 -1.0756953E-04
  ba138    138   1.4654944E-14  2.1098345E-09  2.1098199E-09  5.3549098E-09  5.3562323E-09 -1.0723292E-04
  la139    139  -1.3045121E-15  2.8938679E-10  2.8938810E-10  7.3448425E-10  7.3467410E-10 -1.1223018E-04
  ce140    140   3.5527137E-15  6.6325506E-10  6.6325151E-10  1.6833885E-09  1.6838070E-09 -1.0793201E-04
  ce141    141   0.0000000E+00  0.0000000E+00  0.0000000E+00  0.0000000E+00  0.0000000E+00  0.0000000E+00
  ce142    142  -4.6490589E-16  8.4531486E-11  8.4531951E-11  2.1454692E-10  2.1460257E-10 -1.1264446E-04
  pr141    141   1.2490009E-16  1.1430824E-10  1.1430812E-10  2.9012245E-10  2.9019581E-10 -1.0979627E-04
  nd142    142   4.1633363E-16  1.5248174E-10  1.5248132E-10  3.8700948E-10  3.8710671E-10 -1.0909717E-04
  nd143    143   1.8041124E-16  6.8267558E-11  6.8267378E-11  1.7326791E-10  1.7331146E-10 -1.0914896E-04
  nd144    144  -5.9674488E-16  1.3567407E-10  1.3567467E-10  3.4435044E-10  3.4443937E-10 -1.1215251E-04
  nd145    145  -3.0184188E-16  5.0452899E-11  5.0453201E-11  1.2805304E-10  1.2808633E-10 -1.1290338E-04
  nd146    146   5.1347815E-16  9.9305571E-11  9.9305057E-11  2.5204461E-10  2.5210731E-10 -1.0803559E-04
  nd147    147   0.0000000E+00  0.0000000E+00  0.0000000E+00  0.0000000E+00  0.0000000E+00  0.0000000E+00
  nd148    148  -1.3183898E-16  3.3589975E-11  3.3590106E-11  8.5253742E-11  8.5275731E-11 -1.1199713E-04
  pm147    147   0.0000000E+00  0.0000000E+00  0.0000000E+00  0.0000000E+00  0.0000000E+00  0.0000000E+00
  pm148    148   0.0000000E+00  0.0000000E+00  0.0000000E+00  0.0000000E+00  0.0000000E+00  0.0000000E+00
  sm147    147   1.1796120E-16  2.7038307E-11  2.7038189E-11  6.8625147E-11  6.8642272E-11 -1.0837219E-04
  sm148    148   1.2836954E-16  2.0412130E-11  2.0412002E-11  5.1807437E-11  5.1820267E-11 -1.0754362E-04
  sm149    149  -1.0408341E-16  2.5266893E-11  2.5266997E-11  6.4129167E-11  6.4145723E-11 -1.1210072E-04
  sm150    150  -6.0715322E-17  1.3583286E-11  1.3583346E-11  3.4475346E-11  3.4484252E-11 -1.1217839E-04
  sm151    151   5.3863085E-29  5.3863085E-29  0.0000000E+00  1.3670833E-28  0.0000000E+00  0.0000000E+00
  sm152    152  -2.7061686E-16  4.9892295E-11  4.9892566E-11  1.2663019E-10  1.2666303E-10 -1.1259268E-04
  eu151    151   1.8388069E-16  3.2912225E-11  3.2912041E-11  8.3533569E-11  8.3554309E-11 -1.0782845E-04
  eu152    152   2.2703273E-34  2.2703273E-34  0.0000000E+00  5.7622522E-34  0.0000000E+00  0.0000000E+00
  eu153    153   1.0408341E-17  3.6403165E-11  3.6403155E-11  9.2393822E-11  9.2417254E-11 -1.1013288E-04
  eu154    154   7.5969425E-37  7.5969425E-37  0.0000000E+00  1.9281580E-36  0.0000000E+00  0.0000000E+00
  eu155    155   0.0000000E+00  0.0000000E+00  0.0000000E+00  0.0000000E+00  0.0000000E+00  0.0000000E+00
  gd152    152   2.0599841E-18  4.8054876E-13  4.8054670E-13  1.2196669E-12  1.2199714E-12 -1.0839808E-04
  gd153    153   0.0000000E+00  0.0000000E+00  0.0000000E+00  0.0000000E+00  0.0000000E+00  0.0000000E+00
  gd154    154  -1.3444107E-17  5.3069086E-12  5.3069220E-12  1.3469312E-11  1.3472765E-11 -1.1132393E-04
  gd155    155   3.1225023E-17  3.6262458E-11  3.6262427E-11  9.2036698E-11  9.2059992E-11 -1.0989984E-04
  gd156    156  -9.3675068E-17  5.0477348E-11  5.0477442E-11  1.2811510E-10  1.2814787E-10 -1.1106500E-04
  gd157    157  -1.9428903E-16  3.8838731E-11  3.8838925E-11  9.8575460E-11  9.8600975E-11 -1.1238553E-04
  gd158    158  -1.2490009E-16  6.2039505E-11  6.2039630E-11  1.5746067E-10  1.5750097E-10 -1.1114268E-04
  gd159    159   0.0000000E+00  0.0000000E+00  0.0000000E+00  0.0000000E+00  0.0000000E+00  0.0000000E+00
  gd160    160  -1.0408341E-16  5.5287989E-11  5.5288094E-11  1.4032485E-10  1.4036075E-10 -1.1109090E-04
  tb159    159  -1.2490009E-16  4.6801389E-11  4.6801514E-11  1.1878526E-10  1.1881574E-10 -1.1140160E-04
  tb160    160   0.0000000E+00  0.0000000E+00  0.0000000E+00  0.0000000E+00  0.0000000E+00  0.0000000E+00
  tb161    161   0.0000000E+00  0.0000000E+00  0.0000000E+00  0.0000000E+00  0.0000000E+00  0.0000000E+00
  dy160    160  -1.2576745E-17  7.0818538E-12  7.0818663E-12  1.7974249E-11  1.7978844E-11 -1.1101321E-04
  dy161    161   1.0755286E-16  5.7796070E-11  5.7795962E-11  1.4669053E-10  1.4672751E-10 -1.0943378E-04
  dy162    162  -1.5959456E-16  7.8431962E-11  7.8432122E-11  1.9906590E-10  1.9911686E-10 -1.1116859E-04
  dy163    163  -2.6367797E-16  7.7121649E-11  7.7121913E-11  1.9574023E-10  1.9579061E-10 -1.1176411E-04
  dy164    164  -5.5511151E-17  8.8078378E-11  8.8078433E-11  2.2354918E-10  2.2360609E-10 -1.1054715E-04
  ho165    165  -3.4694470E-16  6.8602575E-11  6.8602922E-11  1.7411822E-10  1.7416331E-10 -1.1243731E-04
  er166    166   2.0122792E-16  6.5171271E-11  6.5171070E-11  1.6540933E-10  1.6545082E-10 -1.0894182E-04
  er167    167  -1.9775848E-16  4.4752532E-11  4.4752729E-11  1.1358511E-10  1.1361444E-10 -1.1215251E-04
  er168    168   2.5326963E-16  5.3109999E-11  5.3109746E-11  1.3479695E-10  1.3483055E-10 -1.0824273E-04
  er169    169   0.0000000E+00  0.0000000E+00  0.0000000E+00  0.0000000E+00  0.0000000E+00  0.0000000E+00
  er170    170   2.0469737E-16  2.9702098E-11  2.9701894E-11  7.5386038E-11  7.5404655E-11 -1.0723292E-04
  tm169    169   2.4286129E-17  3.1386602E-11  3.1386577E-11  7.9661430E-11  7.9681595E-11 -1.0992574E-04
  tm170    170   0.0000000E+00  0.0000000E+00  0.0000000E+00  0.0000000E+00  0.0000000E+00  0.0000000E+00
  tm171    171   0.0000000E+00  0.0000000E+00  0.0000000E+00  0.0000000E+00  0.0000000E+00  0.0000000E+00
  yb170    170   5.4210109E-17  5.9363478E-12  5.9362936E-12  1.5066873E-11  1.5070561E-11 -1.0630079E-04
  yb171    171   1.5092094E-16  2.8233768E-11  2.8233617E-11  7.1659310E-11  7.1677116E-11 -1.0790612E-04
  yb172    172   4.3368087E-16  4.3718657E-11  4.3718223E-11  1.1096106E-10  1.1098814E-10 -1.0596419E-04
  yb173    173   1.7000290E-16  3.2638611E-11  3.2638441E-11  8.2839118E-11  8.2859719E-11 -1.0798380E-04
  yb174    174   2.4286129E-16  6.5306996E-11  6.5306753E-11  1.6575380E-10  1.6579528E-10 -1.0868290E-04
  lu175    175  -1.1102230E-16  2.9476012E-11  2.9476123E-11  7.4812212E-11  7.4831488E-11 -1.1189357E-04
  lu176    176  -1.4567319E-13  7.1471241E-13  8.6038560E-13  1.8139909E-12  2.1842742E-12 -8.0672048E-02
  lu177    177   0.0000000E+00  0.0000000E+00  0.0000000E+00  0.0000000E+00  0.0000000E+00  0.0000000E+00
  hf176    176   1.4565476E-13  6.7659524E-12  6.6202976E-12  1.7172468E-11  1.6807052E-11  9.3411896E-03
  hf177    177   9.1940344E-17  2.3795133E-11  2.3795041E-11  6.0393739E-11  6.0408838E-11 -1.0855343E-04
  hf178    178  -5.8980598E-17  3.5105811E-11  3.5105870E-11  8.9101046E-11  8.9123812E-11 -1.1096143E-04
  hf179    179   6.4184769E-17  1.7626935E-11  1.7626870E-11  4.4738414E-11  4.4749610E-11 -1.0865700E-04
  hf180    180   2.1163626E-16  4.5649044E-11  4.5648832E-11  1.1586052E-10  1.1588940E-10 -1.0824273E-04
  hf181    181   0.0000000E+00  0.0000000E+00  0.0000000E+00  0.0000000E+00  0.0000000E+00  0.0000000E+00
  hf182    182   0.0000000E+00  0.0000000E+00  0.0000000E+00  0.0000000E+00  0.0000000E+00  0.0000000E+00
  ta181    181  -2.2551405E-17  1.9341164E-11  1.9341187E-11  4.9089250E-11  4.9101771E-11 -1.1075429E-04
  ta182    182   0.0000000E+00  0.0000000E+00  0.0000000E+00  0.0000000E+00  0.0000000E+00  0.0000000E+00
  ta183    183   0.0000000E+00  0.0000000E+00  0.0000000E+00  0.0000000E+00  0.0000000E+00  0.0000000E+00
   w182    182   1.9428903E-16  3.0351430E-11  3.0351235E-11  7.7034087E-11  7.7053156E-11 -1.0749184E-04
   w183    183  -1.7347235E-18  1.6479785E-11  1.6479786E-11  4.1826865E-11  4.1837488E-11 -1.1028823E-04
   w184    184   3.8163916E-16  3.5478655E-11  3.5478273E-11  9.0047352E-11  9.0069244E-11 -1.0557581E-04
   w185    185   0.0000000E+00  0.0000000E+00  0.0000000E+00  0.0000000E+00  0.0000000E+00  0.0000000E+00
   w186    186  -2.2204460E-16  3.3276965E-11  3.3277187E-11  8.4459301E-11  8.4481318E-11 -1.1318821E-04
  re185    185   1.1796120E-16  1.6913575E-11  1.6913457E-11  4.2927856E-11  4.2938458E-11 -1.0725881E-04
  re186    186   0.0000000E+00  0.0000000E+00  0.0000000E+00  0.0000000E+00  0.0000000E+00  0.0000000E+00
  re187    187  -4.8040790E-12  2.6039606E-11  3.0843685E-11  6.6090369E-11  7.8303343E-11 -7.3642142E-02
  os186    186  -7.8062556E-18  9.3743797E-12  9.3743876E-12  2.3792843E-11  2.3798902E-11 -1.1059894E-04
  os187    187   4.8039914E-12  1.2300222E-11  7.4962302E-12  3.1218837E-11  1.9030796E-11  2.1495976E-01
  os188    188   3.9551695E-16  7.9080617E-11  7.9080222E-11  2.0071222E-10  2.0076218E-10 -1.0808737E-04
  os189    189   2.7061686E-16  9.6931012E-11  9.6930741E-11  2.4601779E-10  2.4607960E-10 -1.0909717E-04
  os190    190  -3.6082248E-16  1.5846571E-10  1.5846607E-10  4.0219725E-10  4.0230028E-10 -1.1124626E-04
  os191    191   0.0000000E+00  0.0000000E+00  0.0000000E+00  0.0000000E+00  0.0000000E+00  0.0000000E+00
  os192    192  -4.4408921E-16  2.4870428E-10  2.4870472E-10  6.3122912E-10  6.3139055E-10 -1.1103912E-04
  ir191    191   1.3183898E-15  2.0970332E-10  2.0970201E-10  5.3224197E-10  5.3237376E-10 -1.0751774E-04
  ir192    192   0.0000000E+00  0.0000000E+00  0.0000000E+00  0.0000000E+00  0.0000000E+00  0.0000000E+00
  ir193    193   3.9412917E-15  3.5619618E-10  3.5619224E-10  9.0405122E-10  9.0427077E-10 -1.0544635E-04
  pt192    192  -2.9490299E-17  8.8177070E-12  8.8177365E-12  2.2379968E-11  2.2385725E-11 -1.1171232E-04
  pt193    193   2.3430924E-30  2.3430924E-30  0.0000000E+00  5.9469350E-30  0.0000000E+00  0.0000000E+00
  pt194    194  -8.3266727E-16  3.7561085E-10  3.7561168E-10  9.5332708E-10  9.5357122E-10 -1.1119447E-04
  pt195    195   3.4972025E-15  3.8747031E-10  3.8746681E-10  9.8342723E-10  9.8366804E-10 -1.0632669E-04
  pt196    196   7.2164497E-16  2.9056260E-10  2.9056188E-10  7.3746853E-10  7.3765399E-10 -1.0920074E-04
  au197    197   0.0000000E+00  1.7511644E-10  1.7511644E-10  4.4445797E-10  4.4457080E-10 -1.1023645E-04
  hg198    198   3.8163916E-16  4.1136795E-11  4.1136414E-11  1.0440811E-10  1.0443365E-10 -1.0619723E-04
  hg199    199   1.3877788E-17  6.9955916E-11  6.9955902E-11  1.7755308E-10  1.7759814E-10 -1.1021055E-04
  hg200    200   5.4817262E-16  9.6271054E-11  9.6270505E-11  2.4434277E-10  2.4440344E-10 -1.0782845E-04
  hg201    201   2.1163626E-16  5.5202166E-11  5.5201954E-11  1.4010702E-10  1.4014206E-10 -1.0860521E-04
  hg202    202   4.3021142E-16  1.2568797E-10  1.2568754E-10  3.1900502E-10  3.1908490E-10 -1.0873468E-04
  tl203    203   3.9551695E-16  4.9719170E-11  4.9718774E-11  1.2619079E-10  1.2622182E-10 -1.0679275E-04
  tl204    204   0.0000000E+00  0.0000000E+00  0.0000000E+00  0.0000000E+00  0.0000000E+00  0.0000000E+00
  tl205    205   2.7755576E-16  1.1985583E-10  1.1985556E-10  3.0420264E-10  3.0427916E-10 -1.0922664E-04
  pb204    204   1.5959456E-16  6.2931833E-11  6.2931674E-11  1.5972547E-10  1.5976563E-10 -1.0920074E-04
  pb205    205   0.0000000E+00  0.0000000E+00  0.0000000E+00  0.0000000E+00  0.0000000E+00  0.0000000E+00
  pb206    206   3.3306691E-15  5.9131217E-10  5.9130884E-10  1.5007923E-09  1.5011649E-09 -1.0780255E-04
  pb207    207   6.1062266E-15  6.5753292E-10  6.5752681E-10  1.6688653E-09  1.6692735E-09 -1.0622312E-04
  pb208    208   3.5527137E-15  1.8911386E-09  1.8911350E-09  4.7998441E-09  4.8010542E-09 -1.0948556E-04
  bi209    209  -1.0269563E-15  1.3152371E-10  1.3152474E-10  3.3381653E-10  3.3390390E-10 -1.1365427E-04
  bi210    210   0.0000000E+00  0.0000000E+00  0.0000000E+00  0.0000000E+00  0.0000000E+00  0.0000000E+00
  po210    210   0.0000000E+00  0.0000000E+00  0.0000000E+00  0.0000000E+00  0.0000000E+00  0.0000000E+00
