  species    A      yield       mass(i)_lost    mass(i)_0        <X(i)>          X0(i)   log10(<X(i)>/X0(i)) 
      n      1   0.0000000E+00  0.0000000E+00  0.0000000E+00  0.0000000E+00  0.0000000E+00  0.0000000E+00
      p      1  -5.4671645E-02  1.1083997E+00  1.1630714E+00  6.9842452E-01  7.3292029E-01 -2.0937273E-02
      d      2   1.0005749E-17  1.0005749E-17  0.0000000E+00  6.3048194E-18  0.0000000E+00  0.0000000E+00
    he3      3   2.5515736E-04  2.5515736E-04  0.0000000E+00  1.6077969E-04  0.0000000E+00  0.0000000E+00
    he4      4   4.1566312E-02  4.5411551E-01  4.1254920E-01  2.8614715E-01  2.5997174E-01  4.1663285E-02
    li7      7  -4.8780873E-09  2.3415234E-09  7.2196107E-09  1.4754401E-09  4.5495052E-09 -4.8904258E-01
    be7      7   8.2256238E-18  8.2256238E-18  0.0000000E+00  5.1831278E-18  0.0000000E+00  0.0000000E+00
     b8      8   2.1930856E-28  2.1930856E-28  0.0000000E+00  1.3819065E-28  0.0000000E+00  0.0000000E+00
    c12     12   9.8524187E-03  1.1840176E-02  1.9877574E-03  7.4607283E-03  1.2526038E-03  7.7496749E-01
    c13     13   3.0732001E-05  5.4819717E-05  2.4087716E-05  3.4542983E-05  1.5179100E-05  3.5711384E-01
    c14     14   4.4889186E-09  4.4889186E-09  0.0000000E+00  2.8285561E-09  0.0000000E+00  0.0000000E+00
    n13     13   0.0000000E+00  0.0000000E+00  0.0000000E+00  0.0000000E+00  0.0000000E+00  0.0000000E+00
    n14     14   8.4125547E-04  1.4289541E-03  5.8769860E-04  9.0041215E-04  3.7034374E-04  3.8583633E-01
    n15     15  -6.5655888E-07  7.9101289E-07  1.4475718E-06  4.9843283E-07  9.1220090E-07 -2.6248387E-01
    o14     14   0.0000000E+00  0.0000000E+00  0.0000000E+00  0.0000000E+00  0.0000000E+00  0.0000000E+00
    o15     15   0.0000000E+00  0.0000000E+00  0.0000000E+00  0.0000000E+00  0.0000000E+00  0.0000000E+00
    o16     16   3.0268962E-04  5.1026046E-03  4.7999150E-03  3.2152517E-03  3.0247113E-03  2.6531059E-02
    o17     17   2.4709432E-05  2.6647002E-05  1.9375691E-06  1.6790802E-05  1.2209773E-06  1.1383638E+00
    o18     18  -3.3860033E-06  7.4138043E-06  1.0799808E-05  4.6715841E-06  6.8055997E-06 -1.6340226E-01
    o19     19   0.0000000E+00  0.0000000E+00  0.0000000E+00  0.0000000E+00  0.0000000E+00  0.0000000E+00
    f17     17   0.0000000E+00  0.0000000E+00  0.0000000E+00  0.0000000E+00  0.0000000E+00  0.0000000E+00
    f18     18   0.0000000E+00  0.0000000E+00  0.0000000E+00  0.0000000E+00  0.0000000E+00  0.0000000E+00
    f19     19   1.8770969E-06  2.1881019E-06  3.1100501E-07  1.3787661E-06  1.9598269E-07  8.4727287E-01
    f20     20   0.0000000E+00  0.0000000E+00  0.0000000E+00  0.0000000E+00  0.0000000E+00  0.0000000E+00
   ne19     19   0.0000000E+00  0.0000000E+00  0.0000000E+00  0.0000000E+00  0.0000000E+00  0.0000000E+00
   ne20     20   9.6532749E-06  9.9426543E-04  9.8461215E-04  6.2650623E-04  6.2046252E-04  4.2098155E-03
   ne21     21   5.9065769E-07  3.0689282E-06  2.4782705E-06  1.9337922E-06  1.5617053E-06  9.2810728E-02
   ne22     22   1.7418092E-03  1.8214483E-03  7.9639140E-05  1.1477305E-03  5.0185346E-05  1.3592629E+00
   ne23     23   0.0000000E+00  0.0000000E+00  0.0000000E+00  0.0000000E+00  0.0000000E+00  0.0000000E+00
   na21     21   0.0000000E+00  0.0000000E+00  0.0000000E+00  0.0000000E+00  0.0000000E+00  0.0000000E+00
   na22     22   1.7496867E-25  1.7496867E-25  0.0000000E+00  1.1025121E-25  0.0000000E+00  0.0000000E+00
   na23     23   2.9474095E-05  5.6128025E-05  2.6653930E-05  3.5367375E-05  1.6796224E-05  3.2339114E-01
   na24     24   0.0000000E+00  0.0000000E+00  0.0000000E+00  0.0000000E+00  0.0000000E+00  0.0000000E+00
   mg23     23   0.0000000E+00  0.0000000E+00  0.0000000E+00  0.0000000E+00  0.0000000E+00  0.0000000E+00
   mg24     24   9.0342655E-06  4.7871203E-04  4.6967776E-04  3.0164589E-04  2.9597184E-04  8.2470067E-03
   mg25     25   5.0873568E-06  6.7025278E-05  6.1937921E-05  4.2233947E-05  3.9030758E-05  3.4254685E-02
   mg26     26   1.0814183E-06  7.2002753E-05  7.0921335E-05  4.5370354E-05  4.4691740E-05  6.5448857E-03
   mg27     27   0.0000000E+00  0.0000000E+00  0.0000000E+00  0.0000000E+00  0.0000000E+00  0.0000000E+00
   al25     25   0.0000000E+00  0.0000000E+00  0.0000000E+00  0.0000000E+00  0.0000000E+00  0.0000000E+00
   al-6     26   0.0000000E+00  0.0000000E+00  0.0000000E+00  0.0000000E+00  0.0000000E+00  0.0000000E+00
   al*6     26   0.0000000E+00  0.0000000E+00  0.0000000E+00  0.0000000E+00  0.0000000E+00  0.0000000E+00
   al27     27   3.4666118E-06  4.8692400E-05  4.5225788E-05  3.0682040E-05  2.8499451E-05  3.2047722E-02
   al28     28   0.0000000E+00  0.0000000E+00  0.0000000E+00  0.0000000E+00  0.0000000E+00  0.0000000E+00
   si27     27   0.0000000E+00  0.0000000E+00  0.0000000E+00  0.0000000E+00  0.0000000E+00  0.0000000E+00
   si28     28   4.5140041E-07  5.2050775E-04  5.2005635E-04  3.2798218E-04  3.2771836E-04  3.4947525E-04
   si29     29   8.5885404E-08  2.7437265E-05  2.7351380E-05  1.7288761E-05  1.7235727E-05  1.3342855E-03
   si30     30   3.0291267E-07  1.8954262E-05  1.8651350E-05  1.1943454E-05  1.1753322E-05  6.9693350E-03
    p31     31   5.9699914E-07  5.7895895E-06  5.1925904E-06  3.6481345E-06  3.2721596E-06  4.7236379E-02
    p32     32   0.0000000E+00  0.0000000E+00  0.0000000E+00  0.0000000E+00  0.0000000E+00  0.0000000E+00
    p33     33   0.0000000E+00  0.0000000E+00  0.0000000E+00  0.0000000E+00  0.0000000E+00  0.0000000E+00
    s32     32  -5.9296144E-07  2.4862232E-04  2.4921529E-04  1.5666183E-04  1.5704533E-04 -1.0618452E-03
    s33     33   7.7256118E-08  2.1347953E-06  2.0575392E-06  1.3451767E-06  1.2965775E-06  1.5980830E-02
    s34     34   6.6500434E-08  1.2032601E-05  1.1966101E-05  7.5819794E-06  7.5405505E-06  2.3795343E-03
    s35     35   0.0000000E+00  0.0000000E+00  0.0000000E+00  0.0000000E+00  0.0000000E+00  0.0000000E+00
    s36     36   1.9882158E-08  7.8949370E-08  5.9067212E-08  4.9747555E-08  3.7221753E-08  1.2597491E-01
   cl35     35  -1.6805416E-08  2.5396869E-06  2.5564923E-06  1.6003067E-06  1.6109974E-06 -2.8915934E-03
   cl36     36   0.0000000E+00  0.0000000E+00  0.0000000E+00  0.0000000E+00  0.0000000E+00  0.0000000E+00
   cl37     37   1.9545757E-07  1.0592127E-06  8.6375508E-07  6.6743075E-07  5.4430336E-07  8.8565193E-02
   ar36     36  -3.1926174E-07  4.7286379E-05  4.7605641E-05  2.9796080E-05  2.9999139E-05 -2.9496567E-03
   ar37     37   0.0000000E+00  0.0000000E+00  0.0000000E+00  0.0000000E+00  0.0000000E+00  0.0000000E+00
   ar38     38   1.0194162E-07  9.2385426E-06  9.1366010E-06  5.8213877E-06  5.7575144E-06  4.7914712E-03
   ar39     39   6.1194639E-12  6.1194639E-12  0.0000000E+00  3.8559950E-12  0.0000000E+00  0.0000000E+00
   ar40     40   2.3878584E-08  3.9260641E-08  1.5382057E-08  2.4738904E-08  9.6931458E-09  4.0691572E-01
    k39     39   2.1533424E-08  2.5000156E-06  2.4784822E-06  1.5753092E-06  1.5618388E-06  3.7295877E-03
    k40     40  -4.0121928E-10  0.0000000E+00  4.0121928E-10  0.0000000E+00  2.5283206E-10  0.0000000E+00
    k41     41   2.7659482E-08  2.1569362E-07  1.8803414E-07  1.3591280E-07  1.1849146E-07  5.9573289E-02
   ca40     40  -2.2892345E-07  4.2682543E-05  4.2911466E-05  2.6895112E-05  2.7041060E-05 -2.3503490E-03
   ca41     41   0.0000000E+00  0.0000000E+00  0.0000000E+00  0.0000000E+00  0.0000000E+00  0.0000000E+00
   ca42     42   1.8116680E-08  3.1884460E-07  3.0072792E-07  2.0091026E-07  1.8950651E-07  2.5377974E-02
   ca43     43   3.5661074E-09  6.7807399E-08  6.4241291E-08  4.2726779E-08  4.0482252E-08  2.3435492E-02
   ca44     44   2.0231710E-08  1.0359850E-06  1.0157532E-06  6.5279454E-07  6.4008640E-07  8.5379323E-03
   ca45     45   0.0000000E+00  0.0000000E+00  0.0000000E+00  0.0000000E+00  0.0000000E+00  0.0000000E+00
   ca46     46   1.7863329E-08  1.9899625E-08  2.0362969E-09  1.2539146E-08  1.2831914E-09  9.8997647E-01
   ca47     47   0.0000000E+00  0.0000000E+00  0.0000000E+00  0.0000000E+00  0.0000000E+00  0.0000000E+00
   ca48     48  -1.9709745E-10  9.9138411E-08  9.9335509E-08  6.2469070E-08  6.2597195E-08 -8.8983512E-04
   sc45     45   4.1559716E-09  3.2813109E-08  2.8657137E-08  2.0676186E-08  1.8058563E-08  5.8787256E-02
   sc46     46   0.0000000E+00  0.0000000E+00  0.0000000E+00  0.0000000E+00  0.0000000E+00  0.0000000E+00
   sc47     47   0.0000000E+00  0.0000000E+00  0.0000000E+00  0.0000000E+00  0.0000000E+00  0.0000000E+00
   sc48     48  -3.5817783E-32  1.8038388E-29  1.8074206E-29  1.1366344E-29  1.1389629E-29  0.0000000E+00
   ti46     46   3.5313121E-09  1.7861117E-07  1.7507986E-07  1.1254642E-07  1.1032820E-07  8.6451834E-03
   ti47     47   4.2078341E-10  1.6174403E-07  1.6132324E-07  1.0191810E-07  1.0165935E-07  1.1039784E-03
   ti48     48  -1.4077841E-08  1.6183984E-06  1.6324763E-06  1.0197848E-06  1.0287201E-06 -3.7887108E-03
   ti49     49   1.8968237E-08  1.4126456E-07  1.2229633E-07  8.9013589E-08  7.7066169E-08  6.2592551E-02
   ti50     50   6.7845974E-08  1.8733451E-07  1.1948853E-07  1.1804317E-07  7.5296811E-08  1.9526428E-01
    v51     51  -1.8077913E-09  2.6152412E-07  2.6333191E-07  1.6479150E-07  1.6594106E-07 -3.0190402E-03
   cr52     52  -4.9148184E-08  1.0745614E-05  1.0794763E-05  6.7710234E-06  6.8024206E-06 -2.0091720E-03
   cr53     53  -6.4900405E-09  1.2410825E-06  1.2475725E-06  7.8203055E-07  7.8616949E-07 -2.2924698E-03
   cr54     54   3.8100467E-08  3.5450748E-07  3.1640701E-07  2.2338214E-07  1.9938683E-07  4.9351964E-02
   mn55     55   2.1758206E-07  9.6449266E-06  9.4273446E-06  6.0774582E-06  5.9407294E-06  9.8822135E-03
   fe54     54  -8.1584585E-07  6.1300263E-05  6.2116109E-05  3.8626506E-05  3.9143044E-05 -5.7691741E-03
   fe55     55   1.3393127E-24  1.3393127E-24  0.0000000E+00  8.4392734E-25  0.0000000E+00  0.0000000E+00
   fe56     56  -6.2251929E-06  1.0049646E-03  1.0111898E-03  6.3324801E-04  6.3721073E-04 -2.7092455E-03
   fe57     57   1.8642622E-06  2.5634166E-05  2.3769904E-05  1.6152593E-05  1.4978827E-05  3.2764427E-02
   fe58     58   1.4147204E-06  4.6335690E-06  3.2188486E-06  2.9197031E-06  2.0283876E-06  1.5818775E-01
   fe59     59   0.0000000E+00  0.0000000E+00  0.0000000E+00  0.0000000E+00  0.0000000E+00  0.0000000E+00
   fe60     60   0.0000000E+00  0.0000000E+00  0.0000000E+00  0.0000000E+00  0.0000000E+00  0.0000000E+00
   co59     59   3.7539417E-07  2.8577876E-06  2.4823935E-06  1.8007484E-06  1.5643035E-06  6.1132006E-02
   co60     60   1.2745532E-14  1.2745532E-14  0.0000000E+00  8.0312107E-15  0.0000000E+00  0.0000000E+00
   ni58     58  -4.6882269E-07  3.5049314E-05  3.5518136E-05  2.2085263E-05  2.2382086E-05 -5.7979776E-03
   ni59     59   0.0000000E+00  0.0000000E+00  0.0000000E+00  0.0000000E+00  0.0000000E+00  0.0000000E+00
   ni60     60   1.2200690E-07  1.4275460E-05  1.4153453E-05  8.9952491E-06  8.9189307E-06  3.7004317E-03
   ni61     61   1.3274854E-07  7.5825642E-07  6.2550788E-07  4.7779230E-07  3.9416963E-07  8.3555974E-02
   ni62     62   1.5940486E-07  2.1864162E-06  2.0270113E-06  1.3777039E-06  1.2773401E-06  3.2849349E-02
   ni63     63   0.0000000E+00  0.0000000E+00  0.0000000E+00  0.0000000E+00  0.0000000E+00  0.0000000E+00
   ni64     64   4.0147387E-07  9.3436051E-07  5.3288665E-07  5.8875901E-07  3.3580349E-07  2.4385235E-01
   cu63     63   5.7412507E-08  4.9723843E-07  4.3982593E-07  3.1331973E-07  2.7716041E-07  5.3256538E-02
   cu64     64   0.0000000E+00  0.0000000E+00  0.0000000E+00  0.0000000E+00  0.0000000E+00  0.0000000E+00
   cu65     65   1.0071159E-07  3.0296900E-07  2.0225741E-07  1.9090675E-07  1.2745440E-07  1.7546645E-01
   zn64     64   1.7196442E-08  7.7075248E-07  7.5355604E-07  4.8566636E-07  4.7486037E-07  9.7720791E-03
   zn65     65   0.0000000E+00  0.0000000E+00  0.0000000E+00  0.0000000E+00  0.0000000E+00  0.0000000E+00
   zn66     66   1.0518707E-07  5.5101822E-07  4.4583115E-07  3.4720745E-07  2.8094465E-07  9.1968268E-02
   zn67     67   2.3803700E-08  9.0311715E-08  6.6508015E-08  5.6907194E-08  4.1910646E-08  1.3284284E-01
   zn68     68   1.4060265E-07  4.4929737E-07  3.0869472E-07  2.8311115E-07  1.9452685E-07  1.6297743E-01
   zn69     69   0.0000000E+00  0.0000000E+00  0.0000000E+00  0.0000000E+00  0.0000000E+00  0.0000000E+00
   zn70     70   6.1080474E-10  1.1118670E-08  1.0507866E-08  7.0060935E-09  6.6216299E-09  2.4511002E-02
   ga69     69   2.3840322E-08  5.2141445E-08  2.8301123E-08  3.2855354E-08  1.7834218E-08  2.6535207E-01
   ga70     70   0.0000000E+00  0.0000000E+00  0.0000000E+00  0.0000000E+00  0.0000000E+00  0.0000000E+00
   ga71     71   2.8657519E-08  4.7984507E-08  1.9326988E-08  3.0235984E-08  1.2179081E-08  3.9490959E-01
   ge70     70   4.4401197E-08  7.5879811E-08  3.1478613E-08  4.7813366E-08  1.9836543E-08  3.8208336E-01
   ge71     71   0.0000000E+00  0.0000000E+00  0.0000000E+00  0.0000000E+00  0.0000000E+00  0.0000000E+00
   ge72     72   5.1868579E-08  9.4655960E-08  4.2787381E-08  5.9644584E-08  2.6962867E-08  3.4480494E-01
   ge73     73   1.5012409E-08  2.7189156E-08  1.2176747E-08  1.7132423E-08  7.6732904E-09  3.4883717E-01
   ge74     74   6.9915657E-08  1.2784787E-07  5.7932208E-08  8.0559467E-08  3.6506520E-08  3.4374613E-01
   as75     75   6.3697341E-09  1.4863091E-08  8.4933571E-09  9.3655270E-09  5.3521680E-09  2.4300249E-01
   se76     76   2.4275433E-08  3.3117789E-08  8.8423571E-09  2.0868173E-08  5.5720939E-09  5.7346600E-01
   se77     77   9.7861603E-09  1.7081410E-08  7.2952497E-09  1.0763333E-08  4.5971698E-09  3.6945629E-01
   se78     78   6.7592644E-08  9.0614748E-08  2.3022102E-08  5.7098138E-08  1.4507592E-08  5.9502661E-01
   se79     79   0.0000000E+00  0.0000000E+00  0.0000000E+00  0.0000000E+00  0.0000000E+00  0.0000000E+00
   se80     80   8.9768776E-08  1.3905000E-07  4.9281223E-08  8.7618147E-08  3.1055023E-08  4.5046219E-01
   br79     79   1.4690716E-08  2.2571564E-08  7.8808480E-09  1.4222787E-08  4.9661901E-09  4.5696139E-01
   br80     80   0.0000000E+00  0.0000000E+00  0.0000000E+00  0.0000000E+00  0.0000000E+00  0.0000000E+00
   br81     81   1.2445274E-08  2.0305860E-08  7.8605860E-09  1.2795123E-08  4.9534217E-09  4.1213918E-01
   kr80     80   5.6173843E-10  2.4398530E-09  1.8781146E-09  1.5373994E-09  1.1835113E-09  1.1361431E-01
   kr81     81   0.0000000E+00  0.0000000E+00  0.0000000E+00  0.0000000E+00  0.0000000E+00  0.0000000E+00
   kr82     82   5.5911563E-08  6.5557394E-08  9.6458290E-09  4.1309008E-08  6.0784093E-09  8.3225489E-01
   kr83     83   1.8674909E-08  2.8347497E-08  9.6725881E-09  1.7862316E-08  6.0952723E-09  4.6694466E-01
   kr84     84   1.2853364E-07  1.7677687E-07  4.8243219E-08  1.1139059E-07  3.0400916E-08  5.6396186E-01
   kr-5     85   1.8207752E-17  1.8207752E-17  0.0000000E+00  1.1473064E-17  0.0000000E+00  0.0000000E+00
   kr*5     85   0.0000000E+00  0.0000000E+00  0.0000000E+00  0.0000000E+00  0.0000000E+00  0.0000000E+00
   kr86     86   5.2374759E-08  6.7311518E-08  1.4936758E-08  4.2414314E-08  9.4125365E-09  6.5380573E-01
   rb85     85   2.1962597E-08  2.9792583E-08  7.8299855E-09  1.8772894E-08  4.9341389E-09  5.8031988E-01
   rb86     86   0.0000000E+00  0.0000000E+00  0.0000000E+00  0.0000000E+00  0.0000000E+00  0.0000000E+00
   rb87     87   4.4805502E-09  7.7786595E-09  3.2981096E-09  4.9014868E-09  2.0783344E-09  3.7261239E-01
   sr86     86   4.9766157E-08  5.3419903E-08  3.6537469E-09  3.3660935E-08  2.3024427E-09  1.1649374E+00
   sr87     87   3.3485556E-08  3.6068659E-08  2.5831040E-09  2.2727573E-08  1.6277671E-09  1.1449608E+00
   sr88     88   6.0562081E-07  6.3694586E-07  3.1325051E-08  4.0135214E-07  1.9739774E-08  1.3081834E+00
   sr89     89   0.0000000E+00  0.0000000E+00  0.0000000E+00  0.0000000E+00  0.0000000E+00  0.0000000E+00
   sr90     90   1.1977852E-15  1.1977852E-15  0.0000000E+00  7.5474807E-16  0.0000000E+00  0.0000000E+00
    y89     89   1.6436263E-07  1.7183451E-07  7.4718844E-09  1.0827632E-07  4.7084781E-09  1.3616529E+00
    y90     90   3.0291067E-19  3.0291067E-19  0.0000000E+00  1.9086999E-19  0.0000000E+00  0.0000000E+00
    y91     91   0.0000000E+00  0.0000000E+00  0.0000000E+00  0.0000000E+00  0.0000000E+00  0.0000000E+00
   zr90     90   2.0226582E-07  2.1117117E-07  8.9053511E-09  1.3306311E-07  5.6117897E-09  1.3749563E+00
   zr91     91   4.9749342E-08  5.1712931E-08  1.9635900E-09  3.2585337E-08  1.2373745E-09  1.4205210E+00
   zr92     92   7.9411322E-08  8.2445716E-08  3.0343914E-09  5.1950671E-08  1.9121502E-09  1.4340692E+00
   zr93     93   0.0000000E+00  0.0000000E+00  0.0000000E+00  0.0000000E+00  0.0000000E+00  0.0000000E+00
   zr94     94   1.1818192E-07  1.2132389E-07  3.1419700E-09  7.6448579E-08  1.9799418E-09  1.5867170E+00
   zr95     95   0.0000000E+00  0.0000000E+00  0.0000000E+00  0.0000000E+00  0.0000000E+00  0.0000000E+00
   zr96     96   1.5317866E-09  2.0487425E-09  5.1695592E-10  1.2909530E-09  3.2576458E-10  5.9800661E-01
   nb93     93   2.7789739E-08  2.9146531E-08  1.3567925E-09  1.8365803E-08  8.5499552E-10  1.3320460E+00
   nb94     94   3.2180686E-12  3.2180686E-12  0.0000000E+00  2.0277686E-12  0.0000000E+00  0.0000000E+00
   nb95     95   0.0000000E+00  0.0000000E+00  0.0000000E+00  0.0000000E+00  0.0000000E+00  0.0000000E+00
   mo94     94   1.8503069E-10  6.1025673E-10  4.2522605E-10  3.8453479E-10  2.6796015E-10  1.5686542E-01
   mo95     95   1.4357506E-08  1.5101291E-08  7.4378453E-10  9.5156212E-09  4.6870280E-10  1.3075396E+00
   mo96     96   2.7513401E-08  2.8304582E-08  7.9118057E-10  1.7835275E-08  4.9856980E-10  1.5535538E+00
   mo97     97   9.0280547E-09  9.4883301E-09  4.6027560E-10  5.9787837E-09  2.9004696E-10  1.3141445E+00
   mo98     98   3.3761648E-08  3.4943287E-08  1.1816393E-09  2.2018455E-08  7.4462103E-10  1.4708515E+00
   tc99     99   0.0000000E+00  0.0000000E+00  0.0000000E+00  0.0000000E+00  0.0000000E+00  0.0000000E+00
   ru99     99   4.3247042E-09  4.7372830E-09  4.1257864E-10  2.9850555E-09  2.5999028E-10  1.0599953E+00
  ru100    100   1.6977006E-08  1.7388524E-08  4.1151788E-10  1.0956852E-08  2.5932181E-10  1.6258467E+00
  ru101    101   3.6532048E-09  4.2159640E-09  5.6275923E-10  2.6565621E-09  3.5462799E-10  8.7454700E-01
  ru102    102   2.3516389E-08  2.4567418E-08  1.0510294E-09  1.5480415E-08  6.6231598E-10  1.3687174E+00
  rh103    103   3.9108254E-09  4.5820365E-09  6.7121103E-10  2.8872316E-09  4.2296988E-10  8.3417219E-01
  pd104    104   1.3063166E-08  1.3356892E-08  2.9372677E-10  8.4164409E-09  1.8509468E-10  1.6577345E+00
  pd105    105   3.2910683E-09  3.8854950E-09  5.9442667E-10  2.4483271E-09  3.7458353E-10  8.1532079E-01
  pd106    106   1.5376260E-08  1.6110718E-08  7.3445733E-10  1.0151681E-08  4.6282517E-10  1.3411210E+00
  pd107    107   0.0000000E+00  0.0000000E+00  0.0000000E+00  0.0000000E+00  0.0000000E+00  0.0000000E+00
  pd108    108   1.9599398E-08  2.0323894E-08  7.2449513E-10  1.2806487E-08  4.5654736E-10  1.4479442E+00
  ag107    107   3.0199285E-09  3.5188861E-09  4.9895754E-10  2.2173194E-09  3.1442277E-10  8.4831429E-01
  ag108    108   0.0000000E+00  0.0000000E+00  0.0000000E+00  0.0000000E+00  0.0000000E+00  0.0000000E+00
  ag109    109   4.8815085E-09  5.3537228E-09  4.7221449E-10  3.3734864E-09  2.9757036E-10  1.0544893E+00
  cd108    108   1.0883410E-11  3.8862434E-11  2.7979024E-11  2.4487986E-11  1.7631244E-11  1.4267012E-01
  cd109    109   4.4317936E-38  4.4317936E-38  0.0000000E+00  2.7925605E-38  0.0000000E+00  0.0000000E+00
  cd110    110   1.7084758E-08  1.7484682E-08  3.9992365E-10  1.1017443E-08  2.5201560E-10  1.6406534E+00
  cd111    111   5.6320895E-09  6.0456617E-09  4.1357209E-10  3.8094905E-09  2.6061631E-10  1.1648653E+00
  cd112    112   2.1521751E-08  2.2308427E-08  7.8667545E-10  1.4056980E-08  4.9573090E-10  1.4526460E+00
  cd113    113   6.2904189E-09  6.6923653E-09  4.0194628E-10  4.2169912E-09  2.5329019E-10  1.2213843E+00
  cd114    114   3.1135151E-08  3.2088515E-08  9.5336472E-10  2.0219606E-08  6.0077171E-10  1.5270633E+00
  in115    115   5.9498131E-09  6.3092953E-09  3.5948228E-10  3.9756114E-09  2.2653111E-10  1.2442760E+00
  sn116    116   4.4346521E-08  4.5471221E-08  1.1247012E-09  2.8652313E-08  7.0874095E-10  1.6066722E+00
  sn117    117   1.3017630E-08  1.3616824E-08  5.9919475E-10  8.5802290E-09  3.7758816E-10  1.3564806E+00
  sn118    118   6.1817410E-08  6.3644535E-08  1.8271218E-09  4.0103675E-08  1.1513779E-09  1.5419663E+00
  sn119    119   1.8151628E-08  1.8833280E-08  6.8165179E-10  1.1867221E-08  4.2954923E-10  1.4413360E+00
  sn120    120   1.0309927E-07  1.0570633E-07  2.6070570E-09  6.6607640E-08  1.6428614E-09  1.6079232E+00
  sb121    121   7.4124453E-09  7.8144904E-09  4.0204515E-10  4.9240643E-09  2.5335251E-10  1.2885985E+00
  te122    122   1.3384815E-08  1.3652063E-08  2.6724795E-10  8.6024334E-09  1.6840879E-10  1.7082566E+00
  te123    123   4.9643258E-09  5.0583662E-09  9.4040491E-11  3.1873764E-09  5.9260492E-11  1.7306681E+00
  te124    124   2.6639716E-08  2.7144637E-08  5.0492061E-10  1.7104371E-08  3.1818043E-10  1.7304337E+00
  te125    125   8.9995806E-09  9.7587707E-09  7.5918977E-10  6.1491940E-09  4.7841048E-10  1.1090175E+00
  te126    126   5.1132609E-08  5.3171870E-08  2.0392625E-09  3.3504644E-08  1.2850603E-09  1.4161816E+00
   i127    127   6.6519048E-09  9.2094252E-09  2.5575204E-09  5.8030403E-09  1.6116454E-09  5.5638611E-01
   i128    128   0.0000000E+00  0.0000000E+00  0.0000000E+00  0.0000000E+00  0.0000000E+00  0.0000000E+00
   i129    129   9.3351837E-12  9.3351837E-12  0.0000000E+00  5.8822834E-12  0.0000000E+00  0.0000000E+00
  xe128    128   1.6498770E-08  1.6775008E-08  2.7623789E-10  1.0570264E-08  1.7407388E-10  1.7833523E+00
  xe129    129   6.4034102E-09  9.8712318E-09  3.4678218E-09  6.2200578E-09  2.1852804E-09  4.5428723E-01
  xe130    130   3.5112407E-08  3.5673505E-08  5.6109783E-10  2.2478579E-08  3.5358105E-10  1.8032799E+00
  xe131    131   1.3397885E-08  1.6200792E-08  2.8029061E-09  1.0208439E-08  1.7662775E-09  7.6190042E-01
  xe132    132   7.0025145E-08  7.3477160E-08  3.4520180E-09  4.6299409E-08  2.1753215E-09  1.3280520E+00
  xe133    133   0.0000000E+00  0.0000000E+00  0.0000000E+00  0.0000000E+00  0.0000000E+00  0.0000000E+00
  xe134    134   8.0086859E-10  2.0947768E-09  1.2939082E-09  1.3199601E-09  8.1536833E-10  2.0920700E-01
  cs133    133   9.3223074E-09  1.0229862E-08  9.0755509E-10  6.4460379E-09  5.7190430E-10  1.0519695E+00
  cs134    134   6.8381511E-31  6.8381511E-31  0.0000000E+00  4.3088540E-31  0.0000000E+00  0.0000000E+00
  cs135    135   0.0000000E+00  0.0000000E+00  0.0000000E+00  0.0000000E+00  0.0000000E+00  0.0000000E+00
  cs136    136   0.0000000E+00  0.0000000E+00  0.0000000E+00  0.0000000E+00  0.0000000E+00  0.0000000E+00
  cs137    137   0.0000000E+00  0.0000000E+00  0.0000000E+00  0.0000000E+00  0.0000000E+00  0.0000000E+00
  ba134    134   2.5297755E-08  2.5575980E-08  2.7822589E-10  1.6115930E-08  1.7532664E-10  1.9634075E+00
  ba135    135   1.2797754E-08  1.3562242E-08  7.6448781E-10  8.5458360E-09  4.8174914E-10  1.2489337E+00
  ba136    136   7.3916169E-08  7.4833764E-08  9.1759261E-10  4.7154231E-08  5.7822958E-10  1.9114203E+00
  ba137    137   5.9596562E-08  6.0918460E-08  1.3218980E-09  3.8385924E-08  8.3300644E-10  1.6635237E+00
  ba138    138   7.8478718E-07  7.9328697E-07  8.4998062E-09  4.9986579E-07  5.3562323E-09  1.9699941E+00
  la139    139   9.2364942E-08  9.3530794E-08  1.1658545E-09  5.8935598E-08  7.3467410E-10  1.9042829E+00
  ce140    140   2.7300439E-07  2.7567643E-07  2.6720337E-09  1.7370915E-07  1.6838070E-09  2.0135305E+00
  ce141    141   0.0000000E+00  0.0000000E+00  0.0000000E+00  0.0000000E+00  0.0000000E+00  0.0000000E+00
  ce142    142   1.3059009E-09  1.6464539E-09  3.4055286E-10  1.0374630E-09  2.1460257E-10  6.8433774E-01
  pr141    141   2.3725464E-08  2.4185976E-08  4.6051180E-10  1.5240060E-08  2.9019581E-10  1.7202955E+00
  nd142    142   7.3780718E-08  7.4395018E-08  6.1429978E-10  4.6877769E-08  3.8710671E-10  2.0831363E+00
  nd143    143   1.0098368E-08  1.0373396E-08  2.7502800E-10  6.5364816E-09  1.7331146E-10  1.5765167E+00
  nd144    144   3.1623721E-08  3.2170313E-08  5.4659088E-10  2.0271148E-08  3.4443937E-10  1.7697656E+00
  nd145    145   5.8275464E-09  6.0308065E-09  2.0326023E-10  3.8001300E-09  1.2808633E-10  1.4722956E+00
  nd146    146   3.0086603E-08  3.0486671E-08  4.0006914E-10  1.9210253E-08  2.5210731E-10  1.8819476E+00
  nd147    147   0.0000000E+00  0.0000000E+00  0.0000000E+00  0.0000000E+00  0.0000000E+00  0.0000000E+00
  nd148    148   1.3648258E-09  1.5001499E-09  1.3532409E-10  9.4527408E-10  8.5275731E-11  1.0447323E+00
  pm147    147   8.8028673E-27  8.8028673E-27  0.0000000E+00  5.5468600E-27  0.0000000E+00  0.0000000E+00
  pm148    148   0.0000000E+00  0.0000000E+00  0.0000000E+00  0.0000000E+00  0.0000000E+00  0.0000000E+00
  sm147    147   3.4848331E-09  3.5937615E-09  1.0892843E-10  2.2644999E-09  6.8642272E-11  1.5183806E+00
  sm148    148   9.1546797E-09  9.2369135E-09  8.2233588E-11  5.8203611E-09  5.1820267E-11  2.0504503E+00
  sm149    149   1.3228323E-09  1.4246252E-09  1.0179286E-10  8.9768443E-10  6.4145723E-11  1.1459560E+00
  sm150    150   6.4361991E-09  6.4909220E-09  5.4723066E-11  4.0900581E-09  3.4484252E-11  2.0741086E+00
  sm151    151   9.3505316E-14  9.3505316E-14  0.0000000E+00  5.8919544E-14  0.0000000E+00  0.0000000E+00
  sm152    152   5.4961498E-09  5.6971512E-09  2.0100158E-10  3.5898873E-09  1.2666303E-10  1.4524310E+00
  eu151    151   9.4701869E-10  1.0796111E-09  1.3259235E-10  6.8028422E-10  8.3554309E-11  9.1072154E-01
  eu152    152   3.6375558E-20  3.6375558E-20  0.0000000E+00  2.2920957E-20  0.0000000E+00  0.0000000E+00
  eu153    153   1.0402454E-09  1.1869024E-09  1.4665696E-10  7.4789058E-10  9.2417254E-11  9.0808499E-01
  eu154    154   3.7927895E-21  3.7927895E-21  0.0000000E+00  2.3899114E-21  0.0000000E+00  0.0000000E+00
  eu155    155   1.3707564E-23  1.3707564E-23  0.0000000E+00  8.6374069E-24  0.0000000E+00  0.0000000E+00
  gd152    152   4.7274927E-12  6.6634658E-12  1.9359729E-12  4.1987811E-12  1.2199714E-12  5.3677356E-01
  gd153    153   0.0000000E+00  0.0000000E+00  0.0000000E+00  0.0000000E+00  0.0000000E+00  0.0000000E+00
  gd154    154   2.3561391E-09  2.3775191E-09  2.1379933E-11  1.4981216E-09  1.3472765E-11  2.0460904E+00
  gd155    155   9.4398589E-10  1.0900759E-09  1.4609002E-10  6.8687833E-10  9.2059992E-11  8.7280893E-01
  gd156    156   3.8821812E-09  4.0855390E-09  2.0335789E-10  2.5743787E-09  1.2814787E-10  1.3029611E+00
  gd157    157   1.8586550E-09  2.0151250E-09  1.5646992E-10  1.2697700E-09  9.8600975E-11  1.1098439E+00
  gd158    158   7.8437026E-09  8.0936413E-09  2.4993832E-10  5.0999631E-09  1.5750097E-10  1.5102838E+00
  gd159    159   0.0000000E+00  0.0000000E+00  0.0000000E+00  0.0000000E+00  0.0000000E+00  0.0000000E+00
  gd160    160   1.4961091E-10  3.7234940E-10  2.2273849E-10  2.3462471E-10  1.4036075E-10  2.2312805E-01
  tb159    159   1.6874329E-09  1.8759816E-09  1.8854872E-10  1.1820930E-09  1.1881574E-10  9.9777770E-01
  tb160    160   0.0000000E+00  0.0000000E+00  0.0000000E+00  0.0000000E+00  0.0000000E+00  0.0000000E+00
  tb161    161   0.0000000E+00  0.0000000E+00  0.0000000E+00  0.0000000E+00  0.0000000E+00  0.0000000E+00
  dy160    160   2.8486202E-09  2.8771510E-09  2.8530633E-11  1.8129496E-09  1.7978844E-11  2.0036240E+00
  dy161    161   1.2952894E-09  1.5281314E-09  2.3284191E-10  9.6290576E-10  1.4672751E-10  8.1707227E-01
  dy162    162   5.8923511E-09  6.2083299E-09  3.1597860E-10  3.9119912E-09  1.9911686E-10  1.2932898E+00
  dy163    163   2.5353246E-09  2.8460247E-09  3.1070019E-10  1.7933363E-09  1.9579061E-10  9.6186990E-01
  dy164    164   1.2344477E-08  1.2699317E-08  3.5484057E-10  8.0020905E-09  2.2360609E-10  1.5537198E+00
  ho165    165   2.3000941E-09  2.5764739E-09  2.7637978E-10  1.6234870E-09  1.7416331E-10  9.6949214E-01
  er166    166   5.2091256E-09  5.4716796E-09  2.6255395E-10  3.4478131E-09  1.6545082E-10  1.3188748E+00
  er167    167   2.1016540E-09  2.2819489E-09  1.8029478E-10  1.4379010E-09  1.1361444E-10  1.1022954E+00
  er168    168   8.1258964E-09  8.3398586E-09  2.1396263E-10  5.2551092E-09  1.3483055E-10  1.5907935E+00
  er169    169   0.0000000E+00  0.0000000E+00  0.0000000E+00  0.0000000E+00  0.0000000E+00  0.0000000E+00
  er170    170   1.2326029E-09  1.3522625E-09  1.1965966E-10  8.5208729E-10  7.5404655E-11  1.0530859E+00
  tm169    169   1.9946862E-09  2.1211330E-09  1.2644674E-10  1.3365677E-09  7.9681595E-11  1.2246330E+00
  tm170    170   0.0000000E+00  0.0000000E+00  0.0000000E+00  0.0000000E+00  0.0000000E+00  0.0000000E+00
  tm171    171   7.6430379E-30  7.6430379E-30  0.0000000E+00  4.8160289E-30  0.0000000E+00  0.0000000E+00
  yb170    170   2.7125371E-09  2.7364526E-09  2.3915476E-11  1.7242927E-09  1.5070561E-11  2.0584817E+00
  yb171    171   3.1649925E-09  3.2787368E-09  1.1374443E-10  2.0659967E-09  7.1677116E-11  1.4597491E+00
  yb172    172   8.5336511E-09  8.7097778E-09  1.7612709E-10  5.4882028E-09  1.1098814E-10  1.6941535E+00
  yb173    173   3.8474814E-09  3.9789714E-09  1.3149011E-10  2.5072284E-09  8.2859719E-11  1.4808505E+00
  yb174    174   1.8790017E-08  1.9053116E-08  2.6310054E-10  1.2005744E-08  1.6579528E-10  1.8598169E+00
  lu175    175   2.4768085E-09  2.5955587E-09  1.1875011E-10  1.6355127E-09  7.4831488E-11  1.3395696E+00
  lu176    176   1.8674946E-09  1.8709607E-09  3.4662256E-12  1.1789293E-09  2.1842742E-12  2.7321806E+00
  lu177    177   0.0000000E+00  0.0000000E+00  0.0000000E+00  0.0000000E+00  0.0000000E+00  0.0000000E+00
  hf176    176  -7.6936547E-13  2.5901749E-11  2.6671115E-11  1.6321203E-11  1.6807052E-11 -1.2739390E-02
  hf177    177   2.0246411E-09  2.1205040E-09  9.5862804E-11  1.3361714E-09  6.0408838E-11  1.3447617E+00
  hf178    178   9.5017398E-09  9.6431707E-09  1.4143060E-10  6.0763519E-09  8.9123812E-11  1.8336492E+00
  hf179    179   3.2950676E-09  3.3660807E-09  7.1013168E-11  2.1210338E-09  4.4749610E-11  1.6757584E+00
  hf180    180   1.8870947E-08  1.9054852E-08  1.8390491E-10  1.2006838E-08  1.1588940E-10  2.0153849E+00
  hf181    181   0.0000000E+00  0.0000000E+00  0.0000000E+00  0.0000000E+00  0.0000000E+00  0.0000000E+00
  hf182    182   1.9440560E-09  1.9440560E-09  0.0000000E+00  1.2249880E-09  0.0000000E+00  0.0000000E+00
  ta181    181   4.4746202E-09  4.5525397E-09  7.7919615E-11  2.8686451E-09  4.9101771E-11  1.7665796E+00
  ta182    182   1.7836424E-17  1.7836424E-17  0.0000000E+00  1.1239082E-17  0.0000000E+00  0.0000000E+00
  ta183    183   0.0000000E+00  0.0000000E+00  0.0000000E+00  0.0000000E+00  0.0000000E+00  0.0000000E+00
   w182    182   8.7905567E-09  8.9128323E-09  1.2227566E-10  5.6161515E-09  7.7053156E-11  1.8626484E+00
   w183    183   5.0878288E-09  5.1542206E-09  6.6391920E-11  3.2477760E-09  4.1837488E-11  1.8900205E+00
   w184    184   1.2903364E-08  1.3046295E-08  1.4293090E-10  8.2207272E-09  9.0069244E-11  1.9603337E+00
   w185    185   0.0000000E+00  0.0000000E+00  0.0000000E+00  0.0000000E+00  0.0000000E+00  0.0000000E+00
   w186    186   4.0174575E-09  4.1515209E-09  1.3406341E-10  2.6159552E-09  8.4481318E-11  1.4908696E+00
  re185    185   2.4881652E-09  2.5563043E-09  6.8139050E-11  1.6107777E-09  4.2938458E-11  1.5741892E+00
  re186    186   0.0000000E+00  0.0000000E+00  0.0000000E+00  0.0000000E+00  0.0000000E+00  0.0000000E+00
  re187    187   8.4595131E-10  9.7021091E-10  1.2425960E-10  6.1134903E-10  7.8303343E-11  8.9250892E-01
  os186    186   5.3181513E-09  5.3559179E-09  3.7766484E-11  3.3748695E-09  2.3798902E-11  2.1517000E+00
  os187    187   1.5250751E-09  1.5552750E-09  3.0199974E-11  9.8000941E-10  1.9030796E-11  1.7117733E+00
  os188    188   9.8761399E-09  1.0194730E-08  3.1858957E-10  6.4239001E-09  2.0076218E-10  1.5051169E+00
  os189    189   2.0297231E-09  2.4202267E-09  3.9050374E-10  1.5250325E-09  2.4607960E-10  7.9220349E-01
  os190    190   1.0580589E-08  1.1218999E-08  6.3841038E-10  7.0693127E-09  4.0230028E-10  1.2448269E+00
  os191    191   0.0000000E+00  0.0000000E+00  0.0000000E+00  0.0000000E+00  0.0000000E+00  0.0000000E+00
  os192    192   1.9332420E-09  2.9351959E-09  1.0019539E-09  1.8495248E-09  6.3139055E-10  4.6676207E-01
  ir191    191   2.0173925E-09  2.8622165E-09  8.4482399E-10  1.8035390E-09  5.3237376E-10  5.2990890E-01
  ir192    192   0.0000000E+00  0.0000000E+00  0.0000000E+00  0.0000000E+00  0.0000000E+00  0.0000000E+00
  ir193    193   2.2587026E-09  3.6936900E-09  1.4349875E-09  2.3274669E-09  9.0427077E-10  4.1058505E-01
  pt192    192   2.8925469E-09  2.9280707E-09  3.5523914E-11  1.8450350E-09  2.2385725E-11  1.9160335E+00
  pt193    193   9.9756019E-15  9.9756019E-15  0.0000000E+00  6.2858235E-15  0.0000000E+00  0.0000000E+00
  pt194    194   8.2797929E-09  9.7930153E-09  1.5132224E-09  6.1707719E-09  9.5357122E-10  8.1098640E-01
  pt195    195   3.4028678E-09  4.9638507E-09  1.5609830E-09  3.1278202E-09  9.8366804E-10  5.0239325E-01
  pt196    196   1.5299356E-08  1.6469940E-08  1.1705833E-09  1.0378034E-08  7.3765399E-10  1.1482624E+00
  au197    197   4.9454076E-09  5.6508971E-09  7.0548950E-10  3.5607417E-09  4.4457080E-10  9.0359956E-01
  hg198    198   1.6570507E-08  1.6736232E-08  1.6572579E-10  1.0545830E-08  1.0443365E-10  2.0042403E+00
  hg199    199   7.0778898E-09  7.3597204E-09  2.8183053E-10  4.6375050E-09  1.7759814E-10  1.4168459E+00
  hg200    200   2.3480291E-08  2.3868136E-08  3.8784387E-10  1.5039783E-08  2.4440344E-10  1.7891343E+00
  hg201    201   9.5088195E-09  9.7312114E-09  2.2239147E-10  6.1318284E-09  1.4014206E-10  1.6410215E+00
  hg202    202   3.9733802E-08  4.0240160E-08  5.0635590E-10  2.5356117E-08  3.1908490E-10  1.9001765E+00
  tl203    203   1.8300673E-08  1.8500975E-08  2.0030146E-10  1.1657829E-08  1.2622182E-10  1.9654832E+00
  tl204    204   2.0824510E-23  2.0824510E-23  0.0000000E+00  1.3121934E-23  0.0000000E+00  0.0000000E+00
  tl205    205   2.1762064E-08  2.2244924E-08  4.8286070E-10  1.4016965E-08  3.0427916E-10  1.6633818E+00
  pb204    204   2.3060645E-08  2.3314177E-08  2.5353211E-10  1.4690722E-08  1.5976563E-10  1.9635597E+00
  pb205    205   0.0000000E+00  0.0000000E+00  0.0000000E+00  0.0000000E+00  0.0000000E+00  0.0000000E+00
  pb206    206   1.5946998E-07  1.6185217E-07  2.3821989E-09  1.0198625E-07  1.5011649E-09  1.8321133E+00
  pb207    207   1.9905133E-07  2.0170030E-07  2.6489704E-09  1.2709533E-07  1.6692735E-09  1.8816022E+00
  pb208    208   5.4160415E-07  5.4922293E-07  7.6187945E-09  3.4607621E-07  4.8010542E-09  1.8578352E+00
  bi209    209   4.7573598E-09  5.2872320E-09  5.2987220E-10  3.3315892E-09  3.3390390E-10  9.9902993E-01
  bi210    210   0.0000000E+00  0.0000000E+00  0.0000000E+00  0.0000000E+00  0.0000000E+00  0.0000000E+00
  po210    210   0.0000000E+00  0.0000000E+00  0.0000000E+00  0.0000000E+00  0.0000000E+00  0.0000000E+00
