  species    A      yield       mass(i)_lost    mass(i)_0        <X(i)>          X0(i)   log10(<X(i)>/X0(i)) 
      n      1   0.0000000E+00  0.0000000E+00  0.0000000E+00  0.0000000E+00  0.0000000E+00  0.0000000E+00
      p      1  -8.4153652E-02  1.2584832E+00  1.3426368E+00  6.8694496E-01  7.3292029E-01 -2.8134793E-02
      d      2   1.1407023E-17  1.1407023E-17  0.0000000E+00  6.2265408E-18  0.0000000E+00  0.0000000E+00
    he3      3   2.5510415E-04  2.5510415E-04  0.0000000E+00  1.3924899E-04  0.0000000E+00  0.0000000E+00
    he4      4   6.5090358E-02  5.4133260E-01  4.7624224E-01  2.9548723E-01  2.5997174E-01  5.5612579E-02
    li7      7  -6.1930630E-09  2.1411759E-09  8.3342391E-09  1.1687641E-09  4.5495052E-09 -5.9023726E-01
    be7      7   6.9505257E-18  6.9505257E-18  0.0000000E+00  3.7939549E-18  0.0000000E+00  0.0000000E+00
     b8      8   2.0131634E-28  2.0131634E-28  0.0000000E+00  1.0988883E-28  0.0000000E+00  0.0000000E+00
    c12     12   1.4504122E-02  1.6798766E-02  2.2946452E-03  9.1696326E-03  1.2526038E-03  8.6453819E-01
    c13     13   3.6487188E-05  6.4293781E-05  2.7806593E-05  3.5094858E-05  1.5179100E-05  3.6399746E-01
    c14     14   4.1017749E-09  4.1017749E-09  0.0000000E+00  2.2389601E-09  0.0000000E+00  0.0000000E+00
    n13     13   0.0000000E+00  0.0000000E+00  0.0000000E+00  0.0000000E+00  0.0000000E+00  0.0000000E+00
    n14     14   1.1668084E-03  1.8452412E-03  6.7843276E-04  1.0072277E-03  3.7034374E-04  4.3452266E-01
    n15     15  -8.4222620E-07  8.2883480E-07  1.6710610E-06  4.5242075E-07  9.1220090E-07 -3.0454797E-01
    o14     14   0.0000000E+00  0.0000000E+00  0.0000000E+00  0.0000000E+00  0.0000000E+00  0.0000000E+00
    o15     15   0.0000000E+00  0.0000000E+00  0.0000000E+00  0.0000000E+00  0.0000000E+00  0.0000000E+00
    o16     16   1.9805925E-04  5.7390281E-03  5.5409689E-03  3.1326571E-03  3.0247113E-03  1.5228963E-02
    o17     17   2.4519864E-05  2.6756574E-05  2.2367085E-06  1.4605116E-05  1.2209773E-06  1.0777974E+00
    o18     18  -4.4316330E-06  8.0355467E-06  1.2467180E-05  4.3862156E-06  6.8055997E-06 -1.9077644E-01
    o19     19   0.0000000E+00  0.0000000E+00  0.0000000E+00  0.0000000E+00  0.0000000E+00  0.0000000E+00
    f17     17   0.0000000E+00  0.0000000E+00  0.0000000E+00  0.0000000E+00  0.0000000E+00  0.0000000E+00
    f18     18   0.0000000E+00  0.0000000E+00  0.0000000E+00  0.0000000E+00  0.0000000E+00  0.0000000E+00
    f19     19   3.2711362E-06  3.6301569E-06  3.5902070E-07  1.9815268E-06  1.9598269E-07  1.0047822E+00
    f20     20   0.0000000E+00  0.0000000E+00  0.0000000E+00  0.0000000E+00  0.0000000E+00  0.0000000E+00
   ne19     19   0.0000000E+00  0.0000000E+00  0.0000000E+00  0.0000000E+00  0.0000000E+00  0.0000000E+00
   ne20     20   2.2212043E-05  1.1588375E-03  1.1366254E-03  6.3255319E-04  6.2046252E-04  8.3814990E-03
   ne21     21   1.1627567E-06  4.0236446E-06  2.8608879E-06  2.1963126E-06  1.5617053E-06  1.4809507E-01
   ne22     22   2.7624103E-03  2.8543449E-03  9.1934533E-05  1.5580485E-03  5.0185346E-05  1.4920040E+00
   ne23     23   0.0000000E+00  0.0000000E+00  0.0000000E+00  0.0000000E+00  0.0000000E+00  0.0000000E+00
   na21     21   0.0000000E+00  0.0000000E+00  0.0000000E+00  0.0000000E+00  0.0000000E+00  0.0000000E+00
   na22     22   2.6170691E-23  2.6170691E-23  0.0000000E+00  1.4285312E-23  0.0000000E+00  0.0000000E+00
   na23     23   5.1033290E-05  8.1802296E-05  3.0769006E-05  4.4651908E-05  1.6796224E-05  4.2462838E-01
   na24     24   0.0000000E+00  0.0000000E+00  0.0000000E+00  0.0000000E+00  0.0000000E+00  0.0000000E+00
   mg23     23   0.0000000E+00  0.0000000E+00  0.0000000E+00  0.0000000E+00  0.0000000E+00  0.0000000E+00
   mg24     24   1.4529447E-05  5.5672030E-04  5.4219086E-04  3.0388663E-04  2.9597184E-04  1.1461219E-02
   mg25     25   1.1083968E-05  8.2584418E-05  7.1500450E-05  4.5078832E-05  3.9030758E-05  6.2565662E-02
   mg26     26   3.1306772E-06  8.5001484E-05  8.1870807E-05  4.6398189E-05  4.4691740E-05  1.6273754E-02
   mg27     27   0.0000000E+00  0.0000000E+00  0.0000000E+00  0.0000000E+00  0.0000000E+00  0.0000000E+00
   al25     25   0.0000000E+00  0.0000000E+00  0.0000000E+00  0.0000000E+00  0.0000000E+00  0.0000000E+00
   al-6     26   0.0000000E+00  0.0000000E+00  0.0000000E+00  0.0000000E+00  0.0000000E+00  0.0000000E+00
   al*6     26   0.0000000E+00  0.0000000E+00  0.0000000E+00  0.0000000E+00  0.0000000E+00  0.0000000E+00
   al27     27   5.4758129E-06  5.7683959E-05  5.2208146E-05  3.1486878E-05  2.8499451E-05  4.3293077E-02
   al28     28   0.0000000E+00  0.0000000E+00  0.0000000E+00  0.0000000E+00  0.0000000E+00  0.0000000E+00
   si27     27   0.0000000E+00  0.0000000E+00  0.0000000E+00  0.0000000E+00  0.0000000E+00  0.0000000E+00
   si28     28   6.6292705E-07  6.0101022E-04  6.0034730E-04  3.2806234E-04  3.2771836E-04  4.5561281E-04
   si29     29   1.7094862E-07  3.1745076E-05  3.1574127E-05  1.7328099E-05  1.7235727E-05  2.3212964E-03
   si30     30   5.0174458E-07  2.2032656E-05  2.1530912E-05  1.2026559E-05  1.1753322E-05  9.9807847E-03
    p31     31   8.5728061E-07  6.8515501E-06  5.9942695E-06  3.7399291E-06  3.2721596E-06  5.8028888E-02
    p32     32   0.0000000E+00  0.0000000E+00  0.0000000E+00  0.0000000E+00  0.0000000E+00  0.0000000E+00
    p33     33   0.0000000E+00  0.0000000E+00  0.0000000E+00  0.0000000E+00  0.0000000E+00  0.0000000E+00
    s32     32  -9.3935523E-07  2.8675201E-04  2.8769136E-04  1.5652402E-04  1.5704533E-04 -1.4440395E-03
    s33     33   1.3189288E-07  2.5070935E-06  2.3752007E-06  1.3685009E-06  1.2965775E-06  2.3446625E-02
    s34     34   1.1599332E-07  1.3929528E-05  1.3813535E-05  7.6034539E-06  7.5405505E-06  3.6078691E-03
    s35     35   0.0000000E+00  0.0000000E+00  0.0000000E+00  0.0000000E+00  0.0000000E+00  0.0000000E+00
    s36     36   2.9545888E-08  9.7732425E-08  6.8186537E-08  5.3347392E-08  3.7221753E-08  1.5631637E-01
   cl35     35  -2.5993359E-08  2.9251930E-06  2.9511864E-06  1.5967211E-06  1.6109974E-06 -3.8657766E-03
   cl36     36   0.0000000E+00  0.0000000E+00  0.0000000E+00  0.0000000E+00  0.0000000E+00  0.0000000E+00
   cl37     37   2.9653097E-07  1.2936404E-06  9.9710940E-07  7.0613555E-07  5.4430336E-07  1.1304708E-01
   ar36     36  -4.9345545E-07  5.4461969E-05  5.4955424E-05  2.9728149E-05  2.9999139E-05 -3.9409227E-03
   ar37     37   0.0000000E+00  0.0000000E+00  0.0000000E+00  0.0000000E+00  0.0000000E+00  0.0000000E+00
   ar38     38   1.6090689E-07  1.0708098E-05  1.0547191E-05  5.8450314E-06  5.7575144E-06  6.5518213E-03
   ar39     39   6.6758335E-12  6.6758335E-12  0.0000000E+00  3.6440139E-12  0.0000000E+00  0.0000000E+00
   ar40     40   3.5190446E-08  5.2947321E-08  1.7756875E-08  2.8901376E-08  9.6931458E-09  4.7445375E-01
    k39     39   3.1457148E-08  2.8925897E-06  2.8611325E-06  1.5789245E-06  1.5618388E-06  4.7251568E-03
    k40     40  -4.6316309E-10  0.0000000E+00  4.6316309E-10  0.0000000E+00  2.5283206E-10  0.0000000E+00
    k41     41   4.2710283E-08  2.5977482E-07  2.1706454E-07  1.4179848E-07  1.1849146E-07  7.7984504E-02
   ca40     40  -3.4854384E-07  4.9187976E-05  4.9536520E-05  2.6849331E-05  2.7041060E-05 -3.0902338E-03
   ca41     41   0.0000000E+00  0.0000000E+00  0.0000000E+00  0.0000000E+00  0.0000000E+00  0.0000000E+00
   ca42     42   2.7668420E-08  3.7482539E-07  3.4715697E-07  2.0459900E-07  1.8950651E-07  3.3279363E-02
   ca43     43   5.4512910E-09  7.9610729E-08  7.4159438E-08  4.3455639E-08  4.0482252E-08  3.0781472E-02
   ca44     44   2.8851787E-08  1.2014261E-06  1.1725743E-06  6.5580031E-07  6.4008640E-07  1.0533040E-02
   ca45     45   0.0000000E+00  0.0000000E+00  0.0000000E+00  0.0000000E+00  0.0000000E+00  0.0000000E+00
   ca46     46   2.5865035E-08  2.8215712E-08  2.3506785E-09  1.5401589E-08  1.2831914E-09  1.0792741E+00
   ca47     47   0.0000000E+00  0.0000000E+00  0.0000000E+00  0.0000000E+00  0.0000000E+00  0.0000000E+00
   ca48     48  -2.9037750E-10  1.1438144E-07  1.1467181E-07  6.2435284E-08  6.2597195E-08 -1.1247769E-03
   sc45     45   6.6966130E-09  3.9778097E-08  3.3081484E-08  2.1712935E-08  1.8058563E-08  8.0035351E-02
   sc46     46   0.0000000E+00  0.0000000E+00  0.0000000E+00  0.0000000E+00  0.0000000E+00  0.0000000E+00
   sc47     47   0.0000000E+00  0.0000000E+00  0.0000000E+00  0.0000000E+00  0.0000000E+00  0.0000000E+00
   sc48     48  -5.2853235E-32  2.0811811E-29  2.0864664E-29  1.1360159E-29  1.1389629E-29  0.0000000E+00
   ti46     46   4.7883617E-09  2.0689860E-07  2.0211024E-07  1.1293592E-07  1.1032820E-07  1.0145544E-02
   ti47     47   3.8482995E-10  1.8661461E-07  1.8622978E-07  1.0186387E-07  1.0165935E-07  8.7282551E-04
   ti48     48  -2.3456096E-08  1.8610565E-06  1.8845126E-06  1.0158606E-06  1.0287201E-06 -5.4631527E-03
   ti49     49   3.0739585E-08  1.7191711E-07  1.4117752E-07  9.3841216E-08  7.7066169E-08  8.5529849E-02
   ti50     50   9.5097718E-08  2.3303396E-07  1.3793624E-07  1.2720194E-07  7.5296811E-08  2.2771716E-01
    v51     51  -3.2371759E-09  3.0075026E-07  3.0398743E-07  1.6416499E-07  1.6594106E-07 -4.6733203E-03
   cr52     52  -7.8100129E-08  1.2383255E-05  1.2461355E-05  6.7594187E-06  6.8024206E-06 -2.7541285E-03
   cr53     53  -9.1681613E-09  1.4310159E-06  1.4401841E-06  7.8112220E-07  7.8616949E-07 -2.7972183E-03
   cr54     54   6.1088173E-08  4.2634491E-07  3.6525674E-07  2.3272102E-07  1.9938683E-07  6.7139149E-02
   mn55     55   3.7091650E-07  1.1253740E-05  1.0882824E-05  6.1428709E-06  5.9407294E-06  1.4531621E-02
   fe54     54  -1.3198587E-06  7.0386290E-05  7.1706148E-05  3.8420465E-05  3.9143044E-05 -8.0919871E-03
   fe55     55   4.0559470E-23  4.0559470E-23  0.0000000E+00  2.2139448E-23  0.0000000E+00  0.0000000E+00
   fe56     56  -9.7891316E-06  1.1575172E-03  1.1673063E-03  6.3183252E-04  6.3721073E-04 -3.6811135E-03
   fe57     57   3.2791086E-06  3.0718824E-05  2.7439715E-05  1.6767917E-05  1.4978827E-05  4.9001314E-02
   fe58     58   2.3473926E-06  6.0631960E-06  3.7158034E-06  3.3096048E-06  2.0283876E-06  2.1262521E-01
   fe59     59   0.0000000E+00  0.0000000E+00  0.0000000E+00  0.0000000E+00  0.0000000E+00  0.0000000E+00
   fe60     60   0.0000000E+00  0.0000000E+00  0.0000000E+00  0.0000000E+00  0.0000000E+00  0.0000000E+00
   co59     59   5.8706109E-07  3.4527088E-06  2.8656477E-06  1.8846664E-06  1.5643035E-06  8.0913462E-02
   co60     60   1.5978059E-14  1.5978059E-14  0.0000000E+00  8.7216475E-15  0.0000000E+00  0.0000000E+00
   ni58     58  -7.6485958E-07  4.0236886E-05  4.1001746E-05  2.1963366E-05  2.2382086E-05 -8.2016587E-03
   ni59     59   0.0000000E+00  0.0000000E+00  0.0000000E+00  0.0000000E+00  0.0000000E+00  0.0000000E+00
   ni60     60   1.7037746E-07  1.6508966E-05  1.6338588E-05  9.0114445E-06  8.9189307E-06  4.4816281E-03
   ni61     61   2.0924580E-07  9.3132519E-07  7.2207939E-07  5.0836525E-07  3.9416963E-07  1.1049268E-01
   ni62     62   2.3503435E-07  2.5749937E-06  2.3399593E-06  1.4055643E-06  1.2773401E-06  4.1544173E-02
   ni63     63   0.0000000E+00  0.0000000E+00  0.0000000E+00  0.0000000E+00  0.0000000E+00  0.0000000E+00
   ni64     64   5.8074181E-07  1.1959003E-06  6.1515846E-07  6.5278397E-07  3.3580349E-07  2.8868428E-01
   cu63     63   7.8990524E-08  5.8672072E-07  5.0773019E-07  3.2026239E-07  2.7716041E-07  6.2774725E-02
   cu64     64   0.0000000E+00  0.0000000E+00  0.0000000E+00  0.0000000E+00  0.0000000E+00  0.0000000E+00
   cu65     65   1.4763684E-07  3.8112057E-07  2.3348373E-07  2.0803525E-07  1.2745440E-07  2.1278210E-01
   zn64     64   1.9844663E-08  8.8974144E-07  8.6989678E-07  4.8566670E-07  4.7486037E-07  9.7723817E-03
   zn65     65   3.8378482E-40  3.8378482E-40  0.0000000E+00  2.0948992E-40  0.0000000E+00  0.0000000E+00
   zn66     66   1.5892419E-07  6.7358673E-07  5.1466253E-07  3.6767835E-07  2.8094465E-07  1.1684730E-01
   zn67     67   3.6216271E-08  1.1299238E-07  7.6776111E-08  6.1677063E-08  4.1910646E-08  1.6779934E-01
   zn68     68   2.1529766E-07  5.7165141E-07  3.5635375E-07  3.1203680E-07  1.9452685E-07  2.0522627E-01
   zn69     69   0.0000000E+00  0.0000000E+00  0.0000000E+00  0.0000000E+00  0.0000000E+00  0.0000000E+00
   zn70     70   9.1652641E-10  1.3046691E-08  1.2130164E-08  7.1215562E-09  6.6216299E-09  3.1609986E-02
   ga69     69   3.5635637E-08  6.8306143E-08  3.2670506E-08  3.7285012E-08  1.7834218E-08  3.2028022E-01
   ga70     70   0.0000000E+00  0.0000000E+00  0.0000000E+00  0.0000000E+00  0.0000000E+00  0.0000000E+00
   ga71     71   4.2649237E-08  6.4960098E-08  2.2310861E-08  3.5458569E-08  1.2179081E-08  4.6410668E-01
   ge70     70   6.6312538E-08  1.0265110E-07  3.6338566E-08  5.6032260E-08  1.9836543E-08  4.5097217E-01
   ge71     71   0.0000000E+00  0.0000000E+00  0.0000000E+00  0.0000000E+00  0.0000000E+00  0.0000000E+00
   ge72     72   7.8646536E-08  1.2803982E-07  4.9393282E-08  6.9890731E-08  2.6962867E-08  4.1365349E-01
   ge73     73   2.2982142E-08  3.7038845E-08  1.4056702E-08  2.0217710E-08  7.6732904E-09  4.2075032E-01
   ge74     74   1.0585058E-07  1.7272689E-07  6.6876304E-08  9.4283230E-08  3.6506520E-08  4.1206402E-01
   as75     75   9.6370325E-09  1.9441670E-08  9.8046371E-09  1.0612265E-08  5.3521680E-09  2.9727834E-01
   se76     76   3.6414544E-08  4.6622063E-08  1.0207519E-08  2.5448724E-08  5.5720939E-09  6.5964758E-01
   se77     77   1.4637753E-08  2.3059309E-08  8.4215559E-09  1.2586959E-08  4.5971698E-09  4.3743029E-01
   se78     78   1.0167567E-07  1.2825213E-07  2.6576460E-08  7.0006621E-08  1.4507592E-08  6.8354380E-01
   se79     79   0.0000000E+00  0.0000000E+00  0.0000000E+00  0.0000000E+00  0.0000000E+00  0.0000000E+00
   se80     80   1.3504429E-07  1.9193399E-07  5.6889704E-08  1.0476746E-07  3.1055023E-08  5.2809453E-01
   br79     79   2.2301887E-08  3.1399452E-08  9.0975645E-09  1.7139438E-08  4.9661901E-09  5.3797328E-01
   br80     80   0.0000000E+00  0.0000000E+00  0.0000000E+00  0.0000000E+00  0.0000000E+00  0.0000000E+00
   br81     81   1.8614944E-08  2.7689119E-08  9.0741734E-09  1.5114148E-08  4.9534217E-09  4.8447835E-01
   kr80     80   6.2223604E-10  2.7903106E-09  2.1680746E-09  1.5230953E-09  1.1835113E-09  1.0955468E-01
   kr81     81   0.0000000E+00  0.0000000E+00  0.0000000E+00  0.0000000E+00  0.0000000E+00  0.0000000E+00
   kr82     82   8.2201439E-08  9.3336475E-08  1.1135039E-08  5.0947857E-08  6.0784093E-09  9.2333597E-01
   kr83     83   2.8150794E-08  3.9316724E-08  1.1165930E-08  2.1461094E-08  6.0952723E-09  5.4665875E-01
   kr84     84   1.9397599E-07  2.4966744E-07  5.5691441E-08  1.3628136E-07  3.0400916E-08  6.5154976E-01
   kr-5     85   9.1487651E-17  9.1487651E-17  0.0000000E+00  4.9938674E-17  0.0000000E+00  0.0000000E+00
   kr*5     85   0.0000000E+00  0.0000000E+00  0.0000000E+00  0.0000000E+00  0.0000000E+00  0.0000000E+00
   kr86     86   7.7415798E-08  9.4658624E-08  1.7242828E-08  5.1669556E-08  9.4125365E-09  7.3952806E-01
   rb85     85   3.5696068E-08  4.4734918E-08  9.0388488E-09  2.4418624E-08  4.9341389E-09  6.9450986E-01
   rb86     86   0.0000000E+00  0.0000000E+00  0.0000000E+00  0.0000000E+00  0.0000000E+00  0.0000000E+00
   rb87     87   9.0057206E-09  1.2813022E-08  3.8073011E-09  6.9940076E-09  2.0783344E-09  5.2701068E-01
   sr86     86   7.1807214E-08  7.6025060E-08  4.2178452E-09  4.1498396E-08  2.3024427E-09  1.2558424E+00
   sr87     87   4.9258688E-08  5.2240594E-08  2.9819069E-09  2.8515608E-08  1.6277671E-09  1.2434903E+00
   sr88     88   9.2778441E-07  9.6394569E-07  3.6161293E-08  5.2617122E-07  1.9739774E-08  1.4257849E+00
   sr89     89   0.0000000E+00  0.0000000E+00  0.0000000E+00  0.0000000E+00  0.0000000E+00  0.0000000E+00
   sr90     90   3.1028327E-15  3.1028327E-15  0.0000000E+00  1.6936859E-15  0.0000000E+00  0.0000000E+00
    y89     89   2.5378108E-07  2.6240653E-07  8.6254612E-09  1.4323500E-07  4.7084781E-09  1.4831686E+00
    y90     90   7.8468240E-19  7.8468240E-19  0.0000000E+00  4.2832009E-19  0.0000000E+00  0.0000000E+00
    y91     91   0.0000000E+00  0.0000000E+00  0.0000000E+00  0.0000000E+00  0.0000000E+00  0.0000000E+00
   zr90     90   3.0873329E-07  3.1901354E-07  1.0280239E-08  1.7413403E-07  5.6117897E-09  1.4917822E+00
   zr91     91   7.7790993E-08  8.0057738E-08  2.2667466E-09  4.3699639E-08  1.2373745E-09  1.5479767E+00
   zr92     92   1.2268542E-07  1.2618828E-07  3.5028682E-09  6.8880070E-08  1.9121502E-09  1.5565716E+00
   zr93     93   0.0000000E+00  0.0000000E+00  0.0000000E+00  0.0000000E+00  0.0000000E+00  0.0000000E+00
   zr94     94   1.7892565E-07  1.8255270E-07  3.6270555E-09  9.9646670E-08  1.9799418E-09  1.7018104E+00
   zr95     95   0.0000000E+00  0.0000000E+00  0.0000000E+00  0.0000000E+00  0.0000000E+00  0.0000000E+00
   zr96     96   3.0550218E-09  3.6517900E-09  5.9676819E-10  1.9933351E-09  3.2576458E-10  7.8667641E-01
   nb93     93   4.3007663E-08  4.4573930E-08  1.5662663E-09  2.4330747E-08  8.5499552E-10  1.4541916E+00
   nb94     94   2.2494420E-12  2.2494420E-12  0.0000000E+00  1.2278613E-12  0.0000000E+00  0.0000000E+00
   nb95     95   0.0000000E+00  0.0000000E+00  0.0000000E+00  0.0000000E+00  0.0000000E+00  0.0000000E+00
   mo94     94   2.1556740E-10  7.0644368E-10  4.9087628E-10  3.8561335E-10  2.6796015E-10  1.5808184E-01
   mo95     95   2.3382551E-08  2.4241167E-08  8.5861673E-10  1.3232078E-08  4.6870280E-10  1.4507306E+00
   mo96     96   4.1769525E-08  4.2682856E-08  9.1333008E-10  2.3298503E-08  4.9856980E-10  1.6696020E+00
   mo97     97   1.3405343E-08  1.3936679E-08  5.3133709E-10  7.6073574E-09  2.9004696E-10  1.4187655E+00
   mo98     98   5.0292499E-08  5.1656571E-08  1.3640714E-09  2.8196817E-08  7.4462103E-10  1.5782648E+00
   tc99     99   0.0000000E+00  0.0000000E+00  0.0000000E+00  0.0000000E+00  0.0000000E+00  0.0000000E+00
   ru99     99   6.4387815E-09  6.9150579E-09  4.7627624E-10  3.7745949E-09  2.5999028E-10  1.1619133E+00
  ru100    100   2.5373181E-08  2.5848232E-08  4.7505166E-10  1.4109297E-08  2.5932181E-10  1.7356663E+00
  ru101    101   5.4593619E-09  6.1090049E-09  6.4964306E-10  3.3346097E-09  3.5462799E-10  9.7327197E-01
  ru102    102   3.5433917E-08  3.6647215E-08  1.2132968E-09  2.0003938E-08  6.6231598E-10  1.4800503E+00
  rh103    103   5.8897882E-09  6.6646266E-09  7.7483858E-10  3.6378967E-09  4.2296988E-10  9.3454087E-01
  pd104    104   1.9638382E-08  1.9977456E-08  3.3907493E-10  1.0904725E-08  1.8509468E-10  1.7702208E+00
  pd105    105   4.9385784E-09  5.6247780E-09  6.8619960E-10  3.0702936E-09  3.7458353E-10  9.1363120E-01
  pd106    106   2.3116671E-08  2.3964521E-08  8.4784951E-10  1.3081070E-08  4.6282517E-10  1.4512264E+00
  pd107    107   0.0000000E+00  0.0000000E+00  0.0000000E+00  0.0000000E+00  0.0000000E+00  0.0000000E+00
  pd108    108   2.9557976E-08  3.0394325E-08  8.3634916E-10  1.6590789E-08  4.5654736E-10  1.5603812E+00
  ag107    107   4.5380966E-09  5.1140878E-09  5.7599114E-10  2.7915326E-09  3.1442277E-10  9.4832873E-01
  ag108    108   0.0000000E+00  0.0000000E+00  0.0000000E+00  0.0000000E+00  0.0000000E+00  0.0000000E+00
  ag109    109   7.3489317E-09  7.8940507E-09  5.4511917E-10  4.3089798E-09  2.9757036E-10  1.1607848E+00
  cd108    108   1.3122354E-11  4.5421032E-11  3.2298678E-11  2.4793140E-11  1.7631244E-11  1.4804858E-01
  cd109    109   3.7267928E-36  3.7267928E-36  0.0000000E+00  2.0342755E-36  0.0000000E+00  0.0000000E+00
  cd110    110   2.5777283E-08  2.6238951E-08  4.6166743E-10  1.4322572E-08  2.5201560E-10  1.7545936E+00
  cd111    111   8.4897138E-09  8.9671373E-09  4.7742305E-10  4.8947255E-09  2.6061631E-10  1.2737267E+00
  cd112    112   3.2585504E-08  3.3493635E-08  9.0812946E-10  1.8282551E-08  4.9573090E-10  1.5667908E+00
  cd113    113   9.5201074E-09  9.9841095E-09  4.6400234E-10  5.4498415E-09  2.5329019E-10  1.3327655E+00
  cd114    114   4.7114135E-08  4.8214687E-08  1.1005538E-09  2.6318061E-08  6.0077171E-10  1.6415445E+00
  in115    115   8.9877448E-09  9.4027275E-09  4.1498235E-10  5.1324931E-09  2.2653111E-10  1.3552005E+00
  sn116    116   6.6765743E-08  6.8064082E-08  1.2983425E-09  3.7152883E-08  7.0874095E-10  1.7195051E+00
  sn117    117   1.9516266E-08  2.0207970E-08  6.9170381E-10  1.1030552E-08  3.7758816E-10  1.4655789E+00
  sn118    118   9.3130396E-08  9.5239606E-08  2.1092093E-09  5.1986685E-08  1.1513779E-09  1.6546743E+00
  sn119    119   2.7107109E-08  2.7894000E-08  7.8689133E-10  1.5225982E-08  4.2954923E-10  1.5495723E+00
  sn120    120   1.5323717E-07  1.5624673E-07  3.0095579E-09  8.5287517E-08  1.6428614E-09  1.7152846E+00
  sb121    121   1.0967693E-08  1.1431810E-08  4.6411644E-10  6.2400711E-09  2.5335251E-10  1.3914644E+00
  te122    122   1.9690864E-08  1.9999373E-08  3.0850808E-10  1.0916688E-08  1.6840879E-10  1.8117261E+00
  te123    123   7.2877997E-09  7.3963591E-09  1.0855930E-10  4.0373140E-09  5.9260492E-11  1.8333273E+00
  te124    124   3.9183451E-08  3.9766327E-08  5.8287475E-10  2.1706510E-08  3.1818043E-10  1.8339165E+00
  te125    125   1.3221294E-08  1.4097695E-08  8.7640023E-10  7.6952480E-09  4.7841048E-10  1.2064220E+00
  te126    126   7.5308620E-08  7.7662719E-08  2.3541020E-09  4.2392312E-08  1.2850603E-09  1.5183636E+00
   i127    127   9.7858779E-09  1.2738251E-08  2.9523732E-09  6.9531940E-09  1.6116454E-09  6.3491488E-01
   i128    128   0.0000000E+00  0.0000000E+00  0.0000000E+00  0.0000000E+00  0.0000000E+00  0.0000000E+00
   i129    129   1.9012970E-11  1.9012970E-11  0.0000000E+00  1.0378259E-11  0.0000000E+00  0.0000000E+00
  xe128    128   2.4171579E-08  2.4490465E-08  3.1888597E-10  1.3368157E-08  1.7407388E-10  1.8853379E+00
  xe129    129   9.3446353E-09  1.3347851E-08  4.0032151E-09  7.2859447E-09  2.1852804E-09  5.2297872E-01
  xe130    130   5.1140290E-08  5.1788014E-08  6.4772521E-10  2.8268566E-08  3.5358105E-10  1.9028149E+00
  xe131    131   1.9589052E-08  2.2824697E-08  3.2356440E-09  1.2458895E-08  1.7662775E-09  8.4842062E-01
  xe132    132   1.0214118E-07  1.0612615E-07  3.9849719E-09  5.7929121E-08  2.1753215E-09  1.4253736E+00
  xe133    133   0.0000000E+00  0.0000000E+00  0.0000000E+00  0.0000000E+00  0.0000000E+00  0.0000000E+00
  xe134    134   2.0341957E-09  3.5278691E-09  1.4936734E-09  1.9256927E-09  8.1536833E-10  3.7323317E-01
  cs133    133   1.3701490E-08  1.4749161E-08  1.0476716E-09  8.0508524E-09  5.7190430E-10  1.1485186E+00
  cs134    134   5.4905590E-29  5.4905590E-29  0.0000000E+00  2.9970302E-29  0.0000000E+00  0.0000000E+00
  cs135    135   0.0000000E+00  0.0000000E+00  0.0000000E+00  0.0000000E+00  0.0000000E+00  0.0000000E+00
  cs136    136   0.0000000E+00  0.0000000E+00  0.0000000E+00  0.0000000E+00  0.0000000E+00  0.0000000E+00
  cs137    137   0.0000000E+00  0.0000000E+00  0.0000000E+00  0.0000000E+00  0.0000000E+00  0.0000000E+00
  ba134    134   3.5260026E-08  3.5581206E-08  3.2118092E-10  1.9422055E-08  1.7532664E-10  2.0444472E+00
  ba135    135   1.9502735E-08  2.0385251E-08  8.8251628E-10  1.1127320E-08  4.8174914E-10  1.3635696E+00
  ba136    136   1.0643441E-07  1.0749366E-07  1.0592589E-09  5.8675578E-08  5.7822958E-10  2.0063570E+00
  ba137    137   8.6004825E-08  8.7530807E-08  1.5259846E-09  4.7778826E-08  8.3300644E-10  1.7585871E+00
  ba138    138   1.0687753E-06  1.0785874E-06  9.8120827E-09  5.8874855E-07  5.3562323E-09  2.0410705E+00
  la139    139   1.2452384E-07  1.2586969E-07  1.3458497E-09  6.8706164E-08  7.3467410E-10  1.9709010E+00
  ce140    140   3.5760098E-07  3.6068556E-07  3.0845662E-09  1.9688076E-07  1.6838070E-09  2.0679109E+00
  ce141    141   0.0000000E+00  0.0000000E+00  0.0000000E+00  0.0000000E+00  0.0000000E+00  0.0000000E+00
  ce142    142   2.4906288E-09  2.8837592E-09  3.9313044E-10  1.5741044E-09  2.1460257E-10  8.6539865E-01
  pr141    141   3.1517935E-08  3.2049545E-08  5.3160976E-10  1.7494292E-08  2.9019581E-10  1.7802052E+00
  nd142    142   9.4832096E-08  9.5541239E-08  7.0914086E-10  5.2151332E-08  3.8710671E-10  2.1294346E+00
  nd143    143   1.3106248E-08  1.3423737E-08  3.1748928E-10  7.3273672E-09  1.7331146E-10  1.6261207E+00
  nd144    144   4.0732061E-08  4.1363041E-08  6.3097849E-10  2.2578078E-08  3.4443937E-10  1.8165742E+00
  nd145    145   7.5268005E-09  7.7614422E-09  2.3464136E-10  4.2365951E-09  1.2808633E-10  1.5195142E+00
  nd146    146   3.8412260E-08  3.8874095E-08  4.6183540E-10  2.1219485E-08  2.5210731E-10  1.9251494E+00
  nd147    147   0.0000000E+00  0.0000000E+00  0.0000000E+00  0.0000000E+00  0.0000000E+00  0.0000000E+00
  nd148    148   2.4021869E-09  2.5584035E-09  1.5621662E-10  1.3965085E-09  8.5275731E-11  1.2142181E+00
  pm147    147   1.6967772E-25  1.6967772E-25  0.0000000E+00  9.2618840E-26  0.0000000E+00  0.0000000E+00
  pm148    148   0.0000000E+00  0.0000000E+00  0.0000000E+00  0.0000000E+00  0.0000000E+00  0.0000000E+00
  sm147    147   4.4763886E-09  4.6021342E-09  1.2574579E-10  2.5120819E-09  6.8642272E-11  1.5634421E+00
  sm148    148   1.1127415E-08  1.1222344E-08  9.4929550E-11  6.1257337E-09  5.1820267E-11  2.0726585E+00
  sm149    149   1.6652218E-09  1.7827304E-09  1.1750856E-10  9.7310615E-10  6.4145723E-11  1.1809926E+00
  sm150    150   8.1780787E-09  8.2412503E-09  6.3171704E-11  4.4984989E-09  3.4484252E-11  2.1154468E+00
  sm151    151   5.6824937E-14  5.6824937E-14  0.0000000E+00  3.1017977E-14  0.0000000E+00  0.0000000E+00
  sm152    152   7.0717356E-09  7.3037696E-09  2.3203400E-10  3.9867736E-09  1.2666303E-10  1.4979718E+00
  eu151    151   1.2039687E-09  1.3570318E-09  1.5306316E-10  7.4073786E-10  8.3554309E-11  9.4769567E-01
  eu152    152   6.8035315E-20  6.8035315E-20  0.0000000E+00  3.7137182E-20  0.0000000E+00  0.0000000E+00
  eu153    153   1.3408304E-09  1.5101296E-09  1.6929917E-10  8.2430651E-10  9.2417254E-11  9.5033562E-01
  eu154    154   1.9226980E-20  1.9226980E-20  0.0000000E+00  1.0495076E-20  0.0000000E+00  0.0000000E+00
  eu155    155   1.5675397E-22  1.5675397E-22  0.0000000E+00  8.5564391E-23  0.0000000E+00  0.0000000E+00
  gd152    152   5.7933077E-12  8.0281736E-12  2.2348657E-12  4.3821908E-12  1.2199714E-12  5.5534166E-01
  gd153    153   0.0000000E+00  0.0000000E+00  0.0000000E+00  0.0000000E+00  0.0000000E+00  0.0000000E+00
  gd154    154   3.0342204E-09  3.0589011E-09  2.4680761E-11  1.6697058E-09  1.3472765E-11  2.0931833E+00
  gd155    155   1.2197849E-09  1.3884297E-09  1.6864471E-10  7.5787648E-10  9.2059992E-11  9.1552752E-01
  gd156    156   4.9786331E-09  5.2133871E-09  2.3475408E-10  2.8457352E-09  1.2814787E-10  1.3464831E+00
  gd157    157   2.3734783E-09  2.5541054E-09  1.8062715E-10  1.3941623E-09  9.8600975E-11  1.1504321E+00
  gd158    158   9.9267590E-09  1.0215285E-08  2.8852606E-10  5.5760285E-09  1.5750097E-10  1.5490417E+00
  gd159    159   0.0000000E+00  0.0000000E+00  0.0000000E+00  0.0000000E+00  0.0000000E+00  0.0000000E+00
  gd160    160   2.8498720E-10  5.4211408E-10  2.5712688E-10  2.9591379E-10  1.4036075E-10  3.2391953E-01
  tb159    159   2.1333799E-09  2.3510385E-09  2.1765857E-10  1.2833179E-09  1.1881574E-10  1.0334603E+00
  tb160    160   0.0000000E+00  0.0000000E+00  0.0000000E+00  0.0000000E+00  0.0000000E+00  0.0000000E+00
  tb161    161   0.0000000E+00  0.0000000E+00  0.0000000E+00  0.0000000E+00  0.0000000E+00  0.0000000E+00
  dy160    160   3.5880101E-09  3.6209455E-09  3.2935446E-11  1.9764987E-09  1.7978844E-11  2.0411348E+00
  dy161    161   1.6381634E-09  1.9069535E-09  2.6879013E-10  1.0409135E-09  1.4672751E-10  8.5090309E-01
  dy162    162   7.4549504E-09  7.8197129E-09  3.6476222E-10  4.2684021E-09  1.9911686E-10  1.3311573E+00
  dy163    163   3.2092193E-09  3.5678882E-09  3.5866884E-10  1.9475372E-09  1.9579061E-10  9.9769390E-01
  dy164    164   1.5646405E-08  1.6056029E-08  4.0962403E-10  8.7642080E-09  2.2360609E-10  1.5932291E+00
  ho165    165   2.9151179E-09  3.2341676E-09  3.1904979E-10  1.7653753E-09  1.7416331E-10  1.0058804E+00
  er166    166   6.6039121E-09  6.9070016E-09  3.0308939E-10  3.7701975E-09  1.6545082E-10  1.3576951E+00
  er167    167   2.6657265E-09  2.8738569E-09  2.0813032E-10  1.5686992E-09  1.1361444E-10  1.1401061E+00
  er168    168   1.0291992E-08  1.0538988E-08  2.4699609E-10  5.7527227E-09  1.3483055E-10  1.6300851E+00
  er169    169   0.0000000E+00  0.0000000E+00  0.0000000E+00  0.0000000E+00  0.0000000E+00  0.0000000E+00
  er170    170   2.0761663E-09  2.2143001E-09  1.3813380E-10  1.2086790E-09  7.5404655E-11  1.2049128E+00
  tm169    169   2.5298450E-09  2.6758138E-09  1.4596872E-10  1.4605971E-09  7.9681595E-11  1.2631724E+00
  tm170    170   0.0000000E+00  0.0000000E+00  0.0000000E+00  0.0000000E+00  0.0000000E+00  0.0000000E+00
  tm171    171   2.4595551E-28  2.4595551E-28  0.0000000E+00  1.3425519E-28  0.0000000E+00  0.0000000E+00
  yb170    170   3.4260050E-09  3.4536127E-09  2.7607763E-11  1.8851598E-09  1.5070561E-11  2.0972188E+00
  yb171    171   4.1742583E-09  4.3055635E-09  1.3130533E-10  2.3501985E-09  7.1677116E-11  1.5157239E+00
  yb172    172   1.0949164E-08  1.1152483E-08  2.0331917E-10  6.0876002E-09  1.1098814E-10  1.7391696E+00
  yb173    173   4.8630762E-09  5.0148667E-09  1.5179073E-10  2.7373726E-09  8.2859719E-11  1.5189905E+00
  yb174    174   2.3432907E-08  2.3736627E-08  3.0372038E-10  1.2956674E-08  1.6579528E-10  1.8929213E+00
  lu175    175   3.0875533E-09  3.2246372E-09  1.3708382E-10  1.7601731E-09  7.4831488E-11  1.3714710E+00
  lu176    176   2.3300071E-09  2.3340085E-09  4.0013726E-12  1.2740221E-09  2.1842742E-12  2.7658699E+00
  lu177    177   0.0000000E+00  0.0000000E+00  0.0000000E+00  0.0000000E+00  0.0000000E+00  0.0000000E+00
  hf176    176  -1.2414098E-12  2.9547434E-11  3.0788844E-11  1.6128512E-11  1.6807052E-11 -1.7897258E-02
  hf177    177   2.5306603E-09  2.6413234E-09  1.1066296E-10  1.4417704E-09  6.0408838E-11  1.3777956E+00
  hf178    178   1.1979244E-08  1.2142510E-08  1.6326593E-10  6.6280075E-09  8.9123812E-11  1.8713893E+00
  hf179    179   4.1667145E-09  4.2486912E-09  8.1976821E-11  2.3191546E-09  4.4749610E-11  1.7145405E+00
  hf180    180   2.3688939E-08  2.3901237E-08  2.1229779E-10  1.3046527E-08  1.1588940E-10  2.0514512E+00
  hf181    181   0.0000000E+00  0.0000000E+00  0.0000000E+00  0.0000000E+00  0.0000000E+00  0.0000000E+00
  hf182    182   3.2320195E-09  3.2320195E-09  0.0000000E+00  1.7642028E-09  0.0000000E+00  0.0000000E+00
  ta181    181   5.7252794E-09  5.8152287E-09  8.9949548E-11  3.1742515E-09  4.9101771E-11  1.8105443E+00
  ta182    182   2.9653287E-17  2.9653287E-17  0.0000000E+00  1.6186292E-17  0.0000000E+00  0.0000000E+00
  ta183    183   0.0000000E+00  0.0000000E+00  0.0000000E+00  0.0000000E+00  0.0000000E+00  0.0000000E+00
   w182    182   1.0795296E-08  1.0936450E-08  1.4115367E-10  5.9696781E-09  7.7053156E-11  1.8891605E+00
   w183    183   6.3690697E-09  6.4457120E-09  7.6642102E-11  3.5184018E-09  4.1837488E-11  1.9247799E+00
   w184    184   1.5988590E-08  1.6153589E-08  1.6499786E-10  8.8174614E-09  9.0069244E-11  1.9907670E+00
   w185    185   0.0000000E+00  0.0000000E+00  0.0000000E+00  0.0000000E+00  0.0000000E+00  0.0000000E+00
   w186    186   5.6673235E-09  5.8220850E-09  1.5476133E-10  3.1779941E-09  8.4481318E-11  1.5753924E+00
  re185    185   3.1024880E-09  3.1811471E-09  7.8658968E-11  1.7364340E-09  4.2938458E-11  1.6068119E+00
  re186    186   0.0000000E+00  0.0000000E+00  0.0000000E+00  0.0000000E+00  0.0000000E+00  0.0000000E+00
  re187    187   1.2076653E-09  1.3511092E-09  1.4344391E-10  7.3750500E-10  7.8303343E-11  9.7398466E-01
  os186    186   6.4429928E-09  6.4865899E-09  4.3597213E-11  3.5407151E-09  2.3798902E-11  2.1725340E+00
  os187    187   1.8009964E-09  1.8358589E-09  3.4862516E-11  1.0021064E-09  1.9030796E-11  1.7214569E+00
  os188    188   1.2203007E-08  1.2570784E-08  3.6777628E-10  6.8617814E-09  2.0076218E-10  1.5337549E+00
  os189    189   2.4948625E-09  2.9456557E-09  4.5079324E-10  1.6078907E-09  2.4607960E-10  8.1518090E-01
  os190    190   1.3002691E-08  1.3739665E-08  7.3697393E-10  7.4998177E-09  4.0230028E-10  1.2705004E+00
  os191    191   0.0000000E+00  0.0000000E+00  0.0000000E+00  0.0000000E+00  0.0000000E+00  0.0000000E+00
  os192    192   2.7299527E-09  3.8865973E-09  1.1566444E-09  2.1215050E-09  6.3139055E-10  5.2634597E-01
  ir191    191   2.4752205E-09  3.4504759E-09  9.7525554E-10  1.8834476E-09  5.3237376E-10  5.4873693E-01
  ir192    192   0.0000000E+00  0.0000000E+00  0.0000000E+00  0.0000000E+00  0.0000000E+00  0.0000000E+00
  ir193    193   2.8629863E-09  4.5195199E-09  1.6565337E-09  2.4669868E-09  9.0427077E-10  4.3586832E-01
  pt192    192   3.4851821E-09  3.5261905E-09  4.1008415E-11  1.9247763E-09  2.2385725E-11  1.9344091E+00
  pt193    193   6.0425268E-15  6.0425268E-15  0.0000000E+00  3.2983224E-15  0.0000000E+00  0.0000000E+00
  pt194    194   1.0244706E-08  1.1991554E-08  1.7468473E-09  6.5456076E-09  9.5357122E-10  8.3659685E-01
  pt195    195   4.1759689E-09  5.9779506E-09  1.8019816E-09  3.2630734E-09  9.8366804E-10  5.2077830E-01
  pt196    196   1.8800984E-08  2.0152292E-08  1.3513084E-09  1.1000159E-08  7.3765399E-10  1.1735463E+00
  au197    197   6.0969589E-09  6.9113684E-09  8.1440926E-10  3.7725809E-09  4.4457080E-10  9.2869759E-01
  hg198    198   2.0581840E-08  2.0773152E-08  1.9131202E-10  1.1339057E-08  1.0443365E-10  2.0357366E+00
  hg199    199   8.8124974E-09  9.1378398E-09  3.2534206E-10  4.9879039E-09  1.7759814E-10  1.4484797E+00
  hg200    200   2.9046390E-08  2.9494112E-08  4.4772266E-10  1.6099406E-08  2.4440344E-10  1.8187026E+00
  hg201    201   1.1778825E-08  1.2035551E-08  2.5672625E-10  6.5696240E-09  1.4014206E-10  1.6709720E+00
  hg202    202   4.8654627E-08  4.9239159E-08  5.8453165E-10  2.6877270E-08  3.1908490E-10  1.9254789E+00
  tl203    203   2.2766079E-08  2.2997305E-08  2.3122579E-10  1.2553114E-08  1.2622182E-10  1.9976170E+00
  tl204    204   2.6261833E-22  2.6261833E-22  0.0000000E+00  1.4335062E-22  0.0000000E+00  0.0000000E+00
  tl205    205   2.7526786E-08  2.8084195E-08  5.5740901E-10  1.5329800E-08  3.0427916E-10  1.7022643E+00
  pb204    204   2.7724237E-08  2.8016911E-08  2.9267469E-10  1.5293073E-08  1.5976563E-10  1.9810114E+00
  pb205    205   0.0000000E+00  0.0000000E+00  0.0000000E+00  0.0000000E+00  0.0000000E+00  0.0000000E+00
  pb206    206   1.9284461E-07  1.9559459E-07  2.7499842E-09  1.0676560E-07  1.5011649E-09  1.8520030E+00
  pb207    207   2.4162344E-07  2.4468139E-07  3.0579421E-09  1.3355971E-07  1.6692735E-09  1.9031479E+00
  pb208    208   6.6028343E-07  6.6907847E-07  8.7950518E-09  3.6521752E-07  4.8010542E-09  1.8812150E+00
  bi209    209   5.9593379E-09  6.5710166E-09  6.1167860E-10  3.5867995E-09  3.3390390E-10  1.0310856E+00
  bi210    210   0.0000000E+00  0.0000000E+00  0.0000000E+00  0.0000000E+00  0.0000000E+00  0.0000000E+00
  po210    210   0.0000000E+00  0.0000000E+00  0.0000000E+00  0.0000000E+00  0.0000000E+00  0.0000000E+00
