  species    A      yield       mass(i)_lost    mass(i)_0        <X(i)>          X0(i)   log10(<X(i)>/X0(i)) 
      n      1   0.0000000E+00  0.0000000E+00  0.0000000E+00  0.0000000E+00  0.0000000E+00  0.0000000E+00
      p      1  -9.2779636E-02  2.0677228E+00  2.1605024E+00  7.0139849E-01  7.3292029E-01 -1.9091923E-02
      d      2   1.7464479E-17  1.7464479E-17  0.0000000E+00  5.9241790E-18  0.0000000E+00  0.0000000E+00
    he3      3   2.2184067E-04  2.2184067E-04  0.0000000E+00  7.5251250E-05  0.0000000E+00  0.0000000E+00
    he4      4   6.8469226E-02  8.3481389E-01  7.6634467E-01  2.8317976E-01  2.5997174E-01  3.7136067E-02
    li7      7   1.2397656E-09  1.4650798E-08  1.3411032E-08  4.9697415E-09  4.5495052E-09  3.8369637E-02
    be7      7   4.0071597E-14  4.0071597E-14  0.0000000E+00  1.3592808E-14  0.0000000E+00  0.0000000E+00
     b8      8   5.0102070E-25  5.0102070E-25  0.0000000E+00  1.6995275E-25  0.0000000E+00  0.0000000E+00
    c12     12   1.8831795E-02  2.2524221E-02  3.6924253E-03  7.6405094E-03  1.2526038E-03  7.8530860E-01
    c13     13   1.1139105E-04  1.5613600E-04  4.4744949E-05  5.2963365E-05  1.5179100E-05  5.4272956E-01
    c14     14   4.7445674E-08  4.7445674E-08  0.0000000E+00  1.6094191E-08  0.0000000E+00  0.0000000E+00
    n13     13   0.0000000E+00  0.0000000E+00  0.0000000E+00  0.0000000E+00  0.0000000E+00  0.0000000E+00
    n14     14   1.9327834E-03  3.0244826E-03  1.0916992E-03  1.0259439E-03  3.7034374E-04  4.4251859E-01
    n15     15  -1.9287436E-06  7.6024207E-07  2.6889857E-06  2.5788401E-07  9.1220090E-07 -5.4866612E-01
    o14     14   0.0000000E+00  0.0000000E+00  0.0000000E+00  0.0000000E+00  0.0000000E+00  0.0000000E+00
    o15     15   0.0000000E+00  0.0000000E+00  0.0000000E+00  0.0000000E+00  0.0000000E+00  0.0000000E+00
    o16     16  -1.2842938E-06  8.9149596E-03  8.9162439E-03  3.0240705E-03  3.0247113E-03 -9.2008479E-05
    o17     17   3.2398839E-05  3.5998037E-05  3.5991966E-06  1.2211003E-05  1.2209773E-06  1.0000437E+00
    o18     18  -7.6024426E-06  1.2459104E-05  2.0061547E-05  4.2262905E-06  6.8055997E-06 -2.0690706E-01
    o19     19   0.0000000E+00  0.0000000E+00  0.0000000E+00  0.0000000E+00  0.0000000E+00  0.0000000E+00
    f17     17   0.0000000E+00  0.0000000E+00  0.0000000E+00  0.0000000E+00  0.0000000E+00  0.0000000E+00
    f18     18   0.0000000E+00  0.0000000E+00  0.0000000E+00  0.0000000E+00  0.0000000E+00  0.0000000E+00
    f19     19   4.8875713E-06  5.4652892E-06  5.7771774E-07  1.8538973E-06  1.9598269E-07  9.7586793E-01
    f20     20   0.0000000E+00  0.0000000E+00  0.0000000E+00  0.0000000E+00  0.0000000E+00  0.0000000E+00
   ne19     19   0.0000000E+00  0.0000000E+00  0.0000000E+00  0.0000000E+00  0.0000000E+00  0.0000000E+00
   ne20     20   2.3342320E-05  1.8523417E-03  1.8289994E-03  6.2833843E-04  6.2046252E-04  5.4780841E-03
   ne21     21   3.9064689E-06  8.5100637E-06  4.6035948E-06  2.8867246E-06  1.5617053E-06  2.6680627E-01
   ne22     22   2.8423723E-03  2.9903087E-03  1.4793636E-04  1.0143517E-03  5.0185346E-05  1.3056116E+00
   ne23     23   0.0000000E+00  0.0000000E+00  0.0000000E+00  0.0000000E+00  0.0000000E+00  0.0000000E+00
   na21     21   0.0000000E+00  0.0000000E+00  0.0000000E+00  0.0000000E+00  0.0000000E+00  0.0000000E+00
   na22     22   1.0113910E-15  1.0113910E-15  0.0000000E+00  3.4307701E-16  0.0000000E+00  0.0000000E+00
   na23     23   3.9358601E-05  8.8870511E-05  4.9511909E-05  3.0146035E-05  1.6796224E-05  2.5401852E-01
   na24     24   0.0000000E+00  0.0000000E+00  0.0000000E+00  0.0000000E+00  0.0000000E+00  0.0000000E+00
   mg23     23   0.0000000E+00  0.0000000E+00  0.0000000E+00  0.0000000E+00  0.0000000E+00  0.0000000E+00
   mg24     24  -1.9502128E-05  8.5296365E-04  8.7246578E-04  2.8933640E-04  2.9597184E-04 -9.8473169E-03
   mg25     25   1.3023432E-04  2.4528918E-04  1.1505486E-04  8.3205283E-05  3.9030758E-05  3.2874390E-01
   mg26     26   8.0884784E-05  2.1262710E-04  1.3174232E-04  7.2125884E-05  4.4691740E-05  2.0786388E-01
   mg27     27   0.0000000E+00  0.0000000E+00  0.0000000E+00  0.0000000E+00  0.0000000E+00  0.0000000E+00
   al25     25   0.0000000E+00  0.0000000E+00  0.0000000E+00  0.0000000E+00  0.0000000E+00  0.0000000E+00
   al-6     26   0.0000000E+00  0.0000000E+00  0.0000000E+00  0.0000000E+00  0.0000000E+00  0.0000000E+00
   al*6     26   0.0000000E+00  0.0000000E+00  0.0000000E+00  0.0000000E+00  0.0000000E+00  0.0000000E+00
   al27     27   2.5833477E-05  1.0984416E-04  8.4010680E-05  3.7260568E-05  2.8499451E-05  1.1641300E-01
   al28     28   0.0000000E+00  0.0000000E+00  0.0000000E+00  0.0000000E+00  0.0000000E+00  0.0000000E+00
   si27     27   0.0000000E+00  0.0000000E+00  0.0000000E+00  0.0000000E+00  0.0000000E+00  0.0000000E+00
   si28     28   1.2045377E-05  9.7809359E-04  9.6604822E-04  3.3178210E-04  3.2771836E-04  5.3522009E-03
   si29     29   2.7538517E-06  5.3561325E-05  5.0807474E-05  1.8168699E-05  1.7235727E-05  2.2894254E-02
   si30     30   5.2969372E-06  3.9943377E-05  3.4646440E-05  1.3549314E-05  1.1753322E-05  6.1756693E-02
    p31     31   2.1503483E-06  1.1796020E-05  9.6456715E-06  4.0013638E-06  3.2721596E-06  8.7373555E-02
    p32     32   1.8145091E-36  1.8145091E-36  0.0000000E+00  6.1550513E-37  0.0000000E+00  0.0000000E+00
    p33     33   2.1917000E-36  2.1917000E-36  0.0000000E+00  7.4345323E-37  0.0000000E+00  0.0000000E+00
    s32     32  -4.2946194E-06  4.5864360E-04  4.6293822E-04  1.5557789E-04  1.5704533E-04 -4.0771700E-03
    s33     33   1.8225410E-07  4.0043051E-06  3.8220510E-06  1.3583125E-06  1.2965775E-06  2.0201236E-02
    s34     34   1.2013879E-06  2.3429422E-05  2.2228034E-05  7.9475649E-06  7.5405505E-06  2.2831041E-02
    s35     35   1.3749307E-29  1.3749307E-29  0.0000000E+00  4.6639440E-30  0.0000000E+00  0.0000000E+00
    s36     36   1.4090587E-07  2.5062815E-07  1.0972228E-07  8.5016332E-08  3.7221753E-08  3.5870555E-01
   cl35     35  -6.5414042E-08  4.6834839E-06  4.7488979E-06  1.5886988E-06  1.6109974E-06 -6.0532819E-03
   cl36     36   0.0000000E+00  0.0000000E+00  0.0000000E+00  0.0000000E+00  0.0000000E+00  0.0000000E+00
   cl37     37   4.9482742E-07  2.0993248E-06  1.6044974E-06  7.1211832E-07  5.4430336E-07  1.1671115E-01
   ar36     36  -1.6256818E-06  8.6805776E-05  8.8431458E-05  2.9445649E-05  2.9999139E-05 -8.0876620E-03
   ar37     37   2.0049869E-31  2.0049869E-31  0.0000000E+00  6.8011770E-32  0.0000000E+00  0.0000000E+00
   ar38     38   6.2146864E-07  1.7593469E-05  1.6972001E-05  5.9679342E-06  5.7575144E-06  1.5588977E-02
   ar39     39   1.4463636E-10  1.4463636E-10  0.0000000E+00  4.9062539E-11  0.0000000E+00  0.0000000E+00
   ar40     40   1.4041908E-07  1.6899253E-07  2.8573456E-08  5.7324467E-08  9.6931458E-09  7.7187526E-01
    k39     39   9.0772573E-08  4.6947607E-06  4.6039881E-06  1.5925240E-06  1.5618388E-06  8.4497957E-03
    k40     40  -7.4529832E-10  0.0000000E+00  7.4529832E-10  0.0000000E+00  2.5283206E-10  0.0000000E+00
    k41     41   5.0246570E-08  3.9953571E-07  3.4928914E-07  1.3552771E-07  1.1849146E-07  5.8341045E-02
   ca40     40  -1.1219236E-06  7.8589714E-05  7.9711637E-05  2.6658656E-05  2.7041060E-05 -6.1854674E-03
   ca41     41   0.0000000E+00  0.0000000E+00  0.0000000E+00  0.0000000E+00  0.0000000E+00  0.0000000E+00
   ca42     42   6.1985020E-08  6.2061224E-07  5.5862722E-07  2.1051976E-07  1.8950651E-07  4.5668740E-02
   ca43     43   1.7340653E-08  1.3667423E-07  1.1933358E-07  4.6361681E-08  4.0482252E-08  5.8894500E-02
   ca44     44   3.2342541E-08  1.9191891E-06  1.8868466E-06  6.5101398E-07  6.4008640E-07  7.3517333E-03
   ca45     45   2.4331987E-24  2.4331987E-24  0.0000000E+00  8.2537269E-25  0.0000000E+00  0.0000000E+00
   ca46     46   4.1656907E-08  4.5439499E-08  3.7825920E-09  1.5413670E-08  1.2831914E-09  1.0796146E+00
   ca47     47   0.0000000E+00  0.0000000E+00  0.0000000E+00  0.0000000E+00  0.0000000E+00  0.0000000E+00
   ca48     48   3.9790393E-13  1.8452441E-07  1.8452401E-07  6.2593081E-08  6.2597195E-08 -2.8553162E-05
   sc45     45   2.2736035E-08  7.5969062E-08  5.3233027E-08  2.5769696E-08  1.8058563E-08  1.5442613E-01
   sc46     46   1.8215773E-33  1.8215773E-33  0.0000000E+00  6.1790274E-34  0.0000000E+00  0.0000000E+00
   sc47     47   0.0000000E+00  0.0000000E+00  0.0000000E+00  0.0000000E+00  0.0000000E+00  0.0000000E+00
   sc48     48   2.9189876E-34  3.3574640E-29  3.3574349E-29  1.1388956E-29  1.1389629E-29  0.0000000E+00
   ti46     46  -2.4029987E-09  3.2282247E-07  3.2522547E-07  1.0950559E-07  1.1032820E-07 -3.2502338E-03
   ti47     47  -2.6680880E-09  2.9700334E-07  2.9967143E-07  1.0074740E-07  1.0165935E-07 -3.9134957E-03
   ti48     48  -7.6385277E-08  2.9560761E-06  3.0324613E-06  1.0027395E-06  1.0287201E-06 -1.1109101E-02
   ti49     49   3.8819906E-08  2.6599557E-07  2.2717566E-07  9.0229165E-08  7.7066169E-08  6.8483189E-02
   ti50     50   1.2849199E-07  3.5045193E-07  2.2195994E-07  1.1887786E-07  7.5296811E-08  1.9832440E-01
    v51     51  -6.2093477E-09  4.8295169E-07  4.8916104E-07  1.6382350E-07  1.6594106E-07 -5.5776690E-03
   cr52     52  -3.1674426E-07  1.9735429E-05  2.0052174E-05  6.6945149E-06  6.8024206E-06 -6.9443616E-03
   cr53     53  -2.5859435E-08  2.2916111E-06  2.3174705E-06  7.7734433E-07  7.8616949E-07 -4.9027521E-03
   cr54     54   2.4302273E-07  8.3077521E-07  5.8775248E-07  2.8180978E-07  1.9938683E-07  1.5025957E-01
   mn55     55  -1.7814637E-07  1.7333934E-05  1.7512080E-05  5.8798964E-06  5.9407294E-06 -4.4700839E-03
   fe54     54  -3.4178520E-06  1.1196801E-04  1.1538586E-04  3.7981008E-05  3.9143044E-05 -1.3088118E-02
   fe55     55  -4.3666871E-17 -4.3666871E-17  0.0000000E+00 -1.4812371E-17  0.0000000E+00  0.0000000E+00
   fe56     56  -3.6330894E-05  1.8420389E-03  1.8783698E-03  6.2484364E-04  6.3721073E-04 -8.5117277E-03
   fe57     57   5.7601683E-06  4.9914754E-05  4.4154585E-05  1.6931735E-05  1.4978827E-05  5.3223655E-02
   fe58     58   1.6329068E-05  2.2308348E-05  5.9792806E-06  7.5672824E-06  2.0283876E-06  5.7178903E-01
   fe59     59   6.2384002E-32  6.2384002E-32  0.0000000E+00  2.1161467E-32  0.0000000E+00  0.0000000E+00
   fe60     60   0.0000000E+00  0.0000000E+00  0.0000000E+00  0.0000000E+00  0.0000000E+00  0.0000000E+00
   co59     59   5.2413302E-06  9.8525834E-06  4.6112532E-06  3.3421247E-06  1.5643035E-06  3.2970166E-01
   co60     60   7.1980013E-12  7.1980013E-12  0.0000000E+00  2.4416558E-12  0.0000000E+00  0.0000000E+00
   ni58     58  -2.0079096E-06  6.3970001E-05  6.5977911E-05  2.1699458E-05  2.2382086E-05 -1.3451677E-02
   ni59     59   0.0000000E+00  0.0000000E+00  0.0000000E+00  0.0000000E+00  0.0000000E+00  0.0000000E+00
   ni60     60   4.8572365E-06  3.1148458E-05  2.6291222E-05  1.0565963E-05  8.9189307E-06  7.3596291E-02
   ni61     61   1.1708831E-06  2.3328164E-06  1.1619333E-06  7.9132172E-07  3.9416963E-07  3.0266994E-01
   ni62     62   2.0443549E-06  5.8096980E-06  3.7653431E-06  1.9707252E-06  1.2773401E-06  1.8831956E-01
   ni63     63   0.0000000E+00  0.0000000E+00  0.0000000E+00  0.0000000E+00  0.0000000E+00  0.0000000E+00
   ni64     64   1.7936502E-06  2.7835317E-06  9.8988153E-07  9.4421023E-07  3.3580349E-07  4.4898349E-01
   cu63     63   1.0681381E-06  1.8851515E-06  8.1701342E-07  6.3946794E-07  2.7716041E-07  3.6308756E-01
   cu64     64   0.0000000E+00  0.0000000E+00  0.0000000E+00  0.0000000E+00  0.0000000E+00  0.0000000E+00
   cu65     65   3.1102689E-07  6.8673694E-07  3.7571004E-07  2.3295011E-07  1.2745440E-07  2.6190808E-01
   zn64     64  -3.0776391E-08  1.3690170E-06  1.3997934E-06  4.6438842E-07  4.7486037E-07 -9.6845506E-03
   zn65     65   4.3409387E-23  4.3409387E-23  0.0000000E+00  1.4725029E-23  0.0000000E+00  0.0000000E+00
   zn66     66   3.1236067E-07  1.1405293E-06  8.2816865E-07  3.8688242E-07  2.8094465E-07  1.3895823E-01
   zn67     67   7.1359977E-08  1.9490417E-07  1.2354420E-07  6.6114033E-08  4.1910646E-08  1.9796930E-01
   zn68     68   4.7751263E-07  1.0509389E-06  5.7342623E-07  3.5649217E-07  1.9452685E-07  2.6307046E-01
   zn69     69   0.0000000E+00  0.0000000E+00  0.0000000E+00  0.0000000E+00  0.0000000E+00  0.0000000E+00
   zn70     70   3.9115573E-09  2.3430797E-08  1.9519240E-08  7.9480316E-09  6.6216299E-09  7.9294674E-02
   ga69     69   6.8982999E-08  1.2155471E-07  5.2571703E-08  4.1232941E-08  1.7834218E-08  3.6399025E-01
   ga70     70   0.0000000E+00  0.0000000E+00  0.0000000E+00  0.0000000E+00  0.0000000E+00  0.0000000E+00
   ga71     71   6.0989287E-08  9.6890780E-08  3.5901493E-08  3.2866616E-08  1.2179081E-08  4.3114048E-01
   ge70     70   1.0740837E-07  1.6588253E-07  5.8474157E-08  5.6269513E-08  1.9836543E-08  4.5280719E-01
   ge71     71   1.6745195E-36  1.6745195E-36  0.0000000E+00  5.6801882E-37  0.0000000E+00  0.0000000E+00
   ge72     72   1.0784375E-07  1.8732489E-07  7.9481140E-08  6.3543041E-08  2.6962867E-08  3.7230191E-01
   ge73     73   3.2576928E-08  5.5196256E-08  2.2619327E-08  1.8723290E-08  7.6732904E-09  3.8740054E-01
   ge74     74   1.5219240E-07  2.5980631E-07  1.0761392E-07  8.8129688E-08  3.6506520E-08  3.8275182E-01
   as75     75   1.3932869E-08  2.9709991E-08  1.5777122E-08  1.0078016E-08  5.3521680E-09  2.7484530E-01
   se76     76   5.0571728E-08  6.6997146E-08  1.6425417E-08  2.2726304E-08  5.5720939E-09  6.1051041E-01
   se77     77   2.0040243E-08  3.3591782E-08  1.3551538E-08  1.1394770E-08  4.5971698E-09  3.9421505E-01
   se78     78   1.3722762E-07  1.7999309E-07  4.2765478E-08  6.1056006E-08  1.4507592E-08  6.2413305E-01
   se79     79   0.0000000E+00  0.0000000E+00  0.0000000E+00  0.0000000E+00  0.0000000E+00  0.0000000E+00
   se80     80   1.8589634E-07  2.7744034E-07  9.1543988E-08  9.4111378E-08  3.1055023E-08  4.8151028E-01
   br79     79   3.0984417E-08  4.5623750E-08  1.4639334E-08  1.5476170E-08  4.9661901E-09  4.9364012E-01
   br80     80   0.0000000E+00  0.0000000E+00  0.0000000E+00  0.0000000E+00  0.0000000E+00  0.0000000E+00
   br81     81   2.5061226E-08  3.9662922E-08  1.4601697E-08  1.3454180E-08  4.9534217E-09  4.3395191E-01
   kr80     80  -1.0409451E-10  3.3846601E-09  3.4887546E-09  1.1481208E-09  1.1835113E-09 -1.3184809E-02
   kr81     81   0.0000000E+00  0.0000000E+00  0.0000000E+00  0.0000000E+00  0.0000000E+00  0.0000000E+00
   kr82     82   9.1183331E-08  1.0910126E-07  1.7917934E-08  3.7008572E-08  6.0784093E-09  7.8451240E-01
   kr83     83   3.2306673E-08  5.0274316E-08  1.7967643E-08  1.7053702E-08  6.0952723E-09  4.4682556E-01
   kr84     84   2.3658822E-07  3.2620403E-07  8.9615817E-08  1.1065266E-07  3.0400916E-08  5.6107521E-01
   kr-5     85  -5.3219077E-14 -5.3219077E-14  0.0000000E+00 -1.8052605E-14  0.0000000E+00  0.0000000E+00
   kr*5     85   0.0000000E+00  0.0000000E+00  0.0000000E+00  0.0000000E+00  0.0000000E+00  0.0000000E+00
   kr86     86   1.2505603E-06  1.2783066E-06  2.7746276E-08  4.3361825E-07  9.4125365E-09  1.6634009E+00
   rb85     85   8.1666954E-08  9.6211807E-08  1.4544854E-08  3.2636297E-08  4.9341389E-09  8.2048953E-01
   rb86     86   8.8054480E-35  8.8054480E-35  0.0000000E+00  2.9869228E-35  0.0000000E+00  0.0000000E+00
   rb87     87   2.0611020E-07  2.1223671E-07  6.1265135E-09  7.1993462E-08  2.0783344E-09  1.5395776E+00
   sr86     86   4.8144248E-08  5.4931387E-08  6.7871406E-09  1.8633443E-08  2.3024427E-09  9.0810430E-01
   sr87     87   2.5224216E-08  3.0022548E-08  4.7983320E-09  1.0184039E-08  1.6277671E-09  7.9632783E-01
   sr88     88   8.7250157E-07  9.3069048E-07  5.8188903E-08  3.1570235E-07  1.9739774E-08  1.2039356E+00
   sr89     89   1.4526598E-33  1.4526598E-33  0.0000000E+00  4.9276112E-34  0.0000000E+00  0.0000000E+00
   sr90     90   3.4285091E-13  3.4285091E-13  0.0000000E+00  1.1629949E-13  0.0000000E+00  0.0000000E+00
    y89     89   2.6874733E-07  2.8262698E-07  1.3879651E-08  9.5870753E-08  4.7084781E-09  1.3088056E+00
    y90     90   8.6704417E-17  8.6704417E-17  0.0000000E+00  2.9411267E-17  0.0000000E+00  0.0000000E+00
    y91     91   1.3733799E-34  1.3733799E-34  0.0000000E+00  4.6586836E-35  0.0000000E+00  0.0000000E+00
   zr90     90   2.4704121E-07  2.6358364E-07  1.6542433E-08  8.9411010E-08  5.6117897E-09  1.2022896E+00
   zr91     91   7.2888135E-08  7.6535670E-08  3.6475325E-09  2.5961898E-08  1.2373745E-09  1.3218353E+00
   zr92     92   1.3591460E-07  1.4155124E-07  5.6366360E-09  4.8016027E-08  1.9121502E-09  1.3998642E+00
   zr93     93   0.0000000E+00  0.0000000E+00  0.0000000E+00  0.0000000E+00  0.0000000E+00  0.0000000E+00
   zr94     94   1.7664900E-07  1.8248546E-07  5.8364722E-09  6.1901446E-08  1.9799418E-09  1.4950484E+00
   zr95     95   1.7147120E-32  1.7147120E-32  0.0000000E+00  5.8165264E-33  0.0000000E+00  0.0000000E+00
   zr96     96   1.1108040E-07  1.1204069E-07  9.6028885E-10  3.8005663E-08  3.2576458E-10  2.0669444E+00
   nb93     93   5.1944102E-08  5.4464458E-08  2.5203557E-09  1.8475054E-08  8.5499552E-10  1.3346219E+00
   nb94     94   1.1583542E-15  1.1583542E-15  0.0000000E+00  3.9292884E-16  0.0000000E+00  0.0000000E+00
   nb95     95   2.0125266E-32  2.0125266E-32  0.0000000E+00  6.8267525E-33  0.0000000E+00  0.0000000E+00
   mo94     94  -2.2995439E-11  7.6689755E-10  7.8989298E-10  2.6014163E-10  2.6796015E-10 -1.2860348E-02
   mo95     95   3.6074979E-08  3.7456623E-08  1.3816420E-09  1.2705774E-08  4.6870280E-10  1.4331036E+00
   mo96     96   6.4810337E-08  6.6280023E-08  1.4696840E-09  2.2483048E-08  4.9856980E-10  1.6541293E+00
   mo97     97   2.0949388E-08  2.1804388E-08  8.5500046E-10  7.3963324E-09  2.9004696E-10  1.4065481E+00
   mo98     98   4.8530303E-08  5.0725298E-08  2.1949937E-09  1.7206682E-08  7.4462103E-10  1.3637619E+00
   tc99     99   0.0000000E+00  0.0000000E+00  0.0000000E+00  0.0000000E+00  0.0000000E+00  0.0000000E+00
   ru99     99   5.7692784E-09  6.5356778E-09  7.6639933E-10  2.2169870E-09  2.5999028E-10  9.3080604E-01
  ru100    100   1.8922291E-08  1.9686720E-08  7.6442880E-10  6.6779919E-09  2.5932181E-10  1.4108069E+00
  ru101    101   3.8954595E-09  4.9408317E-09  1.0453723E-09  1.6759946E-09  3.5462799E-10  6.7449957E-01
  ru102    102   2.2849683E-08  2.4802059E-08  1.9523752E-09  8.4131813E-09  6.6231598E-10  1.1038951E+00
  rh103    103   3.7030188E-09  4.9498494E-09  1.2468305E-09  1.6790535E-09  4.2296988E-10  5.9875512E-01
  pd104    104   1.1987686E-08  1.2533308E-08  5.4562205E-10  4.2514614E-09  1.8509468E-10  1.3611443E+00
  pd105    105   2.9531448E-09  4.0573420E-09  1.1041973E-09  1.3763033E-09  3.7458353E-10  5.6516552E-01
  pd106    106   1.3667717E-08  1.5032033E-08  1.3643160E-09  5.0990612E-09  4.6282517E-10  1.0420732E+00
  pd107    107   0.0000000E+00  0.0000000E+00  0.0000000E+00  0.0000000E+00  0.0000000E+00  0.0000000E+00
  pd108    108   1.7488935E-08  1.8834745E-08  1.3458104E-09  6.3889911E-09  4.5654736E-10  1.1459465E+00
  ag107    107   2.6491844E-09  3.5760399E-09  9.2685543E-10  1.2130393E-09  3.1442277E-10  5.8636093E-01
  ag108    108   0.0000000E+00  0.0000000E+00  0.0000000E+00  0.0000000E+00  0.0000000E+00  0.0000000E+00
  ag109    109   4.3138741E-09  5.1910520E-09  8.7717789E-10  1.7608724E-09  2.9757036E-10  7.7213824E-01
  cd108    108  -1.1726141E-12  5.0800759E-11  5.1973374E-11  1.7232280E-11  1.7631244E-11 -9.9402172E-03
  cd109    109  -2.7116588E-26 -2.7116588E-26  0.0000000E+00 -9.1983000E-27  0.0000000E+00  0.0000000E+00
  cd110    110   1.5506837E-08  1.6249729E-08  7.4289158E-10  5.5121196E-09  2.5201560E-10  1.3398912E+00
  cd111    111   5.0993747E-09  5.8676193E-09  7.6824475E-10  1.9903730E-09  2.6061631E-10  8.8293290E-01
  cd112    112   2.0539307E-08  2.2000624E-08  1.4613155E-09  7.4628979E-09  4.9573090E-10  1.1776615E+00
  cd113    113   6.0527134E-09  6.7993624E-09  7.4664885E-10  2.3064324E-09  2.5329019E-10  9.5932239E-01
  cd114    114   3.2175240E-08  3.3946193E-08  1.7709548E-09  1.1514991E-08  6.0077171E-10  1.2825541E+00
  in115    115   6.1838175E-09  6.8515860E-09  6.6776840E-10  2.3241473E-09  2.2653111E-10  1.0111358E+00
  sn116    116   4.9759610E-08  5.1848836E-08  2.0892266E-09  1.7587801E-08  7.0874095E-10  1.3947240E+00
  sn117    117   1.4717653E-08  1.5830707E-08  1.1130543E-09  5.3699822E-09  3.7758816E-10  1.1529545E+00
  sn118    118   8.0444238E-08  8.3838266E-08  3.3940317E-09  2.8439032E-08  1.1513779E-09  1.3926970E+00
  sn119    119   2.3568735E-08  2.4834959E-08  1.2662252E-09  8.4243421E-09  4.2954923E-10  1.2925230E+00
  sn120    120   1.4313525E-07  1.4797808E-07  4.8428266E-09  5.0196096E-08  1.6428614E-09  1.4850690E+00
  sb121    121   1.0198629E-08  1.0945461E-08  7.4683248E-10  3.7128431E-09  2.5335251E-10  1.1659814E+00
  te122    122   1.8043895E-08  1.8540330E-08  4.9643539E-10  6.2891217E-09  1.6840879E-10  1.5722252E+00
  te123    123   6.6070736E-09  6.7817618E-09  1.7468807E-10  2.3004620E-09  5.9260492E-11  1.5890498E+00
  te124    124   3.5010327E-08  3.5948258E-08  9.3793218E-10  1.2194118E-08  3.1818043E-10  1.5834769E+00
  te125    125   1.1704937E-08  1.3115196E-08  1.4102585E-09  4.4488453E-09  4.7841048E-10  9.6844661E-01
  te126    126   6.7719398E-08  7.1507500E-08  3.7881005E-09  2.4256275E-08  1.2850603E-09  1.2759006E+00
   i127    127   8.7552223E-09  1.3506030E-08  4.7508082E-09  4.5814215E-09  1.6116454E-09  4.5373076E-01
   i128    128   0.0000000E+00  0.0000000E+00  0.0000000E+00  0.0000000E+00  0.0000000E+00  0.0000000E+00
   i129    129   2.6242637E-11  2.6242637E-11  0.0000000E+00  8.9018445E-12  0.0000000E+00  0.0000000E+00
  xe128    128   2.1501174E-08  2.2014309E-08  5.1313498E-10  7.4675404E-09  1.7407388E-10  1.6324440E+00
  xe129    129   8.1747951E-09  1.4616564E-08  6.4417689E-09  4.9581290E-09  2.1852804E-09  3.5581064E-01
  xe130    130   4.3531827E-08  4.4574115E-08  1.0422863E-09  1.5120120E-08  3.5358105E-10  1.6310663E+00
  xe131    131   1.6659296E-08  2.1865930E-08  5.2066325E-09  7.4172082E-09  1.7662775E-09  6.2318152E-01
  xe132    132   8.8128807E-08  9.4541221E-08  6.4124128E-09  3.2069615E-08  2.1753215E-09  1.1685703E+00
  xe133    133   7.2747429E-40  7.2747429E-40  0.0000000E+00  2.4676866E-40  0.0000000E+00  0.0000000E+00
  xe134    134   6.3097460E-08  6.5501006E-08  2.4035427E-09  2.2218794E-08  8.1536833E-10  1.4353666E+00
  cs133    133   1.1894927E-08  1.3580786E-08  1.6858596E-09  4.6067798E-09  5.7190430E-10  9.0607411E-01
  cs134    134   1.0355728E-18  1.0355728E-18  0.0000000E+00  3.5127980E-19  0.0000000E+00  0.0000000E+00
  cs135    135   0.0000000E+00  0.0000000E+00  0.0000000E+00  0.0000000E+00  0.0000000E+00  0.0000000E+00
  cs136    136   9.3785978E-37  9.3785978E-37  0.0000000E+00  3.1813426E-37  0.0000000E+00  0.0000000E+00
  cs137    137   0.0000000E+00  0.0000000E+00  0.0000000E+00  0.0000000E+00  0.0000000E+00  0.0000000E+00
  ba134    134   2.6930248E-08  2.7447076E-08  5.1682786E-10  9.3104058E-09  1.7532664E-10  1.7251207E+00
  ba135    135   2.7922422E-08  2.9342521E-08  1.4200999E-09  9.9533652E-09  4.8174914E-10  1.3151489E+00
  ba136    136   8.3048057E-08  8.4752564E-08  1.7045051E-09  2.8749174E-08  5.7822958E-10  1.6965251E+00
  ba137    137   1.3397600E-07  1.3643154E-07  2.4555362E-09  4.6279357E-08  8.3300644E-10  1.7447389E+00
  ba138    138   8.7886747E-07  8.9465658E-07  1.5789102E-08  3.0347917E-07  5.3562323E-09  1.7532694E+00
  la139    139   1.0498210E-07  1.0714777E-07  2.1656723E-09  3.6345920E-08  7.3467410E-10  1.6943610E+00
  ce140    140   2.8400902E-07  2.8897256E-07  4.9635260E-09  9.8023257E-08  1.6838070E-09  1.7650368E+00
  ce141    141   1.4748883E-34  1.4748883E-34  0.0000000E+00  5.0030130E-35  0.0000000E+00  0.0000000E+00
  ce142    142   3.9800913E-08  4.0433520E-08  6.3260541E-10  1.3715577E-08  2.1460257E-10  1.8055792E+00
  pr141    141   2.9792750E-08  3.0648188E-08  8.5543916E-10  1.0396265E-08  2.9019581E-10  1.5541862E+00
  nd142    142   5.3308998E-08  5.4450112E-08  1.1411132E-09  1.8470187E-08  3.8710671E-10  1.6786406E+00
  nd143    143   1.1516089E-08  1.2026977E-08  5.1088750E-10  4.0797072E-09  1.7331146E-10  1.3718017E+00
  nd144    144   3.3927982E-08  3.4943319E-08  1.0153383E-09  1.1853230E-08  3.4443937E-10  1.5367239E+00
  nd145    145   6.3479746E-09  6.7255477E-09  3.7757289E-10  2.2813935E-09  1.2808633E-10  1.2506974E+00
  nd146    146   2.9658077E-08  3.0401239E-08  7.4316187E-10  1.0312497E-08  2.5210731E-10  1.6117784E+00
  nd147    147   2.1092149E-37  2.1092149E-37  0.0000000E+00  7.1547318E-38  0.0000000E+00  0.0000000E+00
  nd148    148   4.9207638E-09  5.1721396E-09  2.5137581E-10  1.7544571E-09  8.5275731E-11  1.3133173E+00
  pm147    147   7.0986068E-18  7.0986068E-18  0.0000000E+00  2.4079399E-18  0.0000000E+00  0.0000000E+00
  pm148    148   0.0000000E+00  0.0000000E+00  0.0000000E+00  0.0000000E+00  0.0000000E+00  0.0000000E+00
  sm147    147   3.5017589E-09  3.7041026E-09  2.0234367E-10  1.2564798E-09  6.8642272E-11  1.2625638E+00
  sm148    148   7.1074702E-09  7.2602258E-09  1.5275578E-10  2.4627631E-09  5.1820267E-11  1.6769230E+00
  sm149    149   1.3633799E-09  1.5524686E-09  1.8908876E-10  5.2661758E-10  6.4145723E-11  9.1432768E-01
  sm150    150   6.4552128E-09  6.5568653E-09  1.0165268E-10  2.2241742E-09  3.4484252E-11  1.8095480E+00
  sm151    151   7.6409433E-14  7.6409433E-14  0.0000000E+00  2.5919076E-14  0.0000000E+00  0.0000000E+00
  sm152    152   5.8432330E-09  6.2166103E-09  3.7337727E-10  2.1087552E-09  1.2666303E-10  1.2213763E+00
  eu151    151   9.5887798E-10  1.2051794E-09  2.4630140E-10  4.0881257E-10  8.3554309E-11  6.8955541E-01
  eu152    152  -6.7498529E-18 -6.7498529E-18  0.0000000E+00 -2.2896380E-18  0.0000000E+00  0.0000000E+00
  eu153    153   1.1195751E-09  1.3920027E-09  2.7242758E-10  4.7218546E-10  9.2417254E-11  7.0835954E-01
  eu154    154   8.5648150E-18  8.5648150E-18  0.0000000E+00  2.9052970E-18  0.0000000E+00  0.0000000E+00
  eu155    155   1.6633198E-17  1.6633198E-17  0.0000000E+00  5.6421973E-18  0.0000000E+00  0.0000000E+00
  gd152    152   2.0079073E-12  5.6041391E-12  3.5962318E-12  1.9009969E-12  1.2199714E-12  1.9263178E-01
  gd153    153  -1.2520036E-31 -1.2520036E-31  0.0000000E+00 -4.2469594E-32  0.0000000E+00  0.0000000E+00
  gd154    154   2.6251756E-09  2.6648908E-09  3.9715016E-11  9.0396568E-10  1.3472765E-11  1.8266952E+00
  gd155    155   1.0773714E-09  1.3487459E-09  2.7137445E-10  4.5751219E-10  9.2059992E-11  6.9633174E-01
  gd156    156   4.3031978E-09  4.6809521E-09  3.7775427E-10  1.5878400E-09  1.2814787E-10  1.0930953E+00
  gd157    157   2.0621036E-09  2.3527595E-09  2.9065597E-10  7.9808671E-10  9.8600975E-11  9.0816885E-01
  gd158    158   8.1768015E-09  8.6410825E-09  4.6428134E-10  2.9311678E-09  1.5750097E-10  1.2697574E+00
  gd159    159   0.0000000E+00  0.0000000E+00  0.0000000E+00  0.0000000E+00  0.0000000E+00  0.0000000E+00
  gd160    160   7.3718964E-10  1.1509450E-09  4.1375539E-10  3.9041553E-10  1.4036075E-10  4.4428140E-01
  tb159    159   1.7607650E-09  2.1110100E-09  3.5024503E-10  7.1608214E-10  1.1881574E-10  7.8008890E-01
  tb160    160   9.1383129E-33  9.1383129E-33  0.0000000E+00  3.0998348E-33  0.0000000E+00  0.0000000E+00
  tb161    161   4.9687381E-40  4.9687381E-40  0.0000000E+00  1.6854538E-40  0.0000000E+00  0.0000000E+00
  dy160    160   2.9132026E-09  2.9662006E-09  5.2998037E-11  1.0061739E-09  1.7978844E-11  1.7479113E+00
  dy161    161   1.4132664E-09  1.8457897E-09  4.3252335E-10  6.2611594E-10  1.4672751E-10  6.3014323E-01
  dy162    162   6.0945236E-09  6.6814803E-09  5.8695665E-10  2.2664453E-09  1.9911686E-10  1.0562372E+00
  dy163    163   2.6256513E-09  3.2028027E-09  5.7715155E-10  1.0864324E-09  1.9579061E-10  7.4421084E-01
  dy164    164   1.2635056E-08  1.3294201E-08  6.5914602E-10  4.5095665E-09  2.2360609E-10  1.3046511E+00
  ho165    165   2.3633349E-09  2.8767335E-09  5.1339860E-10  9.7582553E-10  1.7416331E-10  7.4841547E-01
  er166    166   5.3197038E-09  5.8074199E-09  4.8771592E-10  1.9699524E-09  1.6545082E-10  1.0757868E+00
  er167    167   2.1715256E-09  2.5064382E-09  3.3491265E-10  8.5021651E-10  1.1361444E-10  8.7409604E-01
  er168    168   8.2119325E-09  8.6093861E-09  3.9745346E-10  2.9204159E-09  1.3483055E-10  1.3356564E+00
  er169    169   6.2760885E-38  6.2760885E-38  0.0000000E+00  2.1289310E-38  0.0000000E+00  0.0000000E+00
  er170    170   3.3602023E-09  3.5824801E-09  2.2227784E-10  1.2152239E-09  7.5404655E-11  1.2072581E+00
  tm169    169   2.0465565E-09  2.2814419E-09  2.3488542E-10  7.7389484E-10  7.9681595E-11  9.8732394E-01
  tm170    170   6.7323183E-28  6.7323183E-28  0.0000000E+00  2.2836900E-28  0.0000000E+00  0.0000000E+00
  tm171    171   2.0013081E-18  2.0013081E-18  0.0000000E+00  6.7886977E-19  0.0000000E+00  0.0000000E+00
  yb170    170   2.6670872E-09  2.7115121E-09  4.4424998E-11  9.1978025E-10  1.5070561E-11  1.7855546E+00
  yb171    171   3.9400621E-09  4.1513517E-09  2.1128979E-10  1.4081926E-09  7.1677116E-11  1.2932816E+00
  yb172    172   1.0518133E-08  1.0845304E-08  3.2717082E-10  3.6788685E-09  1.1098814E-10  1.5204377E+00
  yb173    173   4.7773230E-09  5.0215769E-09  2.4425387E-10  1.7033843E-09  8.2859719E-11  1.3129692E+00
  yb174    174   2.0531395E-08  2.1020126E-08  4.8873128E-10  7.1303008E-09  1.6579528E-10  1.6335356E+00
  lu175    175   2.6779945E-09  2.8985827E-09  2.2058827E-10  9.8323705E-10  7.4831488E-11  1.1185739E+00
  lu176    176   1.9966402E-09  2.0030790E-09  6.4388035E-12  6.7947054E-10  2.1842742E-12  2.4928634E+00
  lu177    177   4.1116829E-39  4.1116829E-39  0.0000000E+00  1.3947362E-39  0.0000000E+00  0.0000000E+00
  hf176    176  -1.6696609E-12  4.7874166E-11  4.9543827E-11  1.6239541E-11  1.6807052E-11 -1.4917806E-02
  hf177    177   2.1508901E-09  2.3289632E-09  1.7807318E-10  7.9001466E-10  6.0408838E-11  1.1165347E+00
  hf178    178   9.7857971E-09  1.0048516E-08  2.6271915E-10  3.4085874E-09  8.9123812E-11  1.5825807E+00
  hf179    179   3.4286400E-09  3.5605530E-09  1.3191291E-10  1.2077860E-09  4.4749610E-11  1.4312007E+00
  hf180    180   1.8507260E-08  1.8848878E-08  3.4161876E-10  6.3937851E-09  1.1588940E-10  1.7417144E+00
  hf181    181   5.9783159E-34  5.9783159E-34  0.0000000E+00  2.0279227E-34  0.0000000E+00  0.0000000E+00
  hf182    182   7.3155046E-09  7.3155046E-09  0.0000000E+00  2.4815145E-09  0.0000000E+00  0.0000000E+00
  ta181    181   4.4984221E-09  4.6431641E-09  1.4474219E-10  1.5750218E-09  4.9101771E-11  1.5061893E+00
  ta182    182   6.7118653E-17  6.7118653E-17  0.0000000E+00  2.2767521E-17  0.0000000E+00  0.0000000E+00
  ta183    183   0.0000000E+00  0.0000000E+00  0.0000000E+00  0.0000000E+00  0.0000000E+00  0.0000000E+00
   w182    182   7.8564755E-09  8.0836129E-09  2.2713728E-10  2.7420668E-09  7.7053156E-11  1.5512875E+00
   w183    183   6.0089920E-09  6.1323204E-09  1.2332854E-10  2.0801629E-09  4.1837488E-11  1.6965318E+00
   w184    184   1.4230881E-08  1.4496387E-08  2.6550612E-10  4.9173634E-09  9.0069244E-11  1.7371558E+00
   w185    185   5.8999360E-32  5.8999360E-32  0.0000000E+00  2.0013351E-32  0.0000000E+00  0.0000000E+00
   w186    186   6.8025825E-09  7.0516166E-09  2.4903402E-10  2.3920002E-09  8.4481318E-11  1.4520005E+00
  re185    185   2.7137816E-09  2.8403555E-09  1.2657397E-10  9.6348562E-10  4.2938458E-11  1.3509988E+00
  re186    186   0.0000000E+00  0.0000000E+00  0.0000000E+00  0.0000000E+00  0.0000000E+00  0.0000000E+00
  re187    187   1.5143770E-09  1.7451995E-09  2.3082260E-10  5.9199445E-10  7.8303343E-11  8.7853730E-01
  os186    186   5.3032521E-09  5.3734066E-09  7.0154403E-11  1.8227295E-09  2.3798902E-11  1.8841653E+00
  os187    187   1.4591556E-09  1.5152546E-09  5.6098980E-11  5.1399413E-10  1.9030796E-11  1.4315012E+00
  os188    188   1.1010054E-08  1.1601861E-08  5.9180671E-10  3.9355026E-09  2.0076218E-10  1.2923183E+00
  os189    189   2.2259234E-09  2.9513167E-09  7.2539341E-10  1.0011251E-09  2.4607960E-10  6.0941273E-01
  os190    190   1.0445479E-08  1.1631380E-08  1.1859007E-09  3.9455159E-09  4.0230028E-10  9.9155343E-01
  os191    191   3.0519070E-36  3.0519070E-36  0.0000000E+00  1.0352467E-36  0.0000000E+00  0.0000000E+00
  os192    192   2.5606046E-09  4.4218176E-09  1.8612130E-09  1.4999382E-09  6.3139055E-10  3.7577531E-01
  ir191    191   1.9593100E-09  3.5286414E-09  1.5693312E-09  1.1969611E-09  5.3237376E-10  3.5186338E-01
  ir192    192   1.5064799E-32  1.5064799E-32  0.0000000E+00  5.1101763E-33  0.0000000E+00  0.0000000E+00
  ir193    193   2.3766888E-09  5.0422981E-09  2.6656093E-09  1.7104133E-09  9.0427077E-10  2.7680257E-01
  pt192    192   2.6187705E-09  2.6847591E-09  6.5988645E-11  9.1070529E-10  2.2385725E-11  1.6094067E+00
  pt193    193   1.1136596E-14  1.1136596E-14  0.0000000E+00  3.7776784E-15  0.0000000E+00  0.0000000E+00
  pt194    194   8.1765892E-09  1.0987526E-08  2.8109373E-09  3.7271120E-09  9.5357122E-10  5.9201932E-01
  pt195    195   3.2971175E-09  6.1967742E-09  2.8996567E-09  2.1020266E-09  9.8366804E-10  3.2978961E-01
  pt196    196   1.4155560E-08  1.6330016E-08  2.1744562E-09  5.5393543E-09  7.3765399E-10  8.7560642E-01
  au197    197   4.5757562E-09  5.8862621E-09  1.3105058E-09  1.9966968E-09  4.4457080E-10  6.5237117E-01
  hg198    198   1.5588505E-08  1.5896354E-08  3.0784950E-10  5.3922506E-09  1.0443365E-10  1.7129296E+00
  hg199    199   6.8182779E-09  7.3418018E-09  5.2352378E-10  2.4904347E-09  1.7759814E-10  1.1468368E+00
  hg200    200   2.2357810E-08  2.3078263E-08  7.2045242E-10  7.8284472E-09  2.4440344E-10  1.5055683E+00
  hg201    201   9.2326262E-09  9.6457367E-09  4.1311077E-10  3.2719596E-09  1.4014206E-10  1.3682394E+00
  hg202    202   3.5027412E-08  3.5968011E-08  9.4059849E-10  1.2200818E-08  3.1908490E-10  1.5824827E+00
  tl203    203   1.8700208E-08  1.9072285E-08  3.7207670E-10  6.4695675E-09  1.2622182E-10  1.7097408E+00
  tl204    204  -1.4497852E-17 -1.4497852E-17  0.0000000E+00 -4.9178605E-18  0.0000000E+00  0.0000000E+00
  tl205    205   4.0019877E-08  4.0916831E-08  8.9695412E-10  1.3879522E-08  3.0427916E-10  1.6591023E+00
  pb204    204   1.3619892E-08  1.4090849E-08  4.7095711E-10  4.7797997E-09  1.5976563E-10  1.4759264E+00
  pb205    205   0.0000000E+00  0.0000000E+00  0.0000000E+00  0.0000000E+00  0.0000000E+00  0.0000000E+00
  pb206    206   1.5146794E-07  1.5589308E-07  4.4251336E-09  5.2880964E-08  1.5011649E-09  1.5468709E+00
  pb207    207   1.8455046E-07  1.8947114E-07  4.9206843E-09  6.4271077E-08  1.6692735E-09  1.5854881E+00
  pb208    208   5.7423040E-07  5.8838293E-07  1.4152548E-08  1.9958716E-07  4.8010542E-09  1.6187960E+00
  bi209    209   1.5695743E-08  1.6680024E-08  9.8428188E-10  5.6580816E-09  3.3390390E-10  1.2290478E+00
  bi210    210   0.0000000E+00  0.0000000E+00  0.0000000E+00  0.0000000E+00  0.0000000E+00  0.0000000E+00
  po210    210   0.0000000E+00  0.0000000E+00  0.0000000E+00  0.0000000E+00  0.0000000E+00  0.0000000E+00
