  species    A      yield       mass(i)_lost    mass(i)_0        <X(i)>          X0(i)   log10(<X(i)>/X0(i)) 
      n      1   0.0000000E+00  0.0000000E+00  0.0000000E+00  0.0000000E+00  0.0000000E+00  0.0000000E+00
      p      1  -1.2777662E-01  1.5592593E+00  1.6870359E+00  6.7734981E-01  7.3292029E-01 -3.4243729E-02
      d      2   1.4952017E-17  1.4952017E-17  0.0000000E+00  6.4952290E-18  0.0000000E+00  0.0000000E+00
    he3      3   2.4023518E-04  2.4023518E-04  0.0000000E+00  1.0435933E-04  0.0000000E+00  0.0000000E+00
    he4      4   9.8001301E-02  6.9640428E-01  5.9840298E-01  3.0252141E-01  2.5997174E-01  6.5830000E-02
    li7      7  -1.0109159E-08  3.6289260E-10  1.0472052E-08  1.5764232E-10  4.5495052E-09 -1.4602914E+00
    be7      7   1.8453893E-18  1.8453893E-18  0.0000000E+00  8.0164606E-19  0.0000000E+00  0.0000000E+00
     b8      8   2.8877935E-29  2.8877935E-29  0.0000000E+00  1.2544715E-29  0.0000000E+00  0.0000000E+00
    c12     12   2.2853874E-02  2.5737118E-02  2.8832436E-03  1.1180329E-02  1.2526038E-03  9.5064086E-01
    c13     13   4.7978629E-05  8.2917883E-05  3.4939254E-05  3.6019930E-05  1.5179100E-05  3.7529686E-01
    c14     14   1.3170339E-08  1.3170339E-08  0.0000000E+00  5.7212595E-09  0.0000000E+00  0.0000000E+00
    n13     13   0.0000000E+00  0.0000000E+00  0.0000000E+00  0.0000000E+00  0.0000000E+00  0.0000000E+00
    n14     14   1.5901364E-03  2.4425937E-03  8.5245719E-04  1.0610746E-03  3.7034374E-04  4.5714089E-01
    n15     15  -1.1878235E-06  9.1188053E-07  2.0997040E-06  3.9612533E-07  9.1220090E-07 -3.6225790E-01
    o14     14   0.0000000E+00  0.0000000E+00  0.0000000E+00  0.0000000E+00  0.0000000E+00  0.0000000E+00
    o15     15   0.0000000E+00  0.0000000E+00  0.0000000E+00  0.0000000E+00  0.0000000E+00  0.0000000E+00
    o16     16  -1.4188699E-05  6.9480916E-03  6.9622803E-03  3.0182847E-03  3.0247113E-03 -9.2371291E-04
    o17     17   2.6820422E-05  2.9630868E-05  2.8104455E-06  1.2871793E-05  1.2209773E-06  1.0229315E+00
    o18     18  -6.1356250E-06  9.5295045E-06  1.5665129E-05  4.1396629E-06  6.8055997E-06 -2.1590145E-01
    o19     19   0.0000000E+00  0.0000000E+00  0.0000000E+00  0.0000000E+00  0.0000000E+00  0.0000000E+00
    f17     17   0.0000000E+00  0.0000000E+00  0.0000000E+00  0.0000000E+00  0.0000000E+00  0.0000000E+00
    f18     18   0.0000000E+00  0.0000000E+00  0.0000000E+00  0.0000000E+00  0.0000000E+00  0.0000000E+00
    f19     19   7.1360218E-06  7.5871349E-06  4.5111295E-07  3.2958883E-06  1.9598269E-07  1.2257547E+00
    f20     20   0.0000000E+00  0.0000000E+00  0.0000000E+00  0.0000000E+00  0.0000000E+00  0.0000000E+00
   ne19     19   0.0000000E+00  0.0000000E+00  0.0000000E+00  0.0000000E+00  0.0000000E+00  0.0000000E+00
   ne20     20   5.6710676E-05  1.4848914E-03  1.4281807E-03  6.4504403E-04  6.2046252E-04  1.6873796E-02
   ne21     21   2.8752620E-06  6.4699952E-06  3.5947332E-06  2.8105974E-06  1.5617053E-06  2.5519955E-01
   ne22     22   4.7884644E-03  4.9039810E-03  1.1551662E-04  2.1303131E-03  5.0185346E-05  1.6278665E+00
   ne23     23   0.0000000E+00  0.0000000E+00  0.0000000E+00  0.0000000E+00  0.0000000E+00  0.0000000E+00
   na21     21   0.0000000E+00  0.0000000E+00  0.0000000E+00  0.0000000E+00  0.0000000E+00  0.0000000E+00
   na22     22   2.1921898E-21  2.1921898E-21  0.0000000E+00  9.5229784E-22  0.0000000E+00  0.0000000E+00
   na23     23   7.4559415E-05  1.1322096E-04  3.8661547E-05  4.9183735E-05  1.6796224E-05  4.6660984E-01
   na24     24   0.0000000E+00  0.0000000E+00  0.0000000E+00  0.0000000E+00  0.0000000E+00  0.0000000E+00
   mg23     23   0.0000000E+00  0.0000000E+00  0.0000000E+00  0.0000000E+00  0.0000000E+00  0.0000000E+00
   mg24     24   1.6674749E-05  6.9794268E-04  6.8126793E-04  3.0318968E-04  2.9597184E-04  1.0464009E-02
   mg25     25   4.6353387E-05  1.3619439E-04  8.9841000E-05  5.9163503E-05  3.9030758E-05  1.8064690E-01
   mg26     26   1.7004662E-05  1.1987612E-04  1.0287145E-04  5.2074767E-05  4.4691740E-05  6.6400073E-02
   mg27     27   0.0000000E+00  0.0000000E+00  0.0000000E+00  0.0000000E+00  0.0000000E+00  0.0000000E+00
   al25     25   0.0000000E+00  0.0000000E+00  0.0000000E+00  0.0000000E+00  0.0000000E+00  0.0000000E+00
   al-6     26   0.0000000E+00  0.0000000E+00  0.0000000E+00  0.0000000E+00  0.0000000E+00  0.0000000E+00
   al*6     26   0.0000000E+00  0.0000000E+00  0.0000000E+00  0.0000000E+00  0.0000000E+00  0.0000000E+00
   al27     27   1.2449585E-05  7.8049619E-05  6.5600034E-05  3.3905133E-05  2.8499451E-05  7.5428940E-02
   al28     28   0.0000000E+00  0.0000000E+00  0.0000000E+00  0.0000000E+00  0.0000000E+00  0.0000000E+00
   si27     27   0.0000000E+00  0.0000000E+00  0.0000000E+00  0.0000000E+00  0.0000000E+00  0.0000000E+00
   si28     28   1.7815037E-06  7.5612363E-04  7.5434212E-04  3.2846376E-04  3.2771836E-04  9.8668691E-04
   si29     29   6.6500434E-07  4.0338200E-05  3.9673196E-05  1.7523111E-05  1.7235727E-05  7.1815825E-03
   si30     30   1.5541118E-06  2.8607908E-05  2.7053797E-05  1.2427415E-05  1.1753322E-05  2.4220157E-02
    p31     31   1.5482292E-06  9.0800859E-06  7.5318567E-06  3.9444335E-06  3.2721596E-06  8.1150167E-02
    p32     32   0.0000000E+00  0.0000000E+00  0.0000000E+00  0.0000000E+00  0.0000000E+00  0.0000000E+00
    p33     33   0.0000000E+00  0.0000000E+00  0.0000000E+00  0.0000000E+00  0.0000000E+00  0.0000000E+00
    s32     32  -2.2090680E-06  3.5927788E-04  3.6148695E-04  1.5607206E-04  1.5704533E-04 -2.6998683E-03
    s33     33   2.7177771E-07  3.2562400E-06  2.9844623E-06  1.4145264E-06  1.2965775E-06  3.7812587E-02
    s34     34   4.1835665E-07  1.7775197E-05  1.7356841E-05  7.7216318E-06  7.5405505E-06  1.0306044E-02
    s35     35   1.0355652E-39  1.0355652E-39  0.0000000E+00  4.4985464E-40  0.0000000E+00  0.0000000E+00
    s36     36   7.0978544E-08  1.5665557E-07  8.5677030E-08  6.8051939E-08  3.7221753E-08  2.6204368E-01
   cl35     35  -5.3527629E-08  3.6546662E-06  3.7081938E-06  1.5876047E-06  1.6109974E-06 -6.3524432E-03
   cl36     36   0.0000000E+00  0.0000000E+00  0.0000000E+00  0.0000000E+00  0.0000000E+00  0.0000000E+00
   cl37     37   5.3320571E-07  1.7860832E-06  1.2528775E-06  7.7588322E-07  5.4430336E-07  1.5395537E-01
   ar36     36  -1.0499061E-06  6.8002111E-05  6.9052017E-05  2.9540448E-05  2.9999139E-05 -6.6917138E-03
   ar37     37   4.9444172E-39  4.9444172E-39  0.0000000E+00  2.1478795E-39  0.0000000E+00  0.0000000E+00
   ar38     38   3.7992140E-07  1.3632567E-05  1.3252646E-05  5.9220533E-06  5.7575144E-06  1.2237300E-02
   ar39     39   1.3485011E-11  1.3485011E-11  0.0000000E+00  5.8579543E-12  0.0000000E+00  0.0000000E+00
   ar40     40   9.2235517E-08  1.1454720E-07  2.2311683E-08  4.9759858E-08  9.6931458E-09  7.1041441E-01
    k39     39   5.6935960E-08  3.6519766E-06  3.5950407E-06  1.5864364E-06  1.5618388E-06  6.7864452E-03
    k40     40  -5.8196886E-10  0.0000000E+00  5.8196886E-10  0.0000000E+00  2.5283206E-10  0.0000000E+00
    k41     41   7.1840617E-08  3.4458429E-07  2.7274368E-07  1.4968909E-07  1.1849146E-07  1.0150307E-01
   ca40     40  -7.2029798E-07  6.1522813E-05  6.2243111E-05  2.6725809E-05  2.7041060E-05 -5.0928593E-03
   ca41     41   0.0000000E+00  0.0000000E+00  0.0000000E+00  0.0000000E+00  0.0000000E+00  0.0000000E+00
   ca42     42   5.4377296E-08  4.9058337E-07  4.3620608E-07  2.1311180E-07  1.8950651E-07  5.0983369E-02
   ca43     43   1.1701410E-08  1.0488345E-07  9.3182045E-08  4.5561883E-08  4.0482252E-08  5.1337022E-02
   ca44     44   4.3114255E-08  1.5164651E-06  1.4733508E-06  6.5875980E-07  6.4008640E-07  1.2488493E-02
   ca45     45   1.1329666E-39  1.1329666E-39  0.0000000E+00  4.9216685E-40  0.0000000E+00  0.0000000E+00
   ca46     46   4.0772395E-08  4.3726047E-08  2.9536500E-09  1.8994808E-08  1.2831914E-09  1.1703434E+00
   ca47     47   0.0000000E+00  0.0000000E+00  0.0000000E+00  0.0000000E+00  0.0000000E+00  0.0000000E+00
   ca48     48  -4.9872995E-10  1.4358750E-07  1.4408623E-07  6.2375108E-08  6.2597195E-08 -1.5435762E-03
   sc45     45   1.5123579E-08  5.6690780E-08  4.1567201E-08  2.4626750E-08  1.8058563E-08  1.3472395E-01
   sc46     46   0.0000000E+00  0.0000000E+00  0.0000000E+00  0.0000000E+00  0.0000000E+00  0.0000000E+00
   sc47     47   0.0000000E+00  0.0000000E+00  0.0000000E+00  0.0000000E+00  0.0000000E+00  0.0000000E+00
   sc48     48  -9.0666161E-32  2.6125983E-29  2.6216649E-29  1.1349254E-29  1.1389629E-29  0.0000000E+00
   ti46     46   4.9207927E-09  2.5887425E-07  2.5395346E-07  1.1245623E-07  1.1032820E-07  8.2969889E-03
   ti47     47  -2.0276048E-10  2.3379673E-07  2.3399949E-07  1.0156243E-07  1.0165935E-07 -4.1424358E-04
   ti48     48  -5.5566034E-08  2.3123421E-06  2.3679081E-06  1.0044927E-06  1.0287201E-06 -1.0350456E-02
   ti49     49   6.0952857E-08  2.3834377E-07  1.7739092E-07  1.0353769E-07  7.7066169E-08  1.2823471E-01
   ti50     50   1.3988688E-07  3.1320508E-07  1.7331820E-07  1.3605781E-07  7.5296811E-08  2.5694686E-01
    v51     51  -7.5831679E-09  3.7437997E-07  3.8196313E-07  1.6263247E-07  1.6594106E-07 -8.7465784E-03
   cr52     52  -1.8215542E-07  1.5475656E-05  1.5657812E-05  6.7227002E-06  6.8024206E-06 -5.1197321E-03
   cr53     53  -1.3862746E-08  1.7957423E-06  1.8096050E-06  7.8007918E-07  7.8616949E-07 -3.3774986E-03
   cr54     54   1.4134358E-07  6.0029220E-07  4.5894862E-07  2.6076984E-07  1.9938683E-07  1.1656087E-01
   mn55     55   6.0246202E-07  1.4276833E-05  1.3674371E-05  6.2019258E-06  5.9407294E-06  1.8686775E-02
   fe54     54  -2.8524082E-06  8.7247048E-05  9.0099456E-05  3.7900543E-05  3.9143044E-05 -1.4009163E-02
   fe55     55   2.4958761E-20  2.4958761E-20  0.0000000E+00  1.0842207E-20  0.0000000E+00  0.0000000E+00
   fe56     56  -2.1806685E-05  1.4449249E-03  1.4667315E-03  6.2768237E-04  6.3721073E-04 -6.5431604E-03
   fe57     57   7.7540899E-06  4.2232354E-05  3.4478264E-05  1.8345940E-05  1.4978827E-05  8.8062130E-02
   fe58     58   7.0593255E-06  1.1728268E-05  4.6689424E-06  5.0948165E-06  2.0283876E-06  3.9997759E-01
   fe59     59   1.1357664E-39  1.1357664E-39  0.0000000E+00  4.9338178E-40  0.0000000E+00  0.0000000E+00
   fe60     60   0.0000000E+00  0.0000000E+00  0.0000000E+00  0.0000000E+00  0.0000000E+00  0.0000000E+00
   co59     59   1.5159569E-06  5.1166708E-06  3.6007139E-06  2.2227066E-06  1.5643035E-06  1.5256114E-01
   co60     60   1.8357299E-13  1.8357299E-13  0.0000000E+00  7.9745001E-14  0.0000000E+00  0.0000000E+00
   ni58     58  -1.7004422E-06  4.9818645E-05  5.1519088E-05  2.1641461E-05  2.2382086E-05 -1.4614000E-02
   ni59     59   0.0000000E+00  0.0000000E+00  0.0000000E+00  0.0000000E+00  0.0000000E+00  0.0000000E+00
   ni60     60   5.4286465E-07  2.1072457E-05  2.0529593E-05  9.1539778E-06  8.9189307E-06  1.1297060E-02
   ni61     61   5.0644411E-07  1.4137438E-06  9.0729969E-07  6.1413715E-07  3.9416963E-07  1.9258220E-01
   ni62     62   6.5947370E-07  3.5996550E-06  2.9401813E-06  1.5637077E-06  1.2773401E-06  8.7849043E-02
   ni63     63   0.0000000E+00  0.0000000E+00  0.0000000E+00  0.0000000E+00  0.0000000E+00  0.0000000E+00
   ni64     64   1.1799157E-06  1.9528682E-06  7.7295249E-07  8.4833539E-07  3.3580349E-07  4.0248239E-01
   cu63     63   2.2406590E-07  8.6203374E-07  6.3796784E-07  3.7447165E-07  2.7716041E-07  1.3068776E-01
   cu64     64   0.0000000E+00  0.0000000E+00  0.0000000E+00  0.0000000E+00  0.0000000E+00  0.0000000E+00
   cu65     65   2.9274025E-07  5.8611477E-07  2.9337451E-07  2.5461111E-07  1.2745440E-07  3.0052254E-01
   zn64     64   1.7451612E-08  1.1104852E-06  1.0930336E-06  4.8240014E-07  4.7486037E-07  6.8414886E-03
   zn65     65   4.9808599E-36  4.9808599E-36  0.0000000E+00  2.1637098E-36  0.0000000E+00  0.0000000E+00
   zn66     66   3.2669328E-07  9.7337170E-07  6.4667842E-07  4.2283739E-07  2.8094465E-07  1.7755264E-01
   zn67     67   7.4609986E-08  1.7107990E-07  9.6469918E-08  7.4317938E-08  4.1910646E-08  2.4876928E-01
   zn68     68   4.5420268E-07  9.0196460E-07  4.4776192E-07  3.9181779E-07  1.9452685E-07  3.0410460E-01
   zn69     69   0.0000000E+00  0.0000000E+00  0.0000000E+00  0.0000000E+00  0.0000000E+00  0.0000000E+00
   zn70     70   1.8500810E-09  1.7091748E-08  1.5241667E-08  7.4247386E-09  6.6216299E-09  4.9716275E-02
   ga69     69   6.9001615E-08  1.1005241E-07  4.1050800E-08  4.7807301E-08  1.7834218E-08  4.2824015E-01
   ga70     70   0.0000000E+00  0.0000000E+00  0.0000000E+00  0.0000000E+00  0.0000000E+00  0.0000000E+00
   ga71     71   7.4728092E-08  1.0276190E-07  2.8033810E-08  4.4640270E-08  1.2179081E-08  5.6411231E-01
   ge70     70   1.2178118E-07  1.6744094E-07  4.5659757E-08  7.2737159E-08  1.9836543E-08  5.6429040E-01
   ge71     71   0.0000000E+00  0.0000000E+00  0.0000000E+00  0.0000000E+00  0.0000000E+00  0.0000000E+00
   ge72     72   1.5021817E-07  2.1228129E-07  6.2063130E-08  9.2216027E-08  2.6962867E-08  5.3404033E-01
   ge73     73   4.5672266E-08  6.3334646E-08  1.7662382E-08  2.7512877E-08  7.6732904E-09  5.5455440E-01
   ge74     74   2.1098239E-07  2.9501311E-07  8.4030717E-08  1.2815512E-07  3.6506520E-08  5.4536551E-01
   as75     75   1.9265215E-08  3.1584836E-08  1.2319620E-08  1.3720606E-08  5.3521680E-09  4.0884358E-01
   se76     76   7.0611101E-08  8.3436944E-08  1.2825846E-08  3.6245414E-08  5.5720939E-09  8.1323463E-01
   se77     77   2.8134679E-08  3.8716443E-08  1.0581766E-08  1.6818611E-08  4.5971698E-09  5.6329960E-01
   se78     78   1.9794464E-07  2.3133822E-07  3.3393576E-08  1.0049445E-07  1.4507592E-08  8.4054673E-01
   se79     79   0.0000000E+00  0.0000000E+00  0.0000000E+00  0.0000000E+00  0.0000000E+00  0.0000000E+00
   se80     80   2.6899389E-07  3.4047633E-07  7.1482454E-08  1.4790457E-07  3.1055023E-08  6.7784977E-01
   br79     79   4.4570847E-08  5.6002023E-08  1.1431176E-08  2.4327550E-08  4.9661901E-09  6.9007504E-01
   br80     80   0.0000000E+00  0.0000000E+00  0.0000000E+00  0.0000000E+00  0.0000000E+00  0.0000000E+00
   br81     81   3.6476628E-08  4.7878412E-08  1.1401786E-08  2.0798614E-08  4.9534217E-09  6.2312907E-01
   kr80     80   1.7647683E-10  2.9006832E-09  2.7242064E-09  1.2600709E-09  1.1835113E-09  2.7222591E-02
   kr81     81   0.0000000E+00  0.0000000E+00  0.0000000E+00  0.0000000E+00  0.0000000E+00  0.0000000E+00
   kr82     82   1.4779494E-07  1.6178622E-07  1.3991282E-08  7.0280720E-08  6.0784093E-09  1.0630462E+00
   kr83     83   5.2991336E-08  6.7021432E-08  1.4030097E-08  2.9114435E-08  6.0952723E-09  6.7911530E-01
   kr84     84   3.8377257E-07  4.5374941E-07  6.9976828E-08  1.9711095E-07  3.0400916E-08  8.1182408E-01
   kr-5     85   1.6339872E-15  1.6339872E-15  0.0000000E+00  7.0981197E-16  0.0000000E+00  0.0000000E+00
   kr*5     85   0.0000000E+00  0.0000000E+00  0.0000000E+00  0.0000000E+00  0.0000000E+00  0.0000000E+00
   kr86     86   2.8601872E-07  3.0768450E-07  2.1665777E-08  1.3365964E-07  9.4125365E-09  1.1522936E+00
   rb85     85   9.4023058E-08  1.0538046E-07  1.1357400E-08  4.5777782E-08  4.9341389E-09  9.6744335E-01
   rb86     86   0.0000000E+00  0.0000000E+00  0.0000000E+00  0.0000000E+00  0.0000000E+00  0.0000000E+00
   rb87     87   5.5330165E-08  6.0114075E-08  4.7839102E-09  2.6113847E-08  2.0783344E-09  1.0991554E+00
   sr86     86   1.1330135E-07  1.1860111E-07  5.2997629E-09  5.1520896E-08  2.3024427E-09  1.3497946E+00
   sr87     87   8.0591860E-08  8.4338652E-08  3.7467944E-09  3.6637118E-08  1.6277671E-09  1.3523290E+00
   sr88     88   1.7009037E-06  1.7463407E-06  4.5437009E-08  7.5861885E-07  1.9739774E-08  1.5846815E+00
   sr89     89   0.0000000E+00  0.0000000E+00  0.0000000E+00  0.0000000E+00  0.0000000E+00  0.0000000E+00
   sr90     90   3.7469116E-14  3.7469116E-14  0.0000000E+00  1.6276766E-14  0.0000000E+00  0.0000000E+00
    y89     89   4.8295584E-07  4.9379383E-07  1.0837974E-08  2.1450644E-07  4.7084781E-09  1.6585598E+00
    y90     90   9.4756492E-18  9.4756492E-18  0.0000000E+00  4.1162679E-18  0.0000000E+00  0.0000000E+00
    y91     91   0.0000000E+00  0.0000000E+00  0.0000000E+00  0.0000000E+00  0.0000000E+00  0.0000000E+00
   zr90     90   5.4051316E-07  5.5343037E-07  1.2917218E-08  2.4041285E-07  5.6117897E-09  1.6318562E+00
   zr91     91   1.5057189E-07  1.5342007E-07  2.8481886E-09  6.6646429E-08  1.2373745E-09  1.7312757E+00
   zr92     92   2.3488039E-07  2.3928177E-07  4.4013873E-09  1.0394516E-07  1.9121502E-09  1.7352823E+00
   zr93     93   0.0000000E+00  0.0000000E+00  0.0000000E+00  0.0000000E+00  0.0000000E+00  0.0000000E+00
   zr94     94   3.0807036E-07  3.1262778E-07  4.5574300E-09  1.3580703E-07  1.9799418E-09  1.8362699E+00
   zr95     95   6.5576564E-41  6.5576564E-41  0.0000000E+00  2.8486996E-41  0.0000000E+00  0.0000000E+00
   zr96     96   2.0572331E-08  2.1322176E-08  7.4984496E-10  9.2624566E-09  3.2576458E-10  1.4538224E+00
   nb93     93   8.3002270E-08  8.4970296E-08  1.9680286E-09  3.6911509E-08  8.5499552E-10  1.6351980E+00
   nb94     94   3.7723706E-13  3.7723706E-13  0.0000000E+00  1.6387361E-13  0.0000000E+00  0.0000000E+00
   nb95     95   7.0422254E-41  7.0422254E-41  0.0000000E+00  3.0591747E-41  0.0000000E+00  0.0000000E+00
   mo94     94   7.6129769E-11  6.9292050E-10  6.1679073E-10  3.0100802E-10  2.6796015E-10  5.0507866E-02
   mo95     95   5.2003269E-08  5.3082129E-08  1.0788601E-09  2.3059135E-08  4.6870280E-10  1.6919454E+00
   mo96     96   7.6487211E-08  7.7634816E-08  1.1476080E-09  3.3724941E-08  4.9856980E-10  1.8302252E+00
   mo97     97   2.1966965E-08  2.2634595E-08  6.6763012E-10  9.8325774E-09  2.9004696E-10  1.5301991E+00
   mo98     98   7.6843442E-08  7.8557413E-08  1.7139687E-09  3.4125723E-08  7.4462103E-10  1.6611465E+00
   tc99     99   0.0000000E+00  0.0000000E+00  0.0000000E+00  0.0000000E+00  0.0000000E+00  0.0000000E+00
   ru99     99   9.7883319E-09  1.0386778E-08  5.9844563E-10  4.5120667E-09  2.5999028E-10  1.2394184E+00
  ru100    100   3.9339159E-08  3.9936065E-08  5.9690697E-10  1.7348421E-08  2.5932181E-10  1.8254210E+00
  ru101    101   8.4910559E-09  9.3073389E-09  8.1628271E-10  4.0431534E-09  3.5462799E-10  1.0569472E+00
  ru102    102   5.7348071E-08  5.8872590E-08  1.5245190E-09  2.5574540E-08  6.6231598E-10  1.5867426E+00
  rh103    103   9.5655777E-09  1.0539170E-08  9.7359210E-10  4.5782662E-09  4.2296988E-10  1.0343916E+00
  pd104    104   3.2085701E-08  3.2511753E-08  4.2605094E-10  1.4123263E-08  1.8509468E-10  1.8825412E+00
  pd105    105   8.0566709E-09  8.9188870E-09  8.6221635E-10  3.8744079E-09  3.7458353E-10  1.0146567E+00
  pd106    106   3.7849773E-08  3.8915104E-08  1.0653309E-09  1.6904909E-08  4.6282517E-10  1.5625958E+00
  pd107    107   0.0000000E+00  0.0000000E+00  0.0000000E+00  0.0000000E+00  0.0000000E+00  0.0000000E+00
  pd108    108   4.8775153E-08  4.9826035E-08  1.0508807E-09  2.1644672E-08  4.5654736E-10  1.6758652E+00
  ag107    107   7.4225133E-09  8.1462517E-09  7.2373835E-10  3.5387713E-09  3.1442277E-10  1.0513386E+00
  ag108    108   0.0000000E+00  0.0000000E+00  0.0000000E+00  0.0000000E+00  0.0000000E+00  0.0000000E+00
  ag109    109   1.2103878E-08  1.2788825E-08  6.8494749E-10  5.5555276E-09  2.9757036E-10  1.2711356E+00
  cd108    108   5.4444331E-12  4.6028029E-11  4.0583596E-11  1.9994799E-11  1.7631244E-11  5.4634079E-02
  cd109    109   1.7961511E-32  1.7961511E-32  0.0000000E+00  7.8025678E-33  0.0000000E+00  0.0000000E+00
  cd110    110   4.2747015E-08  4.3327105E-08  5.8008953E-10  1.8821504E-08  2.5201560E-10  1.8732269E+00
  cd111    111   1.4069624E-08  1.4669510E-08  5.9988664E-10  6.3725065E-09  2.6061631E-10  1.3883086E+00
  cd112    112   5.4755169E-08  5.5896244E-08  1.1410733E-09  2.4281601E-08  4.9573090E-10  1.6900313E+00
  cd113    113   1.6023241E-08  1.6606265E-08  5.8302341E-10  7.2138420E-09  2.5329019E-10  1.4545482E+00
  cd114    114   7.9857912E-08  8.1240771E-08  1.3828563E-09  3.5291386E-08  6.0077171E-10  1.7689593E+00
  in115    115   1.5211567E-08  1.5732997E-08  5.2142929E-10  6.8344903E-09  2.2653111E-10  1.4795783E+00
  sn116    116   1.1221280E-07  1.1384417E-07  1.6313799E-09  4.9454460E-08  7.0874095E-10  1.8437179E+00
  sn117    117   3.2485968E-08  3.3355100E-08  8.6913243E-10  1.4489618E-08  3.7758816E-10  1.5840385E+00
  sn118    118   1.5757961E-07  1.6022985E-07  2.6502416E-09  6.9604624E-08  1.1513779E-09  1.7814202E+00
  sn119    119   4.5054819E-08  4.6043557E-08  9.8873643E-10  2.0001545E-08  4.2954923E-10  1.6680506E+00
  sn120    120   2.4945317E-07  2.5323470E-07  3.7815386E-09  1.1000638E-07  1.6428614E-09  1.8258170E+00
  sb121    121   1.7707031E-08  1.8290198E-08  5.8316679E-10  7.9453510E-09  2.5335251E-10  1.4963880E+00
  te122    122   3.1179933E-08  3.1567577E-08  3.8764336E-10  1.3713109E-08  1.6840879E-10  1.9107711E+00
  te123    123   1.1444361E-08  1.1580767E-08  1.3640580E-10  5.0307412E-09  5.9260492E-11  1.9288667E+00
  te124    124   6.0872587E-08  6.1604972E-08  7.3238765E-10  2.6761500E-08  3.1818043E-10  1.9248370E+00
  te125    125   2.0444965E-08  2.1546169E-08  1.1012052E-09  9.3597610E-09  4.7841048E-10  1.2914641E+00
  te126    126   1.1718395E-07  1.2014191E-07  2.9579519E-09  5.2190227E-08  1.2850603E-09  1.6086657E+00
   i127    127   1.5208181E-08  1.8917866E-08  3.7096852E-09  8.2180129E-09  1.6116454E-09  7.0749730E-01
   i128    128   0.0000000E+00  0.0000000E+00  0.0000000E+00  0.0000000E+00  0.0000000E+00  0.0000000E+00
   i129    129   4.9641725E-11  4.9641725E-11  0.0000000E+00  2.1564606E-11  0.0000000E+00  0.0000000E+00
  xe128    128   3.7187707E-08  3.7588389E-08  4.0068326E-10  1.6328579E-08  1.7407388E-10  1.9722148E+00
  xe129    129   1.4248522E-08  1.9278600E-08  5.0300781E-09  8.3747178E-09  2.1852804E-09  5.8346301E-01
  xe130    130   7.6505643E-08  7.7319513E-08  8.1387286E-10  3.3587973E-08  3.5358105E-10  1.9776949E+00
  xe131    131   2.9392078E-08  3.3457695E-08  4.0656172E-09  1.4534185E-08  1.7662775E-09  9.1533178E-01
  xe132    132   1.5323137E-07  1.5823852E-07  5.0071551E-09  6.8739581E-08  2.1753215E-09  1.4996834E+00
  xe133    133   0.0000000E+00  0.0000000E+00  0.0000000E+00  0.0000000E+00  0.0000000E+00  0.0000000E+00
  xe134    134   1.4784996E-08  1.6661811E-08  1.8768149E-09  7.2379720E-09  8.1536833E-10  9.4826305E-01
  cs133    133   2.0874099E-08  2.2190509E-08  1.3164094E-09  9.6396651E-09  5.7190430E-10  1.2267386E+00
  cs134    134   1.8420251E-25  1.8420251E-25  0.0000000E+00  8.0018463E-26  0.0000000E+00  0.0000000E+00
  cs135    135   0.0000000E+00  0.0000000E+00  0.0000000E+00  0.0000000E+00  0.0000000E+00  0.0000000E+00
  cs136    136   0.0000000E+00  0.0000000E+00  0.0000000E+00  0.0000000E+00  0.0000000E+00  0.0000000E+00
  cs137    137   0.0000000E+00  0.0000000E+00  0.0000000E+00  0.0000000E+00  0.0000000E+00  0.0000000E+00
  ba134    134   4.6694552E-08  4.7098119E-08  4.0356687E-10  2.0459652E-08  1.7532664E-10  2.0670505E+00
  ba135    135   3.4031448E-08  3.5140339E-08  1.1088901E-09  1.5265133E-08  4.8174914E-10  1.5008796E+00
  ba136    136   1.4630729E-07  1.4763826E-07  1.3309688E-09  6.4134781E-08  5.7822958E-10  2.0449934E+00
  ba137    137   1.2673841E-07  1.2865583E-07  1.9174142E-09  5.5888716E-08  8.3300644E-10  1.8266758E+00
  ba138    138   1.2831877E-06  1.2955167E-06  1.2328976E-08  5.6277872E-07  5.3562323E-09  2.0214782E+00
  la139    139   1.4448420E-07  1.4617528E-07  1.6910729E-09  6.3499250E-08  7.3467410E-10  1.9366739E+00
  ce140    140   3.7508789E-07  3.7896368E-07  3.8757868E-09  1.6462366E-07  1.6838070E-09  1.9901999E+00
  ce141    141   0.0000000E+00  0.0000000E+00  0.0000000E+00  0.0000000E+00  0.0000000E+00  0.0000000E+00
  ce142    142   8.9784704E-09  9.4724424E-09  4.9397220E-10  4.1148751E-09  2.1460257E-10  1.2827218E+00
  pr141    141   3.5201495E-08  3.5869469E-08  6.6797268E-10  1.5581872E-08  2.9019581E-10  1.7299285E+00
  nd142    142   9.1575409E-08  9.2466450E-08  8.9104224E-10  4.0167876E-08  3.8710671E-10  2.0160482E+00
  nd143    143   1.3392266E-08  1.3791194E-08  3.9892833E-10  5.9909615E-09  1.7331146E-10  1.5386692E+00
  nd144    144   4.0974328E-08  4.1767159E-08  7.9283047E-10  1.8143856E-08  3.4443937E-10  1.7216167E+00
  nd145    145   7.6133686E-09  7.9081977E-09  2.9482913E-10  3.4353596E-09  1.2808633E-10  1.4284694E+00
  nd146    146   3.7527673E-08  3.8107974E-08  5.8030053E-10  1.6554289E-08  2.5210731E-10  1.8173251E+00
  nd147    147   0.0000000E+00  0.0000000E+00  0.0000000E+00  0.0000000E+00  0.0000000E+00  0.0000000E+00
  nd148    148   4.7481907E-09  4.9444786E-09  1.9628768E-10  2.1479054E-09  8.5275731E-11  1.4011897E+00
  pm147    147   6.7544435E-23  6.7544435E-23  0.0000000E+00  2.9341631E-23  0.0000000E+00  0.0000000E+00
  pm148    148   0.0000000E+00  0.0000000E+00  0.0000000E+00  0.0000000E+00  0.0000000E+00  0.0000000E+00
  sm147    147   4.4024953E-09  4.5604960E-09  1.5800078E-10  1.9811015E-09  6.8642272E-11  1.4603151E+00
  sm148    148   9.4560120E-09  9.5752917E-09  1.1927989E-10  4.1595531E-09  5.1820267E-11  1.9045471E+00
  sm149    149   1.6268860E-09  1.7745365E-09  1.4765061E-10  7.7086726E-10  6.4145723E-11  1.0798119E+00
  sm150    150   7.9926288E-09  8.0720044E-09  7.9375853E-11  3.5065180E-09  3.4484252E-11  2.0072553E+00
  sm151    151   4.0814665E-14  4.0814665E-14  0.0000000E+00  1.7730089E-14  0.0000000E+00  0.0000000E+00
  sm152    152   7.0780586E-09  7.3696116E-09  2.9155295E-10  3.2013951E-09  1.2666303E-10  1.4026895E+00
  eu151    151   1.1757326E-09  1.3680579E-09  1.9232531E-10  5.9429101E-10  8.3554309E-11  8.5203028E-01
  eu152    152   2.5653771E-19  2.5653771E-19  0.0000000E+00  1.1144122E-19  0.0000000E+00  0.0000000E+00
  eu153    153   1.3459647E-09  1.5586907E-09  2.1272603E-10  6.7710282E-10  9.2417254E-11  8.6490154E-01
  eu154    154   2.8219535E-19  2.8219535E-19  0.0000000E+00  1.2258703E-19  0.0000000E+00  0.0000000E+00
  eu155    155   9.9427303E-21  9.9427303E-21  0.0000000E+00  4.3191704E-21  0.0000000E+00  0.0000000E+00
  gd152    152   4.4136942E-12  7.2218247E-12  2.8081302E-12  3.1371958E-12  1.2199714E-12  4.1019198E-01
  gd153    153   0.0000000E+00  0.0000000E+00  0.0000000E+00  0.0000000E+00  0.0000000E+00  0.0000000E+00
  gd154    154   3.0775469E-09  3.1085585E-09  3.1011610E-11  1.3503729E-09  1.3472765E-11  2.0009971E+00
  gd155    155   1.2363340E-09  1.4482378E-09  2.1190369E-10  6.2912153E-10  9.2059992E-11  8.3466363E-01
  gd156    156   4.9761133E-09  5.2710840E-09  2.9497077E-10  2.2897846E-09  1.2814787E-10  1.2520832E+00
  gd157    157   2.3522215E-09  2.5791813E-09  2.2695973E-10  1.1204089E-09  9.8600975E-11  1.0554954E+00
  gd158    158   9.5359374E-09  9.8984732E-09  3.6253575E-10  4.2999448E-09  1.5750097E-10  1.4361796E+00
  gd159    159   0.0000000E+00  0.0000000E+00  0.0000000E+00  0.0000000E+00  0.0000000E+00  0.0000000E+00
  gd160    160   6.7210670E-10  9.9518904E-10  3.2308237E-10  4.3231496E-10  1.4036075E-10  4.8855460E-01
  tb159    159   2.0371187E-09  2.3106088E-09  2.7349006E-10  1.0037396E-09  1.1881574E-10  9.2674714E-01
  tb160    160   0.0000000E+00  0.0000000E+00  0.0000000E+00  0.0000000E+00  0.0000000E+00  0.0000000E+00
  tb161    161   0.0000000E+00  0.0000000E+00  0.0000000E+00  0.0000000E+00  0.0000000E+00  0.0000000E+00
  dy160    160   3.4055394E-09  3.4469232E-09  4.1383702E-11  1.4973601E-09  1.7978844E-11  1.9205645E+00
  dy161    161   1.5867880E-09  1.9245254E-09  3.3773739E-10  8.3602320E-10  1.4672751E-10  7.5570679E-01
  dy162    162   7.1509301E-09  7.6092572E-09  4.5832721E-10  3.3054983E-09  1.9911686E-10  1.2201289E+00
  dy163    163   3.0725162E-09  3.5231871E-09  4.5067083E-10  1.5304896E-09  1.9579061E-10  8.9303851E-01
  dy164    164   1.4961854E-08  1.5476550E-08  5.1469651E-10  6.7230883E-09  2.2360609E-10  1.4780852E+00
  ho165    165   2.7818716E-09  3.1827607E-09  4.0088910E-10  1.3826067E-09  1.7416331E-10  8.9974201E-01
  er166    166   6.2917991E-09  6.6726336E-09  3.8083467E-10  2.8986245E-09  1.6545082E-10  1.2435230E+00
  er167    167   2.5396401E-09  2.8011578E-09  2.6151772E-10  1.2168365E-09  1.1361444E-10  1.0297986E+00
  er168    168   9.7302646E-09  1.0040617E-08  3.1035294E-10  4.3616928E-09  1.3483055E-10  1.5098668E+00
  er169    169   0.0000000E+00  0.0000000E+00  0.0000000E+00  0.0000000E+00  0.0000000E+00  0.0000000E+00
  er170    170   3.5078909E-09  3.6814574E-09  1.7356643E-10  1.5992430E-09  7.5404655E-11  1.3265163E+00
  tm169    169   2.3896853E-09  2.5730964E-09  1.8341111E-10  1.1177655E-09  7.9681595E-11  1.1469927E+00
  tm170    170   6.1321101E-40  6.1321101E-40  0.0000000E+00  2.6638123E-40  0.0000000E+00  0.0000000E+00
  tm171    171   4.5527278E-25  4.5527278E-25  0.0000000E+00  1.9777270E-25  0.0000000E+00  0.0000000E+00
  yb170    170   3.2297052E-09  3.2643945E-09  3.4689418E-11  1.4180689E-09  1.5070561E-11  1.9735678E+00
  yb171    171   4.4390704E-09  4.6040567E-09  1.6498640E-10  2.0000246E-09  7.1677116E-11  1.4456549E+00
  yb172    172   1.1465570E-08  1.1721042E-08  2.5547248E-10  5.0916777E-09  1.1098814E-10  1.6615844E+00
  yb173    173   4.9958393E-09  5.1865658E-09  1.9072650E-10  2.2530693E-09  8.2859719E-11  1.4344311E+00
  yb174    174   2.1846532E-08  2.2228159E-08  3.8162756E-10  9.6560200E-09  1.6579528E-10  1.7652260E+00
  lu175    175   2.8440910E-09  3.0163381E-09  1.7224713E-10  1.3103119E-09  7.4831488E-11  1.2432903E+00
  lu176    176   2.1326352E-09  2.1376629E-09  5.0277625E-12  9.2861119E-10  2.1842742E-12  2.6285267E+00
  lu177    177   0.0000000E+00  0.0000000E+00  0.0000000E+00  0.0000000E+00  0.0000000E+00  0.0000000E+00
  hf176    176  -2.1789029E-12  3.6507571E-11  3.8686474E-11  1.5859066E-11  1.6807052E-11 -2.5213961E-02
  hf177    177   2.2978508E-09  2.4368998E-09  1.3904906E-10  1.0586011E-09  6.0408838E-11  1.2436318E+00
  hf178    178   1.0930056E-08  1.1135201E-08  2.0514519E-10  4.8371853E-09  8.9123812E-11  1.7345990E+00
  hf179    179   3.8297197E-09  3.9327244E-09  1.0300466E-10  1.7083945E-09  4.4749610E-11  1.5817989E+00
  hf180    180   2.1878346E-08  2.2145100E-08  2.6675423E-10  9.6199386E-09  1.1588940E-10  1.9191285E+00
  hf181    181   0.0000000E+00  0.0000000E+00  0.0000000E+00  0.0000000E+00  0.0000000E+00  0.0000000E+00
  hf182    182   6.1048055E-09  6.1048055E-09  0.0000000E+00  2.6519571E-09  0.0000000E+00  0.0000000E+00
  ta181    181   5.4649307E-09  5.5779532E-09  1.1302245E-10  2.4230900E-09  4.9101771E-11  1.6932724E+00
  ta182    182   5.6010735E-17  5.6010735E-17  0.0000000E+00  2.4331336E-17  0.0000000E+00  0.0000000E+00
  ta183    183   0.0000000E+00  0.0000000E+00  0.0000000E+00  0.0000000E+00  0.0000000E+00  0.0000000E+00
   w182    182   9.7494572E-09  9.9268185E-09  1.7736096E-10  4.3122581E-09  7.7053156E-11  1.7479143E+00
   w183    183   6.4124466E-09  6.5087482E-09  9.6301529E-11  2.8274318E-09  4.1837488E-11  1.8298266E+00
   w184    184   1.4993134E-08  1.5200456E-08  2.0732140E-10  6.6031518E-09  9.0069244E-11  1.8651748E+00
   w185    185   1.1991191E-40  1.1991191E-40  0.0000000E+00  5.2090468E-41  0.0000000E+00  0.0000000E+00
   w186    186   6.7236026E-09  6.9180617E-09  1.9445910E-10  3.0052396E-09  8.4481318E-11  1.5511184E+00
  re185    185   2.8592702E-09  2.9581060E-09  9.8835738E-11  1.2850156E-09  4.2938458E-11  1.4760619E+00
  re186    186   0.0000000E+00  0.0000000E+00  0.0000000E+00  0.0000000E+00  0.0000000E+00  0.0000000E+00
  re187    187   1.4688992E-09  1.6491378E-09  1.8023864E-10  7.1639350E-10  7.8303343E-11  9.6137130E-01
  os186    186   5.6252745E-09  5.6800546E-09  5.4780316E-11  2.4674434E-09  2.3798902E-11  2.0156903E+00
  os187    187   1.4934197E-09  1.5372248E-09  4.3805088E-11  6.6777789E-10  1.9030796E-11  1.5451751E+00
  os188    188   1.1291034E-08  1.1753149E-08  4.6211437E-10  5.1056248E-09  2.0076218E-10  1.4053670E+00
  os189    189   2.2697535E-09  2.8361795E-09  5.6642602E-10  1.2320501E-09  2.4607960E-10  6.9955277E-01
  os190    190   1.1487035E-08  1.2413050E-08  9.2601476E-10  5.3922893E-09  4.0230028E-10  1.1272229E+00
  os191    191   0.0000000E+00  0.0000000E+00  0.0000000E+00  0.0000000E+00  0.0000000E+00  0.0000000E+00
  os192    192   3.0249621E-09  4.4782968E-09  1.4533348E-09  1.9453938E-09  6.3139055E-10  4.8870945E-01
  ir191    191   2.1520754E-09  3.3774934E-09  1.2254179E-09  1.4671996E-09  5.3237376E-10  4.4027257E-01
  ir192    192   4.8702969E-40  4.8702969E-40  0.0000000E+00  2.1156804E-40  0.0000000E+00  0.0000000E+00
  ir193    193   2.6743041E-09  4.7557545E-09  2.0814503E-09  2.0659228E-09  9.0427077E-10  3.5881555E-01
  pt192    192   2.9835594E-09  3.0350868E-09  5.1527463E-11  1.3184565E-09  2.2385725E-11  1.7700946E+00
  pt193    193   5.2031044E-15  5.2031044E-15  0.0000000E+00  2.2602538E-15  0.0000000E+00  0.0000000E+00
  pt194    194   9.3948955E-09  1.1589826E-08  2.1949302E-09  5.0346767E-09  9.5357122E-10  7.2261846E-01
  pt195    195   3.7689558E-09  6.0331629E-09  2.2642070E-09  2.6208353E-09  9.8366804E-10  4.2559117E-01
  pt196    196   1.6846050E-08  1.8543982E-08  1.6979318E-09  8.0555962E-09  7.3765399E-10  1.0382450E+00
  au197    197   5.4603548E-09  6.4836678E-09  1.0233131E-09  2.8165368E-09  4.4457080E-10  8.0177450E-01
  hg198    198   1.9010340E-08  1.9250725E-08  2.4038538E-10  8.3626084E-09  1.0443365E-10  1.9035013E+00
  hg199    199   8.2696756E-09  8.6784713E-09  4.0879541E-10  3.7699701E-09  1.7759814E-10  1.3268995E+00
  hg200    200   2.7227012E-08  2.7789580E-08  5.6256783E-10  1.2071928E-08  2.4440344E-10  1.6936693E+00
  hg201    201   1.1095992E-08  1.1418571E-08  3.2257899E-10  4.9602829E-09  1.4014206E-10  1.5489379E+00
  hg202    202   4.4200728E-08  4.4935199E-08  7.3446960E-10  1.9520069E-08  3.1908490E-10  1.7865751E+00
  tl203    203   2.1844794E-08  2.2135332E-08  2.9053740E-10  9.6156958E-09  1.2622182E-10  1.8818463E+00
  tl204    204   2.8398267E-20  2.8398267E-20  0.0000000E+00  1.2336345E-20  0.0000000E+00  0.0000000E+00
  tl205    205   3.0592670E-08  3.1293059E-08  7.0038980E-10  1.3593857E-08  3.0427916E-10  1.6500704E+00
  pb204    204   2.2893891E-08  2.3261640E-08  3.6774855E-10  1.0104969E-08  1.5976563E-10  1.8010516E+00
  pb205    205   0.0000000E+00  0.0000000E+00  0.0000000E+00  0.0000000E+00  0.0000000E+00  0.0000000E+00
  pb206    206   1.7621612E-07  1.7967150E-07  3.4553813E-09  7.8050171E-08  1.5011649E-09  1.7159455E+00
  pb207    207   2.3020922E-07  2.3405156E-07  3.8423340E-09  1.0167313E-07  1.6692735E-09  1.7846787E+00
  pb208    208   6.2392121E-07  6.3497225E-07  1.1051067E-08  2.7583502E-07  4.8010542E-09  1.7593129E+00
  bi209    209   6.8201924E-09  7.5887723E-09  7.6858003E-10  3.2965994E-09  3.3390390E-10  9.9444473E-01
  bi210    210   0.0000000E+00  0.0000000E+00  0.0000000E+00  0.0000000E+00  0.0000000E+00  0.0000000E+00
  po210    210   0.0000000E+00  0.0000000E+00  0.0000000E+00  0.0000000E+00  0.0000000E+00  0.0000000E+00
