  species    A      yield       mass(i)_lost    mass(i)_0        <X(i)>          X0(i)   log10(<X(i)>/X0(i)) 
      n      1   0.0000000E+00  0.0000000E+00  0.0000000E+00  0.0000000E+00  0.0000000E+00  0.0000000E+00
      p      1  -1.2688422E-01  2.3583021E+00  2.4851863E+00  6.9545919E-01  7.3292029E-01 -2.2785099E-02
      d      2   1.8617562E-17  1.8617562E-17  0.0000000E+00  5.4902868E-18  0.0000000E+00  0.0000000E+00
    he3      3   9.1113528E-05  9.1113528E-05  0.0000000E+00  2.6869220E-05  0.0000000E+00  0.0000000E+00
    he4      4   1.0318863E-01  9.8470086E-01  8.8151222E-01  2.9038656E-01  2.5997174E-01  4.8050385E-02
    li7      7   2.5319425E-08  4.0745888E-08  1.5426464E-08  1.2015891E-08  4.5495052E-09  4.2179182E-01
    be7      7   2.2810358E-12  2.2810358E-12  0.0000000E+00  6.7267351E-13  0.0000000E+00  0.0000000E+00
     b8      8   4.3375551E-25  4.3375551E-25  0.0000000E+00  1.2791375E-25  0.0000000E+00  0.0000000E+00
    c12     12   1.3540394E-02  1.7787723E-02  4.2473292E-03  5.2455687E-03  1.2526038E-03  6.2197888E-01
    c13     13   3.3685963E-03  3.4200656E-03  5.1469295E-05  1.0085714E-03  1.5179100E-05  1.8224607E+00
    c14     14   3.0732696E-08  3.0732696E-08  0.0000000E+00  9.0630188E-09  0.0000000E+00  0.0000000E+00
    n13     13   0.0000000E+00  0.0000000E+00  0.0000000E+00  0.0000000E+00  0.0000000E+00  0.0000000E+00
    n14     14   5.9956284E-03  7.2513903E-03  1.2557617E-03  2.1384223E-03  3.7034374E-04  7.6148850E-01
    n15     15  -2.9598291E-06  1.3326195E-07  3.0930910E-06  3.9298715E-08  9.1220090E-07 -1.3657122E+00
    o14     14   0.0000000E+00  0.0000000E+00  0.0000000E+00  0.0000000E+00  0.0000000E+00  0.0000000E+00
    o15     15   0.0000000E+00  0.0000000E+00  0.0000000E+00  0.0000000E+00  0.0000000E+00  0.0000000E+00
    o16     16  -4.1955709E-04  9.8366346E-03  1.0256192E-02  2.9008065E-03  3.0247113E-03 -1.8165175E-02
    o17     17   2.2083961E-05  2.6224050E-05  4.1400899E-06  7.7334271E-06  1.2209773E-06  8.0166441E-01
    o18     18  -2.2665352E-05  4.1107702E-07  2.3076429E-05  1.2122590E-07  6.8055997E-06 -1.7492710E+00
    o19     19   0.0000000E+00  0.0000000E+00  0.0000000E+00  0.0000000E+00  0.0000000E+00  0.0000000E+00
    f17     17   0.0000000E+00  0.0000000E+00  0.0000000E+00  0.0000000E+00  0.0000000E+00  0.0000000E+00
    f18     18   0.0000000E+00  0.0000000E+00  0.0000000E+00  0.0000000E+00  0.0000000E+00  0.0000000E+00
    f19     19   2.6136311E-06  3.2781693E-06  6.6453816E-07  9.6672636E-07  1.9598269E-07  6.9308585E-01
    f20     20   0.0000000E+00  0.0000000E+00  0.0000000E+00  0.0000000E+00  0.0000000E+00  0.0000000E+00
   ne19     19   0.0000000E+00  0.0000000E+00  0.0000000E+00  0.0000000E+00  0.0000000E+00  0.0000000E+00
   ne20     20   1.5234109E-06  2.1053879E-03  2.1038644E-03  6.2087522E-04  6.2046252E-04  2.8879137E-04
   ne21     21   3.3843198E-06  8.6797500E-06  5.2954301E-06  2.5596432E-06  1.5617053E-06  2.1458037E-01
   ne22     22   1.0002508E-03  1.1704193E-03  1.7016850E-04  3.4515461E-04  5.0185346E-05  8.3743674E-01
   ne23     23   0.0000000E+00  0.0000000E+00  0.0000000E+00  0.0000000E+00  0.0000000E+00  0.0000000E+00
   na21     21   0.0000000E+00  0.0000000E+00  0.0000000E+00  0.0000000E+00  0.0000000E+00  0.0000000E+00
   na22     22   1.2578448E-12  1.2578448E-12  0.0000000E+00  3.7093625E-13  0.0000000E+00  0.0000000E+00
   na23     23   2.9966272E-05  8.6918910E-05  5.6952638E-05  2.5632235E-05  1.6796224E-05  1.8357480E-01
   na24     24   0.0000000E+00  0.0000000E+00  0.0000000E+00  0.0000000E+00  0.0000000E+00  0.0000000E+00
   mg23     23   0.0000000E+00  0.0000000E+00  0.0000000E+00  0.0000000E+00  0.0000000E+00  0.0000000E+00
   mg24     24  -2.5427318E-05  9.7815401E-04  1.0035813E-03  2.8845592E-04  2.9597184E-04 -1.1170929E-02
   mg25     25   8.8536370E-05  2.2088186E-04  1.3234549E-04  6.5137676E-05  3.9030758E-05  2.2242527E-01
   mg26     26   5.1670955E-05  2.0321173E-04  1.5154078E-04  5.9926788E-05  4.4691740E-05  1.2739375E-01
   mg27     27   0.0000000E+00  0.0000000E+00  0.0000000E+00  0.0000000E+00  0.0000000E+00  0.0000000E+00
   al25     25   0.0000000E+00  0.0000000E+00  0.0000000E+00  0.0000000E+00  0.0000000E+00  0.0000000E+00
   al-6     26   0.0000000E+00  0.0000000E+00  0.0000000E+00  0.0000000E+00  0.0000000E+00  0.0000000E+00
   al*6     26   0.0000000E+00  0.0000000E+00  0.0000000E+00  0.0000000E+00  0.0000000E+00  0.0000000E+00
   al27     27   2.4063120E-05  1.2069906E-04  9.6635944E-05  3.5593945E-05  2.8499451E-05  9.6539624E-02
   al28     28   0.0000000E+00  0.0000000E+00  0.0000000E+00  0.0000000E+00  0.0000000E+00  0.0000000E+00
   si27     27   0.0000000E+00  0.0000000E+00  0.0000000E+00  0.0000000E+00  0.0000000E+00  0.0000000E+00
   si28     28   1.4662859E-05  1.1258904E-03  1.1112276E-03  3.3202313E-04  3.2771836E-04  5.6675556E-03
   si29     29   2.7613205E-06  6.1204228E-05  5.8442907E-05  1.8049021E-05  1.7235727E-05  2.0024033E-02
   si30     30   4.6163623E-06  4.4469529E-05  3.9853167E-05  1.3113987E-05  1.1753322E-05  4.7574118E-02
    p31     31   8.3389750E-07  1.1929137E-05  1.1095240E-05  3.5178819E-06  3.2721596E-06  3.1446770E-02
    p32     32   2.0092008E-32  2.0092008E-32  0.0000000E+00  5.9250980E-33  0.0000000E+00  0.0000000E+00
    p33     33   2.3849196E-32  2.3849196E-32  0.0000000E+00  7.0330863E-33  0.0000000E+00  0.0000000E+00
    s32     32  -3.6509009E-06  5.2885845E-04  5.3250935E-04  1.5595944E-04  1.5704533E-04 -3.0133578E-03
    s33     33   1.6859622E-07  4.5650318E-06  4.3964355E-06  1.3462200E-06  1.2965775E-06  1.6317535E-02
    s34     34   9.8098826E-07  2.6549489E-05  2.5568501E-05  7.8293979E-06  7.5405505E-06  1.6325314E-02
    s35     35   7.4227665E-25  7.4227665E-25  0.0000000E+00  2.1889608E-25  0.0000000E+00  0.0000000E+00
    s36     36   8.9108752E-08  2.1532028E-07  1.2621153E-07  6.3497573E-08  3.7221753E-08  2.3196028E-01
   cl35     35  -5.1013558E-08  5.4115567E-06  5.4625702E-06  1.5958586E-06  1.6109974E-06 -4.1004266E-03
   cl36     36   0.0000000E+00  0.0000000E+00  0.0000000E+00  0.0000000E+00  0.0000000E+00  0.0000000E+00
   cl37     37   4.2857232E-07  2.2741963E-06  1.8456240E-06  6.7065650E-07  5.4430336E-07  9.0659112E-02
   ar36     36  -1.3184763E-06  1.0040261E-04  1.0172108E-04  2.9608553E-05  2.9999139E-05 -5.6916121E-03
   ar37     37   3.0809546E-27  3.0809546E-27  0.0000000E+00  9.0856814E-28  0.0000000E+00  0.0000000E+00
   ar38     38   5.5661440E-07  2.0079195E-05  1.9522580E-05  5.9213194E-06  5.7575144E-06  1.2183440E-02
   ar39     39   2.5357313E-10  2.5357313E-10  0.0000000E+00  7.4778274E-11  0.0000000E+00  0.0000000E+00
   ar40     40   7.3400130E-08  1.0626766E-07  3.2867522E-08  3.1338146E-08  9.6931458E-09  5.0960857E-01
    k39     39   7.5240223E-08  5.3711233E-06  5.2958831E-06  1.5839349E-06  1.5618388E-06  6.1011333E-03
    k40     40  -8.5730301E-10  0.0000000E+00  8.5730301E-10  0.0000000E+00  2.5283206E-10  0.0000000E+00
    k41     41   4.0737234E-08  4.4251811E-07  4.0178088E-07  1.3049782E-07  1.1849146E-07  4.1916218E-02
   ca40     40  -8.7560329E-07  9.0815229E-05  9.1690832E-05  2.6781252E-05  2.7041060E-05 -4.1928375E-03
   ca41     41   0.0000000E+00  0.0000000E+00  0.0000000E+00  0.0000000E+00  0.0000000E+00  0.0000000E+00
   ca42     42   4.6255821E-08  6.8883452E-07  6.4257870E-07  2.0313610E-07  1.8950651E-07  3.0162968E-02
   ca43     43   1.2931693E-08  1.5019891E-07  1.3726722E-07  4.4293397E-08  4.0482252E-08  3.9074335E-02
   ca44     44   1.2925284E-08  2.1833305E-06  2.1704052E-06  6.4386035E-07  6.4008640E-07  2.5530693E-03
   ca45     45   8.2760034E-21  8.2760034E-21  0.0000000E+00  2.4405790E-21  0.0000000E+00  0.0000000E+00
   ca46     46   2.2375568E-08  2.6726614E-08  4.3510457E-09  7.8816322E-09  1.2831914E-09  7.8832471E-01
   ca47     47   9.0881997E-39  9.0881997E-39  0.0000000E+00  2.6800940E-39  0.0000000E+00  0.0000000E+00
   ca48     48  -1.8000890E-10  2.1207460E-07  2.1225461E-07  6.2540430E-08  6.2597195E-08 -3.9400780E-04
   sc45     45   1.6332010E-08  7.7564991E-08  6.1232981E-08  2.2873781E-08  1.8058563E-08  1.0265478E-01
   sc46     46   2.1002732E-29  2.1002732E-29  0.0000000E+00  6.1936692E-30  0.0000000E+00  0.0000000E+00
   sc47     47   6.4099002E-38  6.4099002E-38  0.0000000E+00  1.8902684E-38  0.0000000E+00  0.0000000E+00
   sc48     48  -3.1410714E-32  3.8588546E-29  3.8619957E-29  1.1379695E-29  1.1389629E-29  0.0000000E+00
   ti46     46  -4.0804480E-09  3.7002044E-07  3.7410089E-07  1.0911838E-07  1.1032820E-07 -4.7886227E-03
   ti47     47  -4.4663011E-09  3.4024026E-07  3.4470656E-07  1.0033626E-07  1.0165935E-07 -5.6894356E-03
   ti48     48  -6.9753924E-08  3.4184309E-06  3.4881848E-06  1.0080893E-06  1.0287201E-06 -8.7982444E-03
   ti49     49   3.0984580E-08  2.9230057E-07  2.6131599E-07  8.6198931E-08  7.7066169E-08  4.8638117E-02
   ti50     50   6.7970063E-08  3.2328651E-07  2.5531645E-07  9.5336631E-08  7.5296811E-08  1.0248324E-01
    v51     51  -8.4247063E-09  5.5424823E-07  5.6267294E-07  1.6344684E-07  1.6594106E-07 -6.5773241E-03
   cr52     52  -2.6729685E-07  2.2798353E-05  2.3065650E-05  6.7231945E-06  6.8024206E-06 -5.0878040E-03
   cr53     53  -1.9719891E-08  2.6460239E-06  2.6657438E-06  7.8030780E-07  7.8616949E-07 -3.2502338E-03
   cr54     54   2.1729534E-07  8.9337624E-07  6.7608090E-07  2.6345509E-07  1.9938683E-07  1.2101015E-01
   mn55     55  -8.2192855E-08  2.0061634E-05  2.0143827E-05  5.9161412E-06  5.9407294E-06 -1.8012519E-03
   fe54     54  -2.9584335E-06  1.2976781E-04  1.3272624E-04  3.8268299E-05  3.9143044E-05 -9.8154368E-03
   fe55     55  -1.9051330E-14 -1.9051330E-14  0.0000000E+00 -5.6182039E-15  0.0000000E+00  0.0000000E+00
   fe56     56  -3.0137599E-05  2.1305166E-03  2.1606542E-03  6.2828563E-04  6.3721073E-04 -6.1259461E-03
   fe57     57   5.6930839E-06  5.6483295E-05  5.0790211E-05  1.6656826E-05  1.4978827E-05  4.6114419E-02
   fe58     58   1.5067675E-05  2.1945532E-05  6.8778572E-06  6.4716992E-06  2.0283876E-06  5.0386739E-01
   fe59     59  -1.7753014E-27 -1.7753014E-27  0.0000000E+00 -5.2353329E-28  0.0000000E+00  0.0000000E+00
   fe60     60   0.0000000E+00  0.0000000E+00  0.0000000E+00  0.0000000E+00  0.0000000E+00  0.0000000E+00
   co59     59   4.8730644E-06  1.0177305E-05  5.3042404E-06  3.0012695E-06  1.5643035E-06  2.8298399E-01
   co60     60   6.1066200E-12  6.1066200E-12  0.0000000E+00  1.8008316E-12  0.0000000E+00  0.0000000E+00
   ni58     58  -1.7463972E-06  7.4146781E-05  7.5893178E-05  2.1865757E-05  2.2382086E-05 -1.0136040E-02
   ni59     59   0.0000000E+00  0.0000000E+00  0.0000000E+00  0.0000000E+00  0.0000000E+00  0.0000000E+00
   ni60     60   4.5986235E-06  3.4840934E-05  3.0242310E-05  1.0274531E-05  8.9189307E-06  6.1449226E-02
   ni61     61   1.1042507E-06  2.4408012E-06  1.3365504E-06  7.1978803E-07  3.9416963E-07  2.6152146E-01
   ni62     62   1.8866263E-06  6.2178315E-06  4.3312052E-06  1.8336277E-06  1.2773401E-06  1.5700465E-01
   ni63     63   0.0000000E+00  0.0000000E+00  0.0000000E+00  0.0000000E+00  0.0000000E+00  0.0000000E+00
   ni64     64   1.2436242E-06  2.3822668E-06  1.1386426E-06  7.0252634E-07  3.3580349E-07  3.2057741E-01
   cu63     63   9.6715178E-07  1.9069473E-06  9.3979554E-07  5.6235547E-07  2.7716041E-07  3.0727971E-01
   cu64     64   0.0000000E+00  0.0000000E+00  0.0000000E+00  0.0000000E+00  0.0000000E+00  0.0000000E+00
   cu65     65   1.8442228E-07  6.1659466E-07  4.3217238E-07  1.8183269E-07  1.2745440E-07  1.5431713E-01
   zn64     64  -3.3149945E-08  1.5770067E-06  1.6101567E-06  4.6505653E-07  4.7486037E-07 -9.0601826E-03
   zn65     65  -1.1833849E-20 -1.1833849E-20  0.0000000E+00 -3.4897813E-21  0.0000000E+00  0.0000000E+00
   zn66     66   1.5352299E-07  1.1061502E-06  9.5262720E-07  3.2620176E-07  2.8094465E-07  6.4865537E-02
   zn67     67   3.4631526E-08  1.7674215E-07  1.4211062E-07  5.2120953E-08  4.1910646E-08  9.4688006E-02
   zn68     68   1.9229935E-07  8.5190106E-07  6.5960171E-07  2.5122415E-07  1.9452685E-07  1.1108185E-01
   zn69     69   0.0000000E+00  0.0000000E+00  0.0000000E+00  0.0000000E+00  0.0000000E+00  0.0000000E+00
   zn70     70   1.0711734E-09  2.3523798E-08  2.2452625E-08  6.9371269E-09  6.6216299E-09  2.0214727E-02
   ga69     69   2.6839110E-08  8.7311378E-08  6.0472267E-08  2.5747973E-08  1.7834218E-08  1.5948899E-01
   ga70     70   0.0000000E+00  0.0000000E+00  0.0000000E+00  0.0000000E+00  0.0000000E+00  0.0000000E+00
   ga71     71   2.1144505E-08  6.2441337E-08  4.1296833E-08  1.8413841E-08  1.2179081E-08  1.7952988E-01
   ge70     70   3.9283876E-08  1.0654563E-07  6.7261752E-08  3.1420122E-08  1.9836543E-08  1.9974189E-01
   ge71     71   6.4312391E-33  6.4312391E-33  0.0000000E+00  1.8965611E-33  0.0000000E+00  0.0000000E+00
   ge72     72   3.4052768E-08  1.2547846E-07  9.1425697E-08  3.7003382E-08  2.6962867E-08  1.3747533E-01
   ge73     73   1.0135567E-08  3.6154162E-08  2.6018595E-08  1.0661799E-08  7.6732904E-09  1.4284888E-01
   ge74     74   4.1570601E-08  1.6535692E-07  1.2378632E-07  4.8763468E-08  3.6506520E-08  1.2572414E-01
   as75     75   3.6394763E-09  2.1787610E-08  1.8148134E-08  6.4251280E-09  5.3521680E-09  7.9352036E-02
   se76     76   1.3421097E-08  3.2314954E-08  1.8893857E-08  9.5296233E-09  5.5720939E-09  2.3305731E-01
   se77     77   5.0748632E-09  2.0662949E-08  1.5588085E-08  6.0934675E-09  4.5971698E-09  1.2237396E-01
   se78     78   3.2131705E-08  8.1324053E-08  4.9192348E-08  2.3982322E-08  1.4507592E-08  2.1829589E-01
   se79     79   0.0000000E+00  0.0000000E+00  0.0000000E+00  0.0000000E+00  0.0000000E+00  0.0000000E+00
   se80     80   3.6518436E-08  1.4181981E-07  1.0530137E-07  4.1822414E-08  3.1055023E-08  1.2927723E-01
   br79     79   6.9758332E-09  2.3815192E-08  1.6839358E-08  7.0230586E-09  4.9661901E-09  1.5050295E-01
   br80     80   0.0000000E+00  0.0000000E+00  0.0000000E+00  0.0000000E+00  0.0000000E+00  0.0000000E+00
   br81     81   4.7869939E-09  2.1583057E-08  1.6796063E-08  6.3648060E-09  4.9534217E-09  1.0887986E-01
   kr80     80  -9.9003472E-11  3.9140469E-09  4.0130503E-09  1.1542456E-09  1.1835113E-09 -1.0874191E-02
   kr81     81   0.0000000E+00  0.0000000E+00  0.0000000E+00  0.0000000E+00  0.0000000E+00  0.0000000E+00
   kr82     82   1.6903122E-08  3.7513793E-08  2.0610671E-08  1.1062752E-08  6.0784093E-09  2.6007324E-01
   kr83     83   5.6940230E-09  2.6361873E-08  2.0667850E-08  7.7740703E-09  6.0952723E-09  1.0565536E-01
   kr84     84   3.7768494E-08  1.4085192E-07  1.0308343E-07  4.1536985E-08  3.0400916E-08  1.3554831E-01
   kr-5     85  -1.9862013E-14 -1.9862013E-14  0.0000000E+00 -5.8572731E-15  0.0000000E+00  0.0000000E+00
   kr*5     85   0.0000000E+00  0.0000000E+00  0.0000000E+00  0.0000000E+00  0.0000000E+00  0.0000000E+00
   kr86     86   1.2053026E-07  1.5244629E-07  3.1916034E-08  4.4956145E-08  9.4125365E-09  6.7908239E-01
   rb85     85   1.3322486E-08  3.0053165E-08  1.6730679E-08  8.8626262E-09  4.9341389E-09  2.5435108E-01
   rb86     86   2.2480229E-31  2.2480229E-31  0.0000000E+00  6.6293802E-32  0.0000000E+00  0.0000000E+00
   rb87     87   2.3371328E-08  3.0418544E-08  7.0472166E-09  8.9703756E-09  2.0783344E-09  6.3509518E-01
   sr86     86   6.9573884E-09  1.4764511E-08  7.8071229E-09  4.3540287E-09  2.3024427E-09  2.7670246E-01
   sr87     87   3.3046650E-09  8.8240988E-09  5.5194338E-09  2.6022113E-09  1.6277671E-09  2.0375027E-01
   sr88     88   1.1009978E-07  1.7703341E-07  6.6933630E-08  5.2206847E-08  1.9739774E-08  4.2238528E-01
   sr89     89  -1.7585936E-28 -1.7585936E-28  0.0000000E+00 -5.1860617E-29  0.0000000E+00  0.0000000E+00
   sr90     90   3.4782778E-13  3.4782778E-13  0.0000000E+00  1.0257381E-13  0.0000000E+00  0.0000000E+00
    y89     89   3.5183415E-08  5.1148923E-08  1.5965508E-08  1.5083728E-08  4.7084781E-09  5.0562817E-01
    y90     90   8.7962969E-17  8.7962969E-17  0.0000000E+00  2.5940126E-17  0.0000000E+00  0.0000000E+00
    y91     91  -3.8987765E-28 -3.8987765E-28  0.0000000E+00 -1.1497424E-28  0.0000000E+00  0.0000000E+00
   zr90     90   3.2814981E-08  5.1843436E-08  1.9028457E-08  1.5288538E-08  5.6117897E-09  4.3526459E-01
   zr91     91   9.9827560E-09  1.4178446E-08  4.1956900E-09  4.1811989E-09  1.2373745E-09  5.2879965E-01
   zr92     92   1.8967253E-08  2.5450973E-08  6.4837193E-09  7.5054478E-09  1.9121502E-09  5.9385467E-01
   zr93     93   0.0000000E+00  0.0000000E+00  0.0000000E+00  0.0000000E+00  0.0000000E+00  0.0000000E+00
   zr94     94   2.5244592E-08  3.1958180E-08  6.7135870E-09  9.4244115E-09  1.9799418E-09  6.7760181E-01
   zr95     95  -1.1014004E-26 -1.1014004E-26  0.0000000E+00 -3.2480104E-27  0.0000000E+00  0.0000000E+00
   zr96     96   1.7383677E-08  1.8488279E-08  1.1046026E-09  5.4521614E-09  3.2576458E-10  1.2236649E+00
   nb93     93   7.3394766E-09  1.0238596E-08  2.8991189E-09  3.0193441E-09  8.5499552E-10  5.4794878E-01
   nb94     94   5.5255856E-16  5.5255856E-16  0.0000000E+00  1.6294856E-16  0.0000000E+00  0.0000000E+00
   nb95     95  -1.3275176E-26 -1.3275176E-26  0.0000000E+00 -3.9148262E-27  0.0000000E+00  0.0000000E+00
   mo94     94  -2.2171376E-11  8.8642804E-10  9.0859942E-10  2.6140609E-10  2.6796015E-10 -1.0754528E-02
   mo95     95   5.5862488E-09  7.1755264E-09  1.5892776E-09  2.1160502E-09  4.6870280E-10  6.5462846E-01
   mo96     96   9.5912585E-09  1.1281809E-08  1.6905507E-09  3.3269858E-09  4.9856980E-10  8.2432497E-01
   mo97     97   3.0813092E-09  4.0648005E-09  9.8349129E-10  1.1987026E-09  2.9004696E-10  6.1624312E-01
   mo98     98   7.1062001E-09  9.6310613E-09  2.5248612E-09  2.8401832E-09  7.4462103E-10  5.8141112E-01
   tc99     99   0.0000000E+00  0.0000000E+00  0.0000000E+00  0.0000000E+00  0.0000000E+00  0.0000000E+00
   ru99     99   8.3070667E-10  1.7122818E-09  8.8157509E-10  5.0494892E-10  2.5999028E-10  2.8829035E-01
  ru100    100   2.7662987E-09  3.6456071E-09  8.7930851E-10  1.0750832E-09  2.5932181E-10  6.1760306E-01
  ru101    101   5.4386828E-10  1.7463411E-09  1.2024728E-09  5.1499294E-10  3.5462799E-10  1.6202827E-01
  ru102    102   3.2726484E-09  5.5184297E-09  2.2457813E-09  1.6273753E-09  6.6231598E-10  3.9042249E-01
  rh103    103   5.0095583E-10  1.9351623E-09  1.4342064E-09  5.7067595E-10  4.2296988E-10  1.3008013E-01
  pd104    104   1.7062065E-09  2.3338256E-09  6.2761907E-10  6.8824108E-10  1.8509468E-10  5.7034671E-01
  pd105    105   3.9128023E-10  1.6614181E-09  1.2701379E-09  4.8994930E-10  3.7458353E-10  1.1660247E-01
  pd106    106   1.9058537E-09  3.4752015E-09  1.5693478E-09  1.0248309E-09  4.6282517E-10  3.4523523E-01
  pd107    107   0.0000000E+00  0.0000000E+00  0.0000000E+00  0.0000000E+00  0.0000000E+00  0.0000000E+00
  pd108    108   2.4242568E-09  3.9723176E-09  1.5480609E-09  1.1714295E-09  4.5654736E-10  4.0923035E-01
  ag107    107   3.4939895E-10  1.4155437E-09  1.0661447E-09  4.1744136E-10  3.1442277E-10  1.2308148E-01
  ag108    108   0.0000000E+00  0.0000000E+00  0.0000000E+00  0.0000000E+00  0.0000000E+00  0.0000000E+00
  ag109    109   5.7734273E-10  1.5863444E-09  1.0090017E-09  4.6781018E-10  2.9757036E-10  1.9648002E-01
  cd108    108  -7.8989593E-13  5.8994129E-11  5.9784025E-11  1.7397266E-11  1.7631244E-11 -5.8019389E-03
  cd109    109  -1.3774914E-23 -1.3774914E-23  0.0000000E+00 -4.0621982E-24  0.0000000E+00  0.0000000E+00
  cd110    110   2.1505426E-09  3.0050773E-09  8.5453467E-10  8.8619206E-10  2.5201560E-10  5.4610044E-01
  cd111    111   6.8786848E-10  1.5715663E-09  8.8369784E-10  4.6345217E-10  2.6061631E-10  2.5000331E-01
  cd112    112   2.8244003E-09  4.5053246E-09  1.6809244E-09  1.3286123E-09  4.9573090E-10  4.2815232E-01
  cd113    113   8.2000212E-10  1.6788586E-09  8.5885649E-10  4.9509247E-10  2.5329019E-10  2.9106796E-01
  cd114    114   4.4318904E-09  6.4689871E-09  2.0370967E-09  1.9076931E-09  6.0077171E-10  5.0179905E-01
  in115    115   8.3939450E-10  1.6075162E-09  7.6812173E-10  4.7405374E-10  2.2653111E-10  3.2069969E-01
  sn116    116   6.9209807E-09  9.3241797E-09  2.4031990E-09  2.7496843E-09  7.0874095E-10  5.8879530E-01
  sn117    117   2.0412965E-09  3.3216225E-09  1.2803261E-09  9.7954067E-10  3.7758816E-10  4.1400412E-01
  sn118    118   1.1515460E-08  1.5419552E-08  3.9040922E-09  4.5471991E-09  1.1513779E-09  5.9652615E-01
  sn119    119   3.3749137E-09  4.8314295E-09  1.4565157E-09  1.4247802E-09  4.2954923E-10  5.2073491E-01
  sn120    120   2.1305970E-08  2.6876585E-08  5.5706146E-09  7.9258582E-09  1.6428614E-09  6.8344533E-01
  sb121    121   1.5072772E-09  2.3663449E-09  8.5906771E-10  6.9783096E-10  2.5335251E-10  4.4002503E-01
  te122    122   2.7084464E-09  3.2794869E-09  5.7104055E-10  9.6711494E-10  1.6840879E-10  7.5911337E-01
  te123    123   9.9068609E-10  1.1916266E-09  2.0094049E-10  3.5140860E-10  5.9260492E-11  7.7304715E-01
  te124    124   5.2930575E-09  6.3719439E-09  1.0788862E-09  1.8790751E-09  3.1818043E-10  7.7127069E-01
  te125    125   1.7403418E-09  3.3625362E-09  1.6221945E-09  9.9160613E-10  4.7841048E-10  3.1653851E-01
  te126    126   1.0342776E-08  1.4700159E-08  4.3573829E-09  4.3350514E-09  1.2850603E-09  5.2807075E-01
   i127    127   1.2269288E-09  6.6916961E-09  5.4647673E-09  1.9733695E-09  1.6116454E-09  8.7938942E-02
   i128    128   0.0000000E+00  0.0000000E+00  0.0000000E+00  0.0000000E+00  0.0000000E+00  0.0000000E+00
   i129    129   4.1925001E-12  4.1925001E-12  0.0000000E+00  1.2363609E-12  0.0000000E+00  0.0000000E+00
  xe128    128   3.3122300E-09  3.9024797E-09  5.9024974E-10  1.1508344E-09  1.7407388E-10  8.2027924E-01
  xe129    129   1.0971664E-09  8.5070155E-09  7.4098492E-09  2.5087041E-09  2.1852804E-09  5.9942294E-02
  xe130    130   6.7535151E-09  7.9524378E-09  1.1989226E-09  2.3451601E-09  3.5358105E-10  8.2168353E-01
  xe131    131   2.4762570E-09  8.4653511E-09  5.9890941E-09  2.4964173E-09  1.7662775E-09  1.5025826E-01
  xe132    132   1.3811897E-08  2.1187978E-08  7.3760806E-09  6.2482979E-09  2.1753215E-09  4.5823830E-01
  xe133    133   1.0328258E-36  1.0328258E-36  0.0000000E+00  3.0457852E-37  0.0000000E+00  0.0000000E+00
  xe134    134   1.1762237E-08  1.4526988E-08  2.7647511E-09  4.2839834E-09  8.1536833E-10  7.2049391E-01
  cs133    133   1.8633719E-09  3.8025854E-09  1.9392135E-09  1.1213758E-09  5.7190430E-10  2.9242784E-01
  cs134    134   3.1839925E-18  3.1839925E-18  0.0000000E+00  9.3895381E-19  0.0000000E+00  0.0000000E+00
  cs135    135   0.0000000E+00  0.0000000E+00  0.0000000E+00  0.0000000E+00  0.0000000E+00  0.0000000E+00
  cs136    136   9.6185092E-34  9.6185092E-34  0.0000000E+00  2.8364816E-34  0.0000000E+00  0.0000000E+00
  cs137    137   0.0000000E+00  0.0000000E+00  0.0000000E+00  0.0000000E+00  0.0000000E+00  0.0000000E+00
  ba134    134   4.2846917E-09  4.8791895E-09  5.9449767E-10  1.4388645E-09  1.7532664E-10  9.1417193E-01
  ba135    135   4.6674540E-09  6.3009691E-09  1.6335151E-09  1.8581447E-09  4.8174914E-10  5.8625865E-01
  ba136    136   1.3540307E-08  1.5500968E-08  1.9606610E-09  4.5712083E-09  5.7822958E-10  8.9793074E-01
  ba137    137   2.3849575E-08  2.6674133E-08  2.8245584E-09  7.8661557E-09  8.3300644E-10  9.7511417E-01
  ba138    138   1.8064152E-07  1.9880343E-07  1.8161915E-08  5.8626785E-08  5.3562323E-09  1.0392367E+00
  la139    139   2.2292165E-08  2.4783297E-08  2.4911333E-09  7.3085511E-09  7.3467410E-10  9.9773657E-01
  ce140    140   6.7940938E-08  7.3650391E-08  5.7094534E-09  2.1719371E-08  1.6838070E-09  1.1105549E+00
  ce141    141   4.3394371E-31  4.3394371E-31  0.0000000E+00  1.2796924E-31  0.0000000E+00  0.0000000E+00
  ce142    142   9.9211821E-09  1.0648857E-08  7.2767442E-10  3.1403293E-09  2.1460257E-10  1.1653403E+00
  pr141    141   7.2491178E-09  8.2331137E-09  9.8399600E-10  2.4279310E-09  2.9019581E-10  9.2254519E-01
  nd142    142   1.3465298E-08  1.4777900E-08  1.3126015E-09  4.3579771E-09  3.8710671E-10  1.0514542E+00
  nd143    143   2.9207499E-09  3.5084144E-09  5.8766453E-10  1.0346253E-09  1.7331146E-10  7.7595580E-01
  nd144    144   8.7485379E-09  9.9164632E-09  1.1679250E-09  2.9243477E-09  3.4443937E-10  9.2891622E-01
  nd145    145   1.6540583E-09  2.0883735E-09  4.3431517E-10  6.1585770E-10  1.2808633E-10  6.8197757E-01
  nd146    146   7.8339717E-09  8.6888168E-09  8.5484547E-10  2.5623170E-09  2.5210731E-10  1.0070474E+00
  nd147    147   3.3982612E-34  3.3982612E-34  0.0000000E+00  1.0021413E-34  0.0000000E+00  0.0000000E+00
  nd148    148   1.3379212E-09  1.6270741E-09  2.8915295E-10  4.7982135E-10  8.5275731E-11  7.5025415E-01
  pm147    147  -3.1130056E-17 -3.1130056E-17  0.0000000E+00 -9.1801993E-18  0.0000000E+00  0.0000000E+00
  pm148    148   0.0000000E+00  0.0000000E+00  0.0000000E+00  0.0000000E+00  0.0000000E+00  0.0000000E+00
  sm147    147   9.4139196E-10  1.1741442E-09  2.3275222E-10  3.4625308E-10  6.8642272E-11  7.0280200E-01
  sm148    148   1.8488909E-09  2.0246032E-09  1.7571218E-10  5.9705196E-10  5.1820267E-11  1.0615125E+00
  sm149    149   3.6360115E-10  5.8110650E-10  2.1750533E-10  1.7136730E-10  6.4145723E-11  4.2676026E-01
  sm150    150   1.7450819E-09  1.8620111E-09  1.1692922E-10  5.4910382E-10  3.4484252E-11  1.2020336E+00
  sm151    151   5.6183008E-14  5.6183008E-14  0.0000000E+00  1.6568271E-14  0.0000000E+00  0.0000000E+00
  sm152    152   1.5728895E-09  2.0023785E-09  4.2948903E-10  5.9049793E-10  1.2666303E-10  6.6856849E-01
  eu151    151   2.5624097E-10  5.3955695E-10  2.8331598E-10  1.5911440E-10  8.3554309E-11  2.7974063E-01
  eu152    152  -2.6777179E-18 -2.6777179E-18  0.0000000E+00 -7.8965432E-19  0.0000000E+00  0.0000000E+00
  eu153    153   2.9720604E-10  6.1057448E-10  3.1336844E-10  1.8005734E-10  9.2417254E-11  2.8965777E-01
  eu154    154  -1.1310284E-17 -1.1310284E-17  0.0000000E+00 -3.3353829E-18  0.0000000E+00  0.0000000E+00
  eu155    155  -8.2544196E-18 -8.2544196E-18  0.0000000E+00 -2.4342139E-18  0.0000000E+00  0.0000000E+00
  gd152    152   3.7778591E-13  4.5144652E-12  4.1366793E-12  1.3313079E-12  1.2199714E-12  3.7928887E-02
  gd153    153  -4.0291490E-28 -4.0291490E-28  0.0000000E+00 -1.1881890E-28  0.0000000E+00  0.0000000E+00
  gd154    154   7.1015310E-10  7.5583656E-10  4.5683457E-11  2.2289488E-10  1.3472765E-11  1.2186434E+00
  gd155    155   2.8626981E-10  5.9842686E-10  3.1215705E-10  1.7647504E-10  9.2059992E-11  2.8261238E-01
  gd156    156   1.1525059E-09  1.5870296E-09  4.3452381E-10  4.6801230E-10  1.2814787E-10  5.6254590E-01
  gd157    157   5.5452898E-10  8.8886520E-10  3.3433623E-10  2.6212479E-10  9.8600975E-11  4.2462689E-01
  gd158    158   2.2015143E-09  2.7355687E-09  5.3405436E-10  8.0671442E-10  1.5750097E-10  7.0943660E-01
  gd159    159   0.0000000E+00  0.0000000E+00  0.0000000E+00  0.0000000E+00  0.0000000E+00  0.0000000E+00
  gd160    160   1.9404878E-10  6.6998401E-10  4.7593524E-10  1.9757712E-10  1.4036075E-10  1.4849098E-01
  tb159    159   4.7234333E-10  8.7522378E-10  4.0288045E-10  2.5810196E-10  1.1881574E-10  3.3691734E-01
  tb160    160  -5.9517461E-28 -5.9517461E-28  0.0000000E+00 -1.7551595E-28  0.0000000E+00  0.0000000E+00
  tb161    161   1.4246142E-36  1.4246142E-36  0.0000000E+00  4.2011623E-37  0.0000000E+00  0.0000000E+00
  dy160    160   7.8950663E-10  8.5046931E-10  6.0962672E-11  2.5080191E-10  1.7978844E-11  1.1445690E+00
  dy161    161   3.7895409E-10  8.7647778E-10  4.9752369E-10  2.5847177E-10  1.4672751E-10  2.4590158E-01
  dy162    162   1.6488373E-09  2.3240028E-09  6.7516553E-10  6.8534439E-10  1.9911686E-10  5.3680086E-01
  dy163    163   7.0997758E-10  1.3738645E-09  6.6388689E-10  4.0515025E-10  1.9579061E-10  3.1582424E-01
  dy164    164   3.4596741E-09  4.2178776E-09  7.5820356E-10  1.2438448E-09  2.2360609E-10  7.4528259E-01
  ho165    165   6.4161004E-10  1.2321630E-09  5.9055300E-10  3.6336273E-10  1.7416331E-10  3.1938374E-01
  er166    166   1.4540106E-09  2.0150213E-09  5.6101068E-10  5.9422628E-10  1.6545082E-10  5.5528295E-01
  er167    167   5.9548294E-10  9.8072683E-10  3.8524389E-10  2.8921462E-10  1.1361444E-10  4.0578669E-01
  er168    168   2.2608815E-09  2.7180649E-09  4.5718346E-10  8.0155260E-10  1.3483055E-10  7.7414370E-01
  er169    169   1.1934187E-34  1.1934187E-34  0.0000000E+00  3.5193710E-35  0.0000000E+00  0.0000000E+00
  er170    170   9.6497121E-10  1.2206534E-09  2.5568211E-10  3.5996855E-10  7.5404655E-11  6.7886645E-01
  tm169    169   5.6909005E-10  8.3927443E-10  2.7018437E-10  2.4750058E-10  7.9681595E-11  4.9221823E-01
  tm170    170   2.7755984E-24  2.7755984E-24  0.0000000E+00  8.1851912E-25  0.0000000E+00  0.0000000E+00
  tm171    171   3.2837104E-18  3.2837104E-18  0.0000000E+00  9.6836049E-19  0.0000000E+00  0.0000000E+00
  yb170    170   7.1449197E-10  7.6559320E-10  5.1101259E-11  2.2577210E-10  1.5070561E-11  1.1755409E+00
  yb171    171   1.1339402E-09  1.3769830E-09  2.4304278E-10  4.0606987E-10  7.1677116E-11  7.5322026E-01
  yb172    172   2.8956928E-09  3.2720313E-09  3.7633857E-10  9.6491637E-10  1.1098814E-10  9.3921310E-01
  yb173    173   1.3226784E-09  1.6036392E-09  2.8096075E-10  4.7291043E-10  8.2859719E-11  7.5643539E-01
  yb174    174   5.7339600E-09  6.2961387E-09  5.6217864E-10  1.8567203E-09  1.6579528E-10  1.0491743E+00
  lu175    175   7.4888212E-10  1.0026208E-09  2.5373864E-10  2.9567113E-10  7.4831488E-11  5.9672451E-01
  lu176    176   5.6238847E-10  5.6979493E-10  7.4064383E-12  1.6803153E-10  2.1842742E-12  1.8860836E+00
  lu177    177   6.9004345E-36  6.9004345E-36  0.0000000E+00  2.0349261E-36  0.0000000E+00  0.0000000E+00
  hf176    176  -1.5302343E-12  5.5459123E-11  5.6989358E-11  1.6354799E-11  1.6807052E-11 -1.1846329E-02
  hf177    177   6.0603295E-10  8.1086726E-10  2.0483432E-10  2.3912333E-10  6.0408838E-11  5.9752154E-01
  hf178    178   2.7650975E-09  3.0672984E-09  3.0220104E-10  9.0454094E-10  8.9123812E-11  1.0064344E+00
  hf179    179   9.7622899E-10  1.1279659E-09  1.5173698E-10  3.3263520E-10  4.4749610E-11  8.7117893E-01
  hf180    180   5.3220122E-09  5.7149698E-09  3.9295781E-10  1.6853346E-09  1.1588940E-10  1.1626425E+00
  hf181    181   1.5140768E-30  1.5140768E-30  0.0000000E+00  4.4649860E-31  0.0000000E+00  0.0000000E+00
  hf182    182   2.1482398E-09  2.1482398E-09  0.0000000E+00  6.3351219E-10  0.0000000E+00  0.0000000E+00
  ta181    181   1.3363024E-09  1.5027967E-09  1.6649429E-10  4.4317211E-10  4.9101771E-11  9.5547527E-01
  ta182    182   1.9709840E-17  1.9709840E-17  0.0000000E+00  5.8123972E-18  0.0000000E+00  0.0000000E+00
  ta183    183   1.2270587E-37  1.2270587E-37  0.0000000E+00  3.6185747E-38  0.0000000E+00  0.0000000E+00
   w182    182   2.2172011E-09  2.4784730E-09  2.6127184E-10  7.3089734E-10  7.7053156E-11  9.7706598E-01
   w183    183   1.7486550E-09  1.8905175E-09  1.4186256E-10  5.5751032E-10  4.1837488E-11  1.1246873E+00
   w184    184   4.1384483E-09  4.4438551E-09  3.0540681E-10  1.3104852E-09  9.0069244E-11  1.1628556E+00
   w185    185  -7.9254929E-27 -7.9254929E-27  0.0000000E+00 -2.3372140E-27  0.0000000E+00  0.0000000E+00
   w186    186   2.0218458E-09  2.3083051E-09  2.8645927E-10  6.8071515E-10  8.4481318E-11  9.0620470E-01
  re185    185   8.1342799E-10  9.5902375E-10  1.4559573E-10  2.8281444E-10  4.2938458E-11  8.1865513E-01
  re186    186   2.5086068E-38  2.5086068E-38  0.0000000E+00  7.3978371E-39  0.0000000E+00  0.0000000E+00
  re187    187   4.4608278E-10  7.1159378E-10  2.6551100E-10  2.0984776E-10  7.8303343E-11  4.2812401E-01
  os186    186   1.5038372E-09  1.5845345E-09  8.0697324E-11  4.6727644E-10  2.3798902E-11  1.2930169E+00
  os187    187   4.1236245E-10  4.7689208E-10  6.4529625E-11  1.4063464E-10  1.9030796E-11  8.6863536E-01
  os188    188   3.2074219E-09  3.8881662E-09  6.8074446E-10  1.1466135E-09  2.0076218E-10  7.5673509E-01
  os189    189   6.4391453E-10  1.4783212E-09  8.3440671E-10  4.3595436E-10  2.4607960E-10  2.4836542E-01
  os190    190   3.1016523E-09  4.4657722E-09  1.3641198E-09  1.3169484E-09  4.0230028E-10  5.1501846E-01
  os191    191   7.9177303E-33  7.9177303E-33  0.0000000E+00  2.3349248E-33  0.0000000E+00  0.0000000E+00
  os192    192   7.6917184E-10  2.9100911E-09  2.1409192E-09  8.5818080E-10  6.3139055E-10  1.3328071E-01
  ir191    191   5.5987837E-10  2.3650513E-09  1.8051729E-09  6.9744949E-10  5.3237376E-10  1.1729614E-01
  ir192    192   5.8695694E-29  5.8695694E-29  0.0000000E+00  1.7309258E-29  0.0000000E+00  0.0000000E+00
  ir193    193   6.8223449E-10  3.7484358E-09  3.0662013E-09  1.1054072E-09  9.0427077E-10  8.7223791E-02
  pt192    192   7.4983952E-10  8.2574503E-10  7.5905525E-11  2.4351077E-10  2.2385725E-11  1.0365471E+00
  pt193    193   1.2649288E-14  1.2649288E-14  0.0000000E+00  3.7302531E-15  0.0000000E+00  0.0000000E+00
  pt194    194   2.4396374E-09  5.6730070E-09  3.2333696E-09  1.6729599E-09  9.5357122E-10  2.4413241E-01
  pt195    195   9.5058694E-10  4.2860089E-09  3.3354219E-09  1.2639365E-09  9.8366804E-10  1.0887668E-01
  pt196    196   4.3231143E-09  6.8243513E-09  2.5012372E-09  2.0124893E-09  7.3765399E-10  4.3588087E-01
  au197    197   1.3978757E-09  2.9053264E-09  1.5074507E-09  8.5677571E-10  4.4457080E-10  2.8492621E-01
  hg198    198   4.8466724E-09  5.2007860E-09  3.5411366E-10  1.5337027E-09  1.0443365E-10  1.1669008E+00
  hg199    199   2.1271658E-09  2.7293656E-09  6.0219985E-10  8.0488516E-10  1.7759814E-10  6.5629548E-01
  hg200    200   7.0736674E-09  7.9023907E-09  8.2872320E-10  2.3304012E-09  2.4440344E-10  9.7932339E-01
  hg201    201   2.9503811E-09  3.4255747E-09  4.7519372E-10  1.0101960E-09  1.4014206E-10  8.5783714E-01
  hg202    202   1.1362224E-08  1.2444177E-08  1.0819532E-09  3.6697663E-09  3.1908490E-10  1.0607321E+00
  tl203    203   6.1566601E-09  6.5846533E-09  4.2799300E-10  1.9418027E-09  1.2622182E-10  1.1870706E+00
  tl204    204  -1.0055770E-15 -1.0055770E-15  0.0000000E+00 -2.9654290E-16  0.0000000E+00  0.0000000E+00
  tl205    205   1.2664857E-08  1.3696607E-08  1.0317499E-09  4.0391055E-09  3.0427916E-10  1.1230130E+00
  pb204    204   4.7505431E-09  5.2922764E-09  5.4173338E-10  1.5606831E-09  1.5976563E-10  9.8983139E-01
  pb205    205   0.0000000E+00  0.0000000E+00  0.0000000E+00  0.0000000E+00  0.0000000E+00  0.0000000E+00
  pb206    206   4.9727369E-08  5.4817519E-08  5.0901501E-09  1.6165592E-08  1.5011649E-09  1.0321633E+00
  pb207    207   6.6768621E-08  7.2428797E-08  5.6601728E-09  2.1359126E-08  1.6692735E-09  1.1070560E+00
  pb208    208   1.3580791E-07  1.5208732E-07  1.6279415E-08  4.4850285E-08  4.8010542E-09  9.7042859E-01
  bi209    209   2.6511162E-09  3.7833177E-09  1.1322014E-09  1.1156938E-09  3.3390390E-10  5.2392352E-01
  bi210    210   0.0000000E+00  0.0000000E+00  0.0000000E+00  0.0000000E+00  0.0000000E+00  0.0000000E+00
  po210    210   0.0000000E+00  0.0000000E+00  0.0000000E+00  0.0000000E+00  0.0000000E+00  0.0000000E+00
