  species    A      yield       mass(i)_lost    mass(i)_0        <X(i)>          X0(i)   log10(<X(i)>/X0(i)) 
      n      1   0.0000000E+00  0.0000000E+00  0.0000000E+00  0.0000000E+00  0.0000000E+00  0.0000000E+00
      p      1  -8.9033604E-02  2.2202516E+00  2.3092852E+00  7.0461810E-01  7.3292029E-01 -1.7102951E-02
      d      2   1.8931418E-17  1.8931418E-17  0.0000000E+00  6.0080667E-18  0.0000000E+00  0.0000000E+00
    he3      3   1.8609766E-04  1.8609766E-04  0.0000000E+00  5.9059872E-05  0.0000000E+00  0.0000000E+00
    he4      4   6.8025112E-02  8.8714409E-01  8.1911898E-01  2.8154367E-01  2.5997174E-01  3.4619641E-02
    li7      7   7.7185824E-08  9.1520405E-08  1.4334581E-08  2.9044877E-08  4.5495052E-09  8.0510533E-01
    be7      7   6.4878886E-13  6.4878886E-13  0.0000000E+00  2.0589934E-13  0.0000000E+00  0.0000000E+00
     b8      8   1.2514241E-24  1.2514241E-24  0.0000000E+00  3.9715141E-25  0.0000000E+00  0.0000000E+00
    c12     12   1.6894404E-02  2.0841109E-02  3.9467039E-03  6.6141253E-03  1.2526038E-03  7.2265869E-01
    c13     13   8.2955131E-04  8.7737764E-04  4.7826306E-05  2.7844417E-04  1.5179100E-05  1.2634921E+00
    c14     14   3.7153779E-08  3.7153779E-08  0.0000000E+00  1.1791107E-08  0.0000000E+00  0.0000000E+00
    n13     13   0.0000000E+00  0.0000000E+00  0.0000000E+00  0.0000000E+00  0.0000000E+00  0.0000000E+00
    n14     14   2.2301609E-03  3.3970398E-03  1.1668791E-03  1.0780831E-03  3.7034374E-04  4.6404722E-01
    n15     15  -2.7554447E-06  1.1871786E-07  2.8741626E-06  3.7676251E-08  9.1220090E-07 -1.3840228E+00
    o14     14   0.0000000E+00  0.0000000E+00  0.0000000E+00  0.0000000E+00  0.0000000E+00  0.0000000E+00
    o15     15   0.0000000E+00  0.0000000E+00  0.0000000E+00  0.0000000E+00  0.0000000E+00  0.0000000E+00
    o16     16  -2.4064071E-04  9.2896195E-03  9.5302602E-03  2.9481496E-03  3.0247113E-03 -1.1134410E-02
    o17     17   3.1328404E-05  3.5175461E-05  3.8470553E-06  1.1163269E-05  1.2209773E-06  9.6108383E-01
    o18     18  -1.2914641E-05  8.5284428E-06  2.1443084E-05  2.7065828E-06  6.8055997E-06 -4.0044507E-01
    o19     19   0.0000000E+00  0.0000000E+00  0.0000000E+00  0.0000000E+00  0.0000000E+00  0.0000000E+00
    f17     17   0.0000000E+00  0.0000000E+00  0.0000000E+00  0.0000000E+00  0.0000000E+00  0.0000000E+00
    f18     18   0.0000000E+00  0.0000000E+00  0.0000000E+00  0.0000000E+00  0.0000000E+00  0.0000000E+00
    f19     19   2.4898136E-06  3.1073159E-06  6.1750222E-07  9.8613646E-07  1.9598269E-07  7.0171928E-01
    f20     20   0.0000000E+00  0.0000000E+00  0.0000000E+00  0.0000000E+00  0.0000000E+00  0.0000000E+00
   ne19     19   0.0000000E+00  0.0000000E+00  0.0000000E+00  0.0000000E+00  0.0000000E+00  0.0000000E+00
   ne20     20   1.4989637E-06  1.9564524E-03  1.9549534E-03  6.2089891E-04  6.2046252E-04  3.0534709E-04
   ne21     21   2.1968272E-06  7.1174481E-06  4.9206210E-06  2.2587903E-06  1.5617053E-06  1.6027683E-01
   ne22     22   9.2170032E-04  1.0798243E-03  1.5812398E-04  3.4269257E-04  5.0185346E-05  8.3432776E-01
   ne23     23   0.0000000E+00  0.0000000E+00  0.0000000E+00  0.0000000E+00  0.0000000E+00  0.0000000E+00
   na21     21   0.0000000E+00  0.0000000E+00  0.0000000E+00  0.0000000E+00  0.0000000E+00  0.0000000E+00
   na22     22   9.5278718E-14  9.5278718E-14  0.0000000E+00  3.0237613E-14  0.0000000E+00  0.0000000E+00
   na23     23   2.4744426E-05  7.7665965E-05  5.2921539E-05  2.4648038E-05  1.6796224E-05  1.6657069E-01
   na24     24   0.0000000E+00  0.0000000E+00  0.0000000E+00  0.0000000E+00  0.0000000E+00  0.0000000E+00
   mg23     23   0.0000000E+00  0.0000000E+00  0.0000000E+00  0.0000000E+00  0.0000000E+00  0.0000000E+00
   mg24     24  -2.3097848E-05  9.0945017E-04  9.3254802E-04  2.8862272E-04  2.9597184E-04 -1.0919873E-02
   mg25     25   7.5340227E-05  1.9831833E-04  1.2297810E-04  6.2938219E-05  3.9030758E-05  2.0750749E-01
   mg26     26   3.9844424E-05  1.8065916E-04  1.4081474E-04  5.7333913E-05  4.4691740E-05  1.0818432E-01
   mg27     27   0.0000000E+00  0.0000000E+00  0.0000000E+00  0.0000000E+00  0.0000000E+00  0.0000000E+00
   al25     25   0.0000000E+00  0.0000000E+00  0.0000000E+00  0.0000000E+00  0.0000000E+00  0.0000000E+00
   al-6     26   0.0000000E+00  0.0000000E+00  0.0000000E+00  0.0000000E+00  0.0000000E+00  0.0000000E+00
   al*6     26   0.0000000E+00  0.0000000E+00  0.0000000E+00  0.0000000E+00  0.0000000E+00  0.0000000E+00
   al27     27   2.2654713E-05  1.1245078E-04  8.9796071E-05  3.5687332E-05  2.8499451E-05  9.7677588E-02
   al28     28   0.0000000E+00  0.0000000E+00  0.0000000E+00  0.0000000E+00  0.0000000E+00  0.0000000E+00
   si27     27   0.0000000E+00  0.0000000E+00  0.0000000E+00  0.0000000E+00  0.0000000E+00  0.0000000E+00
   si28     28   1.1743046E-05  1.0443181E-03  1.0325750E-03  3.3142432E-04  3.2771836E-04  4.8836283E-03
   si29     29   2.2330278E-06  5.6539357E-05  5.4306329E-05  1.7943306E-05  1.7235727E-05  1.7472863E-02
   si30     30   3.8099679E-06  4.0842337E-05  3.7032369E-05  1.2961706E-05  1.1753322E-05  4.2501550E-02
    p31     31   6.7651581E-07  1.0986436E-05  1.0309920E-05  3.4866505E-06  3.2721596E-06  2.7573919E-02
    p32     32   4.9860077E-33  4.9860077E-33  0.0000000E+00  1.5823572E-33  0.0000000E+00  0.0000000E+00
    p33     33   3.0153340E-33  3.0153340E-33  0.0000000E+00  9.5694506E-34  0.0000000E+00  0.0000000E+00
    s32     32  -3.1033414E-06  4.9171509E-04  4.9481844E-04  1.5605049E-04  1.5704533E-04 -2.7598857E-03
    s33     33   1.5659271E-07  4.2418492E-06  4.0852565E-06  1.3461914E-06  1.2965775E-06  1.6308360E-02
    s34     34   8.3290797E-07  2.4591674E-05  2.3758766E-05  7.8044031E-06  7.5405505E-06  1.4936634E-02
    s35     35  -2.7211944E-24 -2.7211944E-24  0.0000000E+00 -8.6359709E-25  0.0000000E+00  0.0000000E+00
    s36     36   7.4338139E-08  1.9161644E-07  1.1727830E-07  6.0811310E-08  3.7221753E-08  2.1318752E-01
   cl35     35  -4.4610715E-08  5.0313201E-06  5.0759309E-06  1.5967375E-06  1.6109974E-06 -3.8613104E-03
   cl36     36   0.0000000E+00  0.0000000E+00  0.0000000E+00  0.0000000E+00  0.0000000E+00  0.0000000E+00
   cl37     37   3.7732411E-07  2.0923151E-06  1.7149910E-06  6.6401623E-07  5.4430336E-07  8.6337693E-02
   ar36     36  -1.1351440E-06  9.3386137E-05  9.4521281E-05  2.9636984E-05  2.9999139E-05 -5.2747959E-03
   ar37     37   3.0769564E-28  3.0769564E-28  0.0000000E+00  9.7650155E-29  0.0000000E+00  0.0000000E+00
   ar38     38   4.7884168E-07  1.8619618E-05  1.8140776E-05  5.9091140E-06  5.7575144E-06  1.1287324E-02
   ar39     39   3.0251604E-10  3.0251604E-10  0.0000000E+00  9.6006363E-11  0.0000000E+00  0.0000000E+00
   ar40     40   5.9217747E-08  8.9758913E-08  3.0541166E-08  2.8485850E-08  9.6931458E-09  4.6816444E-01
    k39     39   6.1809715E-08  4.9828514E-06  4.9210416E-06  1.5813555E-06  1.5618388E-06  5.3933142E-03
    k40     40  -7.9662327E-10  0.0000000E+00  7.9662327E-10  0.0000000E+00  2.5283206E-10  0.0000000E+00
    k41     41   3.7138790E-08  4.1048170E-07  3.7334291E-07  1.3027029E-07  1.1849146E-07  4.1158341E-02
   ca40     40  -7.4629497E-07  8.4454674E-05  8.5200969E-05  2.6802498E-05  2.7041060E-05 -3.8484351E-03
   ca41     41   0.0000000E+00  0.0000000E+00  0.0000000E+00  0.0000000E+00  0.0000000E+00  0.0000000E+00
   ca42     42   4.0319094E-08  6.3741618E-07  5.9709708E-07  2.0229012E-07  1.8950651E-07  2.8350569E-02
   ca43     43   1.1078413E-08  1.3862989E-07  1.2755147E-07  4.3995520E-08  4.0482252E-08  3.6143813E-02
   ca44     44   1.0048325E-08  2.0268326E-06  2.0167843E-06  6.4323473E-07  6.4008640E-07  2.1308740E-03
   ca45     45  -1.7967403E-21 -1.7967403E-21  0.0000000E+00 -5.7021274E-22  0.0000000E+00  0.0000000E+00
   ca46     46   1.8415534E-08  2.2458615E-08  4.0430796E-09  7.1274560E-09  1.2831914E-09  7.4464309E-01
   ca47     47   4.8565067E-39  4.8565067E-39  0.0000000E+00  1.5412588E-39  0.0000000E+00  0.0000000E+00
   ca48     48  -1.6676438E-10  1.9706448E-07  1.9723124E-07  6.2540295E-08  6.2597195E-08 -3.9494055E-04
   sc45     45   1.3993311E-08  7.0892227E-08  5.6898916E-08  2.2498327E-08  1.8058563E-08  9.5467031E-02
   sc46     46   1.2140477E-30  1.2140477E-30  0.0000000E+00  3.8528967E-31  0.0000000E+00  0.0000000E+00
   sc47     47   3.2088390E-38  3.2088390E-38  0.0000000E+00  1.0183557E-38  0.0000000E+00  0.0000000E+00
   sc48     48  -3.0450758E-32  3.5855992E-29  3.5886442E-29  1.1379242E-29  1.1389629E-29  0.0000000E+00
   ti46     46  -3.6704648E-09  3.4395163E-07  3.4762209E-07  1.0915634E-07  1.1032820E-07 -4.6375785E-03
   ti47     47  -4.1003716E-09  3.1620792E-07  3.2030829E-07  1.0035161E-07  1.0165935E-07 -5.6230067E-03
   ti48     48  -6.1561650E-08  3.1797297E-06  3.2412913E-06  1.0091177E-06  1.0287201E-06 -8.3554257E-03
   ti49     49   2.9089080E-08  2.7190916E-07  2.4282008E-07  8.6292971E-08  7.7066169E-08  4.9111649E-02
   ti50     50   5.8385311E-08  2.9563051E-07  2.3724520E-07  9.3821171E-08  7.5296811E-08  9.5524251E-02
    v51     51  -7.7205868E-09  5.1512649E-07  5.2284707E-07  1.6348032E-07  1.6594106E-07 -6.4883721E-03
   cr52     52  -2.2875793E-07  2.1204309E-05  2.1433067E-05  6.7293904E-06  6.8024206E-06 -4.6877638E-03
   cr53     53  -1.6171043E-08  2.4608919E-06  2.4770629E-06  7.8098759E-07  7.8616949E-07 -2.8720496E-03
   cr54     54   1.8927091E-07  8.1749891E-07  6.2822801E-07  2.5944109E-07  1.9938683E-07  1.1434227E-01
   mn55     55  -3.5564881E-08  1.8682484E-05  1.8718049E-05  5.9290651E-06  5.9407294E-06 -8.5354794E-04
   fe54     54  -2.6163834E-06  1.2071552E-04  1.2333191E-04  3.8310227E-05  3.9143044E-05 -9.3398662E-03
   fe55     55  -8.2765775E-15 -8.2765775E-15  0.0000000E+00 -2.6266511E-15  0.0000000E+00  0.0000000E+00
   fe56     56  -2.5715213E-05  1.9820083E-03  2.0077236E-03  6.2900933E-04  6.3721073E-04 -5.6259963E-03
   fe57     57   5.3408257E-06  5.2536117E-05  4.7195292E-05  1.6672839E-05  1.4978827E-05  4.6531737E-02
   fe58     58   1.3129242E-05  1.9520285E-05  6.3910434E-06  6.1949490E-06  2.0283876E-06  4.8488677E-01
   fe59     59  -3.1857967E-27 -3.1857967E-27  0.0000000E+00 -1.0110430E-27  0.0000000E+00  0.0000000E+00
   fe60     60   0.0000000E+00  0.0000000E+00  0.0000000E+00  0.0000000E+00  0.0000000E+00  0.0000000E+00
   co59     59   4.1221283E-06  9.0509357E-06  4.9288074E-06  2.8724010E-06  1.5643035E-06  2.6392403E-01
   co60     60   5.3775040E-12  5.3775040E-12  0.0000000E+00  1.7066023E-12  0.0000000E+00  0.0000000E+00
   ni58     58  -1.5460391E-06  6.8975438E-05  7.0521477E-05  2.1890015E-05  2.2382086E-05 -9.6545089E-03
   ni59     59   0.0000000E+00  0.0000000E+00  0.0000000E+00  0.0000000E+00  0.0000000E+00  0.0000000E+00
   ni60     60   3.6885322E-06  3.1790296E-05  2.8101764E-05  1.0088955E-05  8.9189307E-06  5.3533383E-02
   ni61     61   9.1153868E-07  2.1534884E-06  1.2419497E-06  6.8343013E-07  3.9416963E-07  2.3901094E-01
   ni62     62   1.5497467E-06  5.5743899E-06  4.0246432E-06  1.7690860E-06  1.2773401E-06  1.4144240E-01
   ni63     63   0.0000000E+00  0.0000000E+00  0.0000000E+00  0.0000000E+00  0.0000000E+00  0.0000000E+00
   ni64     64   9.8321755E-07  2.0412672E-06  1.0580496E-06  6.4781568E-07  3.3580349E-07  2.8536627E-01
   cu63     63   7.8375609E-07  1.6570331E-06  8.7327697E-07  5.2587529E-07  2.7716041E-07  2.7815157E-01
   cu64     64   0.0000000E+00  0.0000000E+00  0.0000000E+00  0.0000000E+00  0.0000000E+00  0.0000000E+00
   cu65     65   1.4605399E-07  5.4763728E-07  4.0158329E-07  1.7379793E-07  1.2745440E-07  1.3468976E-01
   zn64     64  -2.9184662E-08  1.4670054E-06  1.4961901E-06  4.6556821E-07  4.7486037E-07 -8.5826134E-03
   zn65     65  -8.6807427E-21 -8.6807427E-21  0.0000000E+00 -2.7549168E-21  0.0000000E+00  0.0000000E+00
   zn66     66   1.2160456E-07  1.0068050E-06  8.8520039E-07  3.1951919E-07  2.8094465E-07  5.5876184E-02
   zn67     67   2.7648539E-08  1.5970060E-07  1.3205207E-07  5.0682516E-08  4.1910646E-08  8.2533814E-02
   zn68     68   1.5288794E-07  7.6580318E-07  6.1291524E-07  2.4303498E-07  1.9452685E-07  9.6689247E-02
   zn69     69   0.0000000E+00  0.0000000E+00  0.0000000E+00  0.0000000E+00  0.0000000E+00  0.0000000E+00
   zn70     70   8.1753271E-10  2.1680965E-08  2.0863432E-08  6.8806614E-09  6.6216299E-09  1.6665287E-02
   ga69     69   2.1491399E-08  7.7683453E-08  5.6192054E-08  2.4653588E-08  1.7834218E-08  1.4062606E-01
   ga70     70   0.0000000E+00  0.0000000E+00  0.0000000E+00  0.0000000E+00  0.0000000E+00  0.0000000E+00
   ga71     71   1.6987812E-08  5.5361660E-08  3.8373848E-08  1.7569553E-08  1.2179081E-08  1.5914619E-01
   ge70     70   3.1603754E-08  9.4104735E-08  6.2500980E-08  2.9865038E-08  1.9836543E-08  1.7769708E-01
   ge71     71   1.7676026E-33  1.7676026E-33  0.0000000E+00  5.6096560E-34  0.0000000E+00  0.0000000E+00
   ge72     72   2.7591305E-08  1.1254591E-07  8.4954607E-08  3.5717523E-08  2.6962867E-08  1.2211527E-01
   ge73     73   8.2226865E-09  3.2399690E-08  2.4177004E-08  1.0282352E-08  7.6732904E-09  1.2711084E-01
   ge74     74   3.4073409E-08  1.4909816E-07  1.1502475E-07  4.7317727E-08  3.6506520E-08  1.1265342E-01
   as75     75   2.9688216E-09  1.9832433E-08  1.6863611E-08  6.2940120E-09  5.3521680E-09  7.0397809E-02
   se76     76   1.1122134E-08  2.8678688E-08  1.7556554E-08  9.1014556E-09  5.5720939E-09  2.1309242E-01
   se77     77   4.1957255E-09  1.8680488E-08  1.4484763E-08  5.9284315E-09  4.5971698E-09  1.1044925E-01
   se78     78   2.6945422E-08  7.2655943E-08  4.5710522E-08  2.3058059E-08  1.4507592E-08  2.0122740E-01
   se79     79   0.0000000E+00  0.0000000E+00  0.0000000E+00  0.0000000E+00  0.0000000E+00  0.0000000E+00
   se80     80   3.1074897E-08  1.2892306E-07  9.7848165E-08  4.0914966E-08  3.1055023E-08  1.1975036E-01
   br79     79   5.8462000E-09  2.1493673E-08  1.5647473E-08  6.8212227E-09  4.9661901E-09  1.3783887E-01
   br80     80   0.0000000E+00  0.0000000E+00  0.0000000E+00  0.0000000E+00  0.0000000E+00  0.0000000E+00
   br81     81   4.0779238E-09  1.9685164E-08  1.5607240E-08  6.2472751E-09  4.9534217E-09  1.0078534E-01
   kr80     80  -8.6577634E-11  3.6424301E-09  3.7290078E-09  1.1559600E-09  1.1835113E-09 -1.0229613E-02
   kr81     81   0.0000000E+00  0.0000000E+00  0.0000000E+00  0.0000000E+00  0.0000000E+00  0.0000000E+00
   kr82     82   1.4750267E-08  3.3902118E-08  1.9151852E-08  1.0759162E-08  6.0784093E-09  2.4798851E-01
   kr83     83   4.9320921E-09  2.4137075E-08  1.9204982E-08  7.6601312E-09  6.0952723E-09  9.9243082E-02
   kr84     84   3.3356727E-08  1.2914393E-07  9.5787200E-08  4.0985061E-08  3.0400916E-08  1.2973893E-01
   kr-5     85   1.1243916E-15  1.1243916E-15  0.0000000E+00  3.5683643E-16  0.0000000E+00  0.0000000E+00
   kr*5     85   0.0000000E+00  0.0000000E+00  0.0000000E+00  0.0000000E+00  0.0000000E+00  0.0000000E+00
   kr86     86   9.3375242E-08  1.2303227E-07  2.9657022E-08  3.9045467E-08  9.4125365E-09  6.1786395E-01
   rb85     85   1.1484005E-08  2.7030490E-08  1.5546485E-08  8.5783842E-09  4.9341389E-09  2.4019413E-01
   rb86     86   3.6512406E-32  3.6512406E-32  0.0000000E+00  1.1587561E-32  0.0000000E+00  0.0000000E+00
   rb87     87   1.8849651E-08  2.5398066E-08  6.5484160E-09  8.0603195E-09  2.0783344E-09  5.8863688E-01
   sr86     86   6.5808536E-09  1.3835390E-08  7.2545361E-09  4.3907931E-09  2.3024427E-09  2.8035414E-01
   sr87     87   3.2932395E-09  8.4220080E-09  5.1287685E-09  2.6728049E-09  1.6277671E-09  2.1537498E-01
   sr88     88   9.8692013E-08  1.6088809E-07  6.2196079E-08  5.1059374E-08  1.9739774E-08  4.1273329E-01
   sr89     89  -2.5014568E-28 -2.5014568E-28  0.0000000E+00 -7.9386122E-29  0.0000000E+00  0.0000000E+00
   sr90     90   4.4532900E-13  4.4532900E-13  0.0000000E+00  1.4132941E-13  0.0000000E+00  0.0000000E+00
    y89     89   3.1123328E-08  4.5958799E-08  1.4835472E-08  1.4585464E-08  4.7084781E-09  4.9103969E-01
    y90     90   1.1262023E-16  1.1262023E-16  0.0000000E+00  3.5741108E-17  0.0000000E+00  0.0000000E+00
    y91     91  -8.1339571E-28 -8.1339571E-28  0.0000000E+00 -2.5813891E-28  0.0000000E+00  0.0000000E+00
   zr90     90   2.8389627E-08  4.6071253E-08  1.7681627E-08  1.4621153E-08  5.6117897E-09  4.1588023E-01
   zr91     91   8.6573539E-09  1.2556074E-08  3.8987196E-09  3.9847898E-09  1.2373745E-09  5.0790423E-01
   zr92     92   1.6359710E-08  2.2384512E-08  6.0248024E-09  7.1039392E-09  1.9121502E-09  5.6997728E-01
   zr93     93   0.0000000E+00  0.0000000E+00  0.0000000E+00  0.0000000E+00  0.0000000E+00  0.0000000E+00
   zr94     94   2.1248756E-08  2.7487156E-08  6.2384005E-09  8.7233119E-09  1.9799418E-09  6.4402902E-01
   zr95     95  -1.8776387E-26 -1.8776387E-26  0.0000000E+00 -5.9588662E-27  0.0000000E+00  0.0000000E+00
   zr96     96   1.4195291E-08  1.5221710E-08  1.0264191E-09  4.8307554E-09  3.2576458E-10  1.1711112E+00
   nb93     93   6.3048411E-09  8.9987608E-09  2.6939198E-09  2.8558429E-09  8.5499552E-10  5.2377045E-01
   nb94     94   7.5636236E-16  7.5636236E-16  0.0000000E+00  2.4003884E-16  0.0000000E+00  0.0000000E+00
   nb95     95  -2.2627923E-26 -2.2627923E-26  0.0000000E+00 -7.1811880E-27  0.0000000E+00  0.0000000E+00
   mo94     94  -1.9746926E-11  8.2454199E-10  8.4428892E-10  2.6167629E-10  2.6796015E-10 -1.0305841E-02
   mo95     95   4.8127844E-09  6.2895733E-09  1.4767888E-09  1.9960562E-09  4.6870280E-10  6.2927526E-01
   mo96     96   8.0659222E-09  9.6368158E-09  1.5708937E-09  3.0583356E-09  4.9856980E-10  7.8775918E-01
   mo97     97   2.5393110E-09  3.4531911E-09  9.1387997E-10  1.0959033E-09  2.9004696E-10  5.7730389E-01
   mo98     98   5.6801266E-09  8.0262783E-09  2.3461519E-09  2.5472162E-09  7.4462103E-10  5.3413051E-01
   tc99     99   0.0000000E+00  0.0000000E+00  0.0000000E+00  0.0000000E+00  0.0000000E+00  0.0000000E+00
   ru99     99   6.5892358E-10  1.4781010E-09  8.1917739E-10  4.6908949E-10  2.5999028E-10  2.5629857E-01
  ru100    100   2.1826716E-09  2.9997427E-09  8.1707113E-10  9.5199704E-10  2.5932181E-10  5.6479657E-01
  ru101    101   4.2525128E-10  1.5426131E-09  1.1173619E-09  4.8956306E-10  3.5462799E-10  1.4003561E-01
  ru102    102   2.5836879E-09  4.6705133E-09  2.0868254E-09  1.4822321E-09  6.6231598E-10  3.4985101E-01
  rh103    103   3.9249715E-10  1.7251907E-09  1.3326935E-09  5.4750576E-10  4.2296988E-10  1.1207926E-01
  pd104    104   1.3555167E-09  1.9387130E-09  5.8319627E-10  6.1526911E-10  1.8509468E-10  5.2167118E-01
  pd105    105   3.0775915E-10  1.4879968E-09  1.1802377E-09  4.7223003E-10  3.7458353E-10  1.0060494E-01
  pd106    106   1.5228919E-09  2.9811615E-09  1.4582696E-09  9.4610009E-10  4.6282517E-10  3.1052014E-01
  pd107    107   0.0000000E+00  0.0000000E+00  0.0000000E+00  0.0000000E+00  0.0000000E+00  0.0000000E+00
  pd108    108   1.9569901E-09  3.3954795E-09  1.4384894E-09  1.0775879E-09  4.5654736E-10  3.7296689E-01
  ag107    107   2.7735425E-10  1.2680376E-09  9.9068331E-10  4.0242384E-10  3.1442277E-10  1.0716972E-01
  ag108    108   0.0000000E+00  0.0000000E+00  0.0000000E+00  0.0000000E+00  0.0000000E+00  0.0000000E+00
  ag109    109   4.6521298E-10  1.4027977E-09  9.3758468E-10  4.4519124E-10  2.9757036E-10  1.7495695E-01
  cd108    108  -5.6763969E-13  5.4984885E-11  5.5552524E-11  1.7449979E-11  1.7631244E-11 -4.4880519E-03
  cd109    109  -3.8098854E-24 -3.8098854E-24  0.0000000E+00 -1.2091036E-24  0.0000000E+00  0.0000000E+00
  cd110    110   1.7508850E-09  2.5449358E-09  7.9405083E-10  8.0765972E-10  2.5201560E-10  5.0580096E-01
  cd111    111   5.5952248E-10  1.3806724E-09  8.2114987E-10  4.3816958E-10  2.6061631E-10  2.2564064E-01
  cd112    112   2.3174920E-09  3.8794408E-09  1.5619489E-09  1.2311776E-09  4.9573090E-10  3.9507473E-01
  cd113    113   6.7305722E-10  1.4711240E-09  7.9806678E-10  4.6687526E-10  2.5329019E-10  2.6558247E-01
  cd114    114   3.6622470E-09  5.5551586E-09  1.8929116E-09  1.7629828E-09  6.0077171E-10  4.6753860E-01
  in115    115   6.9319067E-10  1.4069449E-09  7.1375422E-10  4.4650741E-10  2.2653111E-10  2.9470083E-01
  sn116    116   5.7211196E-09  7.9542204E-09  2.2331008E-09  2.5243478E-09  7.0874095E-10  5.5166173E-01
  sn117    117   1.6840613E-09  2.8737661E-09  1.1897048E-09  9.1201718E-10  3.7758816E-10  3.8298464E-01
  sn118    118   9.4633572E-09  1.3091118E-08  3.6277614E-09  4.1545918E-09  1.1513779E-09  5.5731046E-01
  sn119    119   2.7644282E-09  4.1178518E-09  1.3534237E-09  1.3068396E-09  4.2954923E-10  4.8320937E-01
  sn120    120   1.7252013E-08  2.2428342E-08  5.1763278E-09  7.1178490E-09  1.6428614E-09  6.3674784E-01
  sb121    121   1.2176926E-09  2.0159556E-09  7.9826307E-10  6.3978278E-10  2.5335251E-10  4.0230733E-01
  te122    122   2.1855644E-09  2.7161868E-09  5.3062243E-10  8.6200785E-10  1.6840879E-10  7.0914650E-01
  te123    123   7.9890750E-10  9.8562547E-10  1.8671795E-10  3.1279768E-10  5.9260492E-11  7.2249824E-01
  te124    124   4.2558037E-09  5.2583267E-09  1.0025228E-09  1.6687802E-09  3.1818043E-10  7.1972573E-01
  te125    125   1.3942627E-09  2.9016385E-09  1.5073758E-09  9.2086272E-10  4.7841048E-10  2.8439420E-01
  te126    126   8.2817060E-09  1.2330673E-08  4.0489678E-09  3.9132573E-09  1.2850603E-09  4.8361489E-01
   i127    127   9.6771569E-10  6.0456880E-09  5.0779723E-09  1.9186570E-09  1.6116454E-09  7.5727843E-02
   i128    128   0.0000000E+00  0.0000000E+00  0.0000000E+00  0.0000000E+00  0.0000000E+00  0.0000000E+00
   i129    129   3.5612151E-12  3.5612151E-12  0.0000000E+00  1.1301857E-12  0.0000000E+00  0.0000000E+00
  xe128    128   2.6512574E-09  3.1997294E-09  5.4847199E-10  1.0154647E-09  1.7407388E-10  7.6593125E-01
  xe129    129   8.5627327E-10  7.7416544E-09  6.8853812E-09  2.4568880E-09  2.1852804E-09  5.0878204E-02
  xe130    130   5.3934799E-09  6.5075429E-09  1.1140632E-09  2.0652311E-09  3.5358105E-10  7.6647967E-01
  xe131    131   1.9614741E-09  7.5266611E-09  5.5651870E-09  2.3886579E-09  1.7662775E-09  1.3109504E-01
  xe132    132   1.1022599E-08  1.7876602E-08  6.8540027E-09  5.6733107E-09  2.1753215E-09  4.1631311E-01
  xe133    133   5.0430360E-37  5.0430360E-37  0.0000000E+00  1.6004557E-37  0.0000000E+00  0.0000000E+00
  xe134    134   9.3349444E-09  1.1904007E-08  2.5690625E-09  3.7778505E-09  8.1536833E-10  6.6589093E-01
  cs133    133   1.4869543E-09  3.2889105E-09  1.8019561E-09  1.0437672E-09  5.7190430E-10  2.6128030E-01
  cs134    134   3.0441872E-18  3.0441872E-18  0.0000000E+00  9.6610198E-19  0.0000000E+00  0.0000000E+00
  cs135    135   0.0000000E+00  0.0000000E+00  0.0000000E+00  0.0000000E+00  0.0000000E+00  0.0000000E+00
  cs136    136   1.8895742E-34  1.8895742E-34  0.0000000E+00  5.9967448E-35  0.0000000E+00  0.0000000E+00
  cs137    137   0.0000000E+00  0.0000000E+00  0.0000000E+00  0.0000000E+00  0.0000000E+00  0.0000000E+00
  ba134    134   3.3738410E-09  3.9262602E-09  5.5241922E-10  1.2460363E-09  1.7532664E-10  8.5168278E-01
  ba135    135   3.7551917E-09  5.2730869E-09  1.5178951E-09  1.6734646E-09  4.8174914E-10  5.4079556E-01
  ba136    136   1.0596445E-08  1.2418331E-08  1.8218856E-09  3.9410764E-09  5.7822958E-10  8.3351457E-01
  ba137    137   1.8421526E-08  2.1046162E-08  2.6246367E-09  6.6792007E-09  8.3300644E-10  9.0407616E-01
  ba138    138   1.4927681E-07  1.6615323E-07  1.6876418E-08  5.2730318E-08  5.3562323E-09  9.9320096E-01
  la139    139   1.8502265E-08  2.0817076E-08  2.3148112E-09  6.6064980E-09  7.3467410E-10  9.5387661E-01
  ce140    140   5.7385776E-08  6.2691115E-08  5.3053388E-09  1.9895625E-08  1.6838070E-09  1.0724653E+00
  ce141    141   3.2920260E-32  3.2920260E-32  0.0000000E+00  1.0447559E-32  0.0000000E+00  0.0000000E+00
  ce142    142   8.1418943E-09  8.8180636E-09  6.7616973E-10  2.7984968E-09  2.1460257E-10  1.1152899E+00
  pr141    141   6.1547349E-09  7.0690840E-09  9.1434893E-10  2.2434414E-09  2.9019581E-10  8.8822365E-01
  nd142    142   1.1548856E-08  1.2768552E-08  1.2196958E-09  4.0522221E-09  3.8710671E-10  1.0198625E+00
  nd143    143   2.4657585E-09  3.0118281E-09  5.4606969E-10  9.5583241E-10  1.7331146E-10  7.4155450E-01
  nd144    144   7.4096538E-09  8.4949132E-09  1.0852595E-09  2.6959419E-09  3.4443937E-10  8.9359772E-01
  nd145    145   1.4013518E-09  1.8049262E-09  4.0357440E-10  5.7281058E-10  1.2808633E-10  6.5050822E-01
  nd146    146   6.6657044E-09  7.4600441E-09  7.9433965E-10  2.3675164E-09  2.5210731E-10  9.7270757E-01
  nd147    147   9.8357309E-35  9.8357309E-35  0.0000000E+00  3.1214633E-35  0.0000000E+00  0.0000000E+00
  nd148    148   1.1808944E-09  1.4495811E-09  2.6868677E-10  4.6003842E-10  8.5275731E-11  7.3196864E-01
  pm147    147  -1.9913289E-19 -1.9913289E-19  0.0000000E+00 -6.3196728E-20  0.0000000E+00  0.0000000E+00
  pm148    148   0.0000000E+00  0.0000000E+00  0.0000000E+00  0.0000000E+00  0.0000000E+00  0.0000000E+00
  sm147    147   8.0047796E-10  1.0167560E-09  2.1627806E-10  3.2267725E-10  6.8642272E-11  6.7217672E-01
  sm148    148   1.5566842E-09  1.7199595E-09  1.6327530E-10  5.4584559E-10  5.1820267E-11  1.0225701E+00
  sm149    149   3.0916525E-10  5.1127558E-10  2.0211034E-10  1.6225819E-10  6.4145723E-11  4.0303895E-01
  sm150    150   1.4898478E-09  1.5985008E-09  1.0865298E-10  5.0729954E-10  3.4484252E-11  1.1676437E+00
  sm151    151   6.5417168E-14  6.5417168E-14  0.0000000E+00  2.0760764E-14  0.0000000E+00  0.0000000E+00
  sm152    152   1.3459969E-09  1.7450867E-09  3.9908984E-10  5.5381999E-10  1.2666303E-10  6.4071876E-01
  eu151    151   2.1825006E-10  4.8151300E-10  2.6326294E-10  1.5281276E-10  8.3554309E-11  2.6219076E-01
  eu152    152  -1.5892791E-18 -1.5892791E-18  0.0000000E+00 -5.0437291E-19  0.0000000E+00  0.0000000E+00
  eu153    153   2.5407496E-10  5.4526322E-10  2.9118827E-10  1.7304450E-10  9.2417254E-11  2.7240473E-01
  eu154    154   1.1437042E-17  1.1437042E-17  0.0000000E+00  3.6296545E-18  0.0000000E+00  0.0000000E+00
  eu155    155   1.5639405E-17  1.5639405E-17  0.0000000E+00  4.9633145E-18  0.0000000E+00  0.0000000E+00
  gd152    152   3.0101789E-13  4.1449036E-12  3.8438857E-12  1.3154248E-12  1.2199714E-12  3.2716367E-02
  gd153    153  -1.6575438E-28 -1.6575438E-28  0.0000000E+00 -5.2603737E-29  0.0000000E+00  0.0000000E+00
  gd154    154   6.0801936E-10  6.5046935E-10  4.2449988E-11  2.0643266E-10  1.3472765E-11  1.1853217E+00
  gd155    155   2.4404886E-10  5.3411148E-10  2.9006261E-10  1.6950538E-10  9.2059992E-11  2.6511255E-01
  gd156    156   9.8490771E-10  1.3886761E-09  4.0376830E-10  4.4070964E-10  1.2814787E-10  5.3644115E-01
  gd157    157   4.7332327E-10  7.8399526E-10  3.1067196E-10  2.4880839E-10  9.8600975E-11  4.0198383E-01
  gd158    158   1.8815776E-09  2.3778317E-09  4.9625404E-10  7.5462764E-10  1.5750097E-10  6.8044949E-01
  gd159    159   0.0000000E+00  0.0000000E+00  0.0000000E+00  0.0000000E+00  0.0000000E+00  0.0000000E+00
  gd160    160   1.7316643E-10  6.1541505E-10  4.4224863E-10  1.9530785E-10  1.4036075E-10  1.4347401E-01
  tb159    159   4.0289175E-10  7.7725637E-10  3.7436462E-10  2.4666974E-10  1.1881574E-10  3.1724191E-01
  tb160    160  -1.1004352E-27 -1.1004352E-27  0.0000000E+00 -3.4923362E-28  0.0000000E+00  0.0000000E+00
  tb161    161   7.2210663E-37  7.2210663E-37  0.0000000E+00  2.2916745E-37  0.0000000E+00  0.0000000E+00
  dy160    160   6.7492489E-10  7.3157264E-10  5.6647742E-11  2.3217157E-10  1.7978844E-11  1.1110473E+00
  dy161    161   3.2310507E-10  7.8541407E-10  4.6230900E-10  2.4925867E-10  1.4672751E-10  2.3013873E-01
  dy162    162   1.4119189E-09  2.0392963E-09  6.2737737E-10  6.4719019E-10  1.9911686E-10  5.1192391E-01
  dy163    163   6.0737732E-10  1.2242743E-09  6.1689703E-10  3.8853518E-10  1.9579061E-10  2.9763851E-01
  dy164    164   2.9695317E-09  3.6740697E-09  7.0453804E-10  1.1660012E-09  2.2360609E-10  7.1721536E-01
  ho165    165   5.4996036E-10  1.0987141E-09  5.4875376E-10  3.4868744E-10  1.7416331E-10  3.0147967E-01
  er166    166   1.2483374E-09  1.7696399E-09  5.2130239E-10  5.6161215E-10  1.6545082E-10  5.3076756E-01
  er167    167   5.1073029E-10  8.6870666E-10  3.5797637E-10  2.7569236E-10  1.1361444E-10  3.8499120E-01
  er168    168   1.9415303E-09  2.3663544E-09  4.2482409E-10  7.5098522E-10  1.3483055E-10  7.4584305E-01
  er169    169   3.9591252E-35  3.9591252E-35  0.0000000E+00  1.2564663E-35  0.0000000E+00  0.0000000E+00
  er170    170   8.5393526E-10  1.0915202E-09  2.3758498E-10  3.4640438E-10  7.5404655E-11  6.6218519E-01
  tm169    169   4.8730575E-10  7.3836648E-10  2.5106076E-10  2.3432767E-10  7.9681595E-11  4.6846557E-01
  tm170    170  -7.0905343E-25 -7.0905343E-25  0.0000000E+00 -2.2502489E-25  0.0000000E+00  0.0000000E+00
  tm171    171   7.8373494E-18  7.8373494E-18  0.0000000E+00  2.4872579E-18  0.0000000E+00  0.0000000E+00
  yb170    170   6.1723410E-10  6.6471845E-10  4.7484325E-11  2.1095475E-10  1.5070561E-11  1.1460599E+00
  yb171    171   9.7679498E-10  1.2026352E-09  2.2584026E-10  3.8166778E-10  7.1677116E-11  7.2630501E-01
  yb172    172   2.5035674E-09  2.8532687E-09  3.4970141E-10  9.0551211E-10  1.1098814E-10  9.1161770E-01
  yb173    173   1.1389288E-09  1.4000032E-09  2.6107441E-10  4.4430443E-10  8.2859719E-11  7.2933722E-01
  yb174    174   4.9021853E-09  5.4245732E-09  5.2238774E-10  1.7215402E-09  1.6579528E-10  1.0163450E+00
  lu175    175   6.3909955E-10  8.7487861E-10  2.3577906E-10  2.7765110E-10  7.4831488E-11  5.6941503E-01
  lu176    176   4.8001370E-10  4.8689591E-10  6.8822118E-12  1.5452108E-10  2.1842742E-12  1.8496805E+00
  lu177    177   2.8775480E-36  2.8775480E-36  0.0000000E+00  9.1321738E-37  0.0000000E+00  0.0000000E+00
  hf176    176  -1.3844897E-12  5.1571171E-11  5.2955661E-11  1.6366604E-11  1.6807052E-11 -1.1532967E-02
  hf177    177   5.1625920E-10  7.0659539E-10  1.9033618E-10  2.2424480E-10  6.0408838E-11  5.6962192E-01
  hf178    178   2.3633620E-09  2.6441733E-09  2.8081129E-10  8.3915369E-10  8.9123812E-11  9.7384775E-01
  hf179    179   8.3440566E-10  9.7540276E-10  1.4099708E-10  3.0955338E-10  4.4749610E-11  8.3994627E-01
  hf180    180   4.5635646E-09  4.9287090E-09  3.6514433E-10  1.5641729E-09  1.1588940E-10  1.1302410E+00
  hf181    181  -5.6837207E-31 -5.6837207E-31  0.0000000E+00 -1.8037832E-31  0.0000000E+00  0.0000000E+00
  hf182    182   1.8979929E-09  1.8979929E-09  0.0000000E+00  6.0234617E-10  0.0000000E+00  0.0000000E+00
  ta181    181   1.1471943E-09  1.3019041E-09  1.5470986E-10  4.1317175E-10  4.9101771E-11  9.2503345E-01
  ta182    182   1.7413909E-17  1.7413909E-17  0.0000000E+00  5.5264706E-18  0.0000000E+00  0.0000000E+00
  ta183    183   6.7886750E-38  6.7886750E-38  0.0000000E+00  2.1544510E-38  0.0000000E+00  0.0000000E+00
   w182    182   1.9044848E-09  2.1472639E-09  2.4277907E-10  6.8145473E-10  7.7053156E-11  9.4664657E-01
   w183    183   1.5096623E-09  1.6414838E-09  1.3182155E-10  5.2094062E-10  4.1837488E-11  1.0952226E+00
   w184    184   3.5593619E-09  3.8431520E-09  2.8379016E-10  1.2196610E-09  9.0069244E-11  1.1316626E+00
   w185    185  -1.9653474E-26 -1.9653474E-26  0.0000000E+00 -6.2372181E-27  0.0000000E+00  0.0000000E+00
   w186    186   1.7637554E-09  2.0299391E-09  2.6618371E-10  6.4422062E-10  8.4481318E-11  8.8227391E-01
  re185    185   6.9528922E-10  8.3057972E-10  1.3529049E-10  2.6359243E-10  4.2938458E-11  7.8808647E-01
  re186    186   1.4315588E-38  1.4315588E-38  0.0000000E+00  4.5431890E-39  0.0000000E+00  0.0000000E+00
  re187    187   3.8916639E-10  6.3588457E-10  2.4671817E-10  2.0180405E-10  7.8303343E-11  4.1114956E-01
  os186    186   1.2919420E-09  1.3669276E-09  7.4985580E-11  4.3380755E-10  2.3798902E-11  1.2607402E+00
  os187    187   3.5177333E-10  4.1173556E-10  5.9962230E-11  1.3066823E-10  1.9030796E-11  8.3671302E-01
  os188    188   2.7621225E-09  3.3946841E-09  6.3256150E-10  1.0773354E-09  2.0076218E-10  7.2966903E-01
  os189    189   5.5273386E-10  1.3280814E-09  7.7534756E-10  4.2147935E-10  2.4607960E-10  2.3370068E-01
  os190    190   2.6684610E-09  3.9360288E-09  1.2675677E-09  1.2491363E-09  4.0230028E-10  4.9205953E-01
  os191    191   1.6414842E-33  1.6414842E-33  0.0000000E+00  5.2094071E-34  0.0000000E+00  0.0000000E+00
  os192    192   6.7462436E-10  2.6640097E-09  1.9893853E-09  8.4544893E-10  6.3139055E-10  1.2678932E-01
  ir191    191   4.7933213E-10  2.1567352E-09  1.6774031E-09  6.8446054E-10  5.3237376E-10  1.0913178E-01
  ir192    192  -3.0110439E-28 -3.0110439E-28  0.0000000E+00 -9.5558360E-29  0.0000000E+00  0.0000000E+00
  ir193    193   5.8637362E-10  3.4355498E-09  2.8491762E-09  1.0903046E-09  9.0427077E-10  8.1249364E-02
  pt192    192   6.4863237E-10  7.1916534E-10  7.0532941E-11  2.2823400E-10  2.2385725E-11  1.0084091E+00
  pt193    193   1.4290699E-14  1.4290699E-14  0.0000000E+00  4.5352901E-15  0.0000000E+00  0.0000000E+00
  pt194    194   2.1115745E-09  5.1160867E-09  3.0045122E-09  1.6236390E-09  9.5357122E-10  2.3113637E-01
  pt195    195   8.2021123E-10  3.9195522E-09  3.0993410E-09  1.2439074E-09  9.8366804E-10  1.0193952E-01
  pt196    196   3.7461705E-09  6.0703709E-09  2.3242002E-09  1.9264903E-09  7.3765399E-10  4.1691414E-01
  au197    197   1.2105957E-09  2.6113494E-09  1.4007536E-09  8.2873669E-10  4.4457080E-10  2.7047566E-01
  hg198    198   4.2209960E-09  4.5500457E-09  3.2904954E-10  1.4440005E-09  1.0443365E-10  1.1407269E+00
  hg199    199   1.8546780E-09  2.4142541E-09  5.5957622E-10  7.6618667E-10  1.7759814E-10  6.3489616E-01
  hg200    200   6.1918524E-09  6.9619186E-09  7.7006629E-10  2.2094315E-09  2.4440344E-10  9.5617324E-01
  hg201    201   2.5860554E-09  3.0276150E-09  4.4155959E-10  9.6084263E-10  1.4014206E-10  8.3608377E-01
  hg202    202   1.0020293E-08  1.1025666E-08  1.0053727E-09  3.4991006E-09  3.1908490E-10  1.0400501E+00
  tl203    203   5.4467062E-09  5.8444058E-09  3.9769971E-10  1.8547781E-09  1.2622182E-10  1.1671575E+00
  tl204    204  -4.5701668E-16 -4.5701668E-16  0.0000000E+00 -1.4503862E-16  0.0000000E+00  0.0000000E+00
  tl205    205   1.1140994E-08  1.2099717E-08  9.5872277E-10  3.8399608E-09  3.0427916E-10  1.1010545E+00
  pb204    204   4.2204835E-09  4.7238728E-09  5.0338955E-10  1.4991662E-09  1.5976563E-10  9.7236645E-01
  pb205    205   0.0000000E+00  0.0000000E+00  0.0000000E+00  0.0000000E+00  0.0000000E+00  0.0000000E+00
  pb206    206   4.4810882E-08  4.9540752E-08  4.7298703E-09  1.5722232E-08  1.5011649E-09  1.0200858E+00
  pb207    207   6.1881543E-08  6.7141087E-08  5.2595470E-09  2.1307866E-08  1.6692735E-09  1.1060125E+00
  pb208    208   1.3347039E-07  1.4859755E-07  1.5127160E-08  4.7158853E-08  4.8010542E-09  9.9222660E-01
  bi209    209   2.3451545E-09  3.3972190E-09  1.0520644E-09  1.0781399E-09  3.3390390E-10  5.0905365E-01
  bi210    210   0.0000000E+00  0.0000000E+00  0.0000000E+00  0.0000000E+00  0.0000000E+00  0.0000000E+00
  po210    210   0.0000000E+00  0.0000000E+00  0.0000000E+00  0.0000000E+00  0.0000000E+00  0.0000000E+00
