  species    A      yield       mass(i)_lost    mass(i)_0        <X(i)>          X0(i)   log10(<X(i)>/X0(i)) 
      n      1   0.0000000E+00  0.0000000E+00  0.0000000E+00  0.0000000E+00  0.0000000E+00  0.0000000E+00
      p      1  -3.2748890E-01  2.6809292E+00  3.0084181E+00  6.5308869E-01  7.3292029E-01 -5.0084572E-02
      d      2   2.0099854E-17  2.0099854E-17  0.0000000E+00  4.8964319E-18  0.0000000E+00  0.0000000E+00
    he3      3   7.5458438E-08  7.5458438E-08  0.0000000E+00  1.8382080E-08  0.0000000E+00  0.0000000E+00
    he4      4   2.7938938E-01  1.3464954E+00  1.0671060E+00  3.2801348E-01  2.5997174E-01  1.0096555E-01
    li7      7  -1.8474713E-08  1.9964203E-10  1.8674355E-08  4.8633868E-11  4.5495052E-09 -1.9710253E+00
    be7      7   6.7420781E-13  6.7420781E-13  0.0000000E+00  1.6424064E-13  0.0000000E+00  0.0000000E+00
     b8      8   2.0872166E-26  2.0872166E-26  0.0000000E+00  5.0845714E-27  0.0000000E+00  0.0000000E+00
    c12     12  -7.1920175E-04  4.4223615E-03  5.1415632E-03  1.0773110E-03  1.2526038E-03 -6.5472648E-02
    c13     13   6.4900471E-04  7.1131036E-04  6.2305655E-05  1.7327901E-04  1.5179100E-05  1.0574999E+00
    c14     14   5.5039320E-09  5.5039320E-09  0.0000000E+00  1.3407874E-09  0.0000000E+00  0.0000000E+00
    n13     13   0.0000000E+00  0.0000000E+00  0.0000000E+00  0.0000000E+00  0.0000000E+00  0.0000000E+00
    n14     14   4.9246915E-02  5.0767064E-02  1.5201500E-03  1.2367128E-02  3.7034374E-04  1.5236639E+00
    n15     15  -2.6970847E-06  1.0472263E-06  3.7443110E-06  2.5510994E-07  9.1220090E-07 -5.5336320E-01
    o14     14   0.0000000E+00  0.0000000E+00  0.0000000E+00  0.0000000E+00  0.0000000E+00  0.0000000E+00
    o15     15   0.0000000E+00  0.0000000E+00  0.0000000E+00  0.0000000E+00  0.0000000E+00  0.0000000E+00
    o16     16  -3.7873490E-03  8.6281840E-03  1.2415533E-02  2.1018719E-03  3.0247113E-03 -1.5807767E-01
    o17     17   1.7215392E-05  2.2227137E-05  5.0117455E-06  5.4146499E-06  1.2209773E-06  6.4686280E-01
    o18     18  -2.7929133E-05  5.8159770E-09  2.7934948E-05  1.4168031E-09  6.8055997E-06 -3.6815569E+00
    o19     19   0.0000000E+00  0.0000000E+00  0.0000000E+00  0.0000000E+00  0.0000000E+00  0.0000000E+00
    f17     17   0.0000000E+00  0.0000000E+00  0.0000000E+00  0.0000000E+00  0.0000000E+00  0.0000000E+00
    f18     18   2.5988201E-40  2.5988201E-40  0.0000000E+00  6.3309263E-41  0.0000000E+00  0.0000000E+00
    f19     19  -2.0777520E-07  5.9667497E-07  8.0445017E-07  1.4535321E-07  1.9598269E-07 -1.2979309E-01
    f20     20   0.0000000E+00  0.0000000E+00  0.0000000E+00  0.0000000E+00  0.0000000E+00  0.0000000E+00
   ne19     19   0.0000000E+00  0.0000000E+00  0.0000000E+00  0.0000000E+00  0.0000000E+00  0.0000000E+00
   ne20     20   1.6550068E-05  2.5633625E-03  2.5468124E-03  6.2444882E-04  6.2046252E-04  2.7812719E-03
   ne21     21  -5.2090527E-06  1.2012786E-06  6.4103315E-06  2.9263791E-07  1.5617053E-06 -7.2726852E-01
   ne22     22   2.0370858E-03  2.2430816E-03  2.0599579E-04  5.4642669E-04  5.0185346E-05  1.0369550E+00
   ne23     23   0.0000000E+00  0.0000000E+00  0.0000000E+00  0.0000000E+00  0.0000000E+00  0.0000000E+00
   na21     21   0.0000000E+00  0.0000000E+00  0.0000000E+00  0.0000000E+00  0.0000000E+00  0.0000000E+00
   na22     22   1.0391445E-10  1.0391445E-10  0.0000000E+00  2.5314115E-11  0.0000000E+00  0.0000000E+00
   na23     23   5.9569436E-05  1.2851290E-04  6.8943460E-05  3.1306430E-05  1.6796224E-05  2.7042189E-01
   na24     24   4.7154826E-36  4.7154826E-36  0.0000000E+00  1.1487169E-36  0.0000000E+00  0.0000000E+00
   mg23     23   0.0000000E+00  0.0000000E+00  0.0000000E+00  0.0000000E+00  0.0000000E+00  0.0000000E+00
   mg24     24  -1.1208083E-04  1.1027948E-03  1.2148756E-03  2.6864672E-04  2.9597184E-04 -4.2068843E-02
   mg25     25   3.3529685E-04  4.9550639E-04  1.6020954E-04  1.2070801E-04  3.9030758E-05  4.9032915E-01
   mg26     26   2.3711186E-04  4.2055806E-04  1.8344620E-04  1.0245020E-04  4.4691740E-05  3.6028555E-01
   mg27     27   0.0000000E+00  0.0000000E+00  0.0000000E+00  0.0000000E+00  0.0000000E+00  0.0000000E+00
   al25     25   0.0000000E+00  0.0000000E+00  0.0000000E+00  0.0000000E+00  0.0000000E+00  0.0000000E+00
   al-6     26   0.0000000E+00  0.0000000E+00  0.0000000E+00  0.0000000E+00  0.0000000E+00  0.0000000E+00
   al*6     26   0.0000000E+00  0.0000000E+00  0.0000000E+00  0.0000000E+00  0.0000000E+00  0.0000000E+00
   al27     27   5.4329736E-05  1.7131143E-04  1.1698170E-04  4.1732383E-05  2.8499451E-05  1.6563669E-01
   al28     28   0.0000000E+00  0.0000000E+00  0.0000000E+00  0.0000000E+00  0.0000000E+00  0.0000000E+00
   si27     27   0.0000000E+00  0.0000000E+00  0.0000000E+00  0.0000000E+00  0.0000000E+00  0.0000000E+00
   si28     28   3.8193655E-05  1.3833793E-03  1.3451857E-03  3.3699861E-04  3.2771836E-04  1.2127358E-02
   si29     29   8.4112035E-06  7.9158694E-05  7.0747490E-05  1.9283481E-05  1.7235727E-05  4.8755854E-02
   si30     30   1.4589306E-05  6.2833169E-05  4.8243863E-05  1.5306498E-05  1.1753322E-05  1.1471521E-01
    p31     31   2.8200548E-06  1.6251288E-05  1.3431233E-05  3.9589008E-06  3.2721596E-06  8.2740158E-02
    p32     32   7.2441019E-28  7.2441019E-28  0.0000000E+00  1.7647020E-28  0.0000000E+00  0.0000000E+00
    p33     33   2.7696047E-28  2.7696047E-28  0.0000000E+00  6.7469057E-29  0.0000000E+00  0.0000000E+00
    s32     32  -9.5505966E-06  6.3507340E-04  6.4462400E-04  1.5470729E-04  1.5704533E-04 -6.5142540E-03
    s33     33   2.4124438E-07  5.5633063E-06  5.3220620E-06  1.3552512E-06  1.2965775E-06  1.9221339E-02
    s34     34   2.4480796E-06  3.3399778E-05  3.0951698E-05  8.1363651E-06  7.5405505E-06  3.3027392E-02
    s35     35   4.8626620E-21  4.8626620E-21  0.0000000E+00  1.1845705E-21  0.0000000E+00  0.0000000E+00
    s36     36   2.5382076E-07  4.0660490E-07  1.5278414E-07  9.9051128E-08  3.7221753E-08  4.2506263E-01
   cl35     35  -9.9154931E-08  6.5135059E-06  6.6126609E-06  1.5867249E-06  1.6109974E-06 -6.5931980E-03
   cl36     36   0.0000000E+00  0.0000000E+00  0.0000000E+00  0.0000000E+00  0.0000000E+00  0.0000000E+00
   cl37     37   8.5637885E-07  3.0905808E-06  2.2342019E-06  7.5288204E-07  5.4430336E-07  1.4088593E-01
   ar36     36  -3.0758601E-06  1.2006160E-04  1.2313746E-04  2.9247649E-05  2.9999139E-05 -1.1017836E-02
   ar37     37   5.3324107E-23  5.3324107E-23  0.0000000E+00  1.2990038E-23  0.0000000E+00  0.0000000E+00
   ar38     38   1.2779146E-06  2.4910783E-05  2.3632869E-05  6.0684001E-06  5.7575144E-06  2.2839196E-02
   ar39     39   8.3249746E-10  8.3249746E-10  0.0000000E+00  2.0280085E-10  0.0000000E+00  0.0000000E+00
   ar40     40   2.7714938E-07  3.1693685E-07  3.9787459E-08  7.7207517E-08  9.6931458E-09  9.0119481E-01
    k39     39   2.3996654E-07  6.6508464E-06  6.4108799E-06  1.6201818E-06  1.5618388E-06  1.5927581E-02
    k40     40  -1.0377997E-09  0.0000000E+00  1.0377997E-09  0.0000000E+00  2.5283206E-10  0.0000000E+00
    k41     41   7.0995725E-08  5.5736768E-07  4.8637196E-07  1.3577775E-07  1.1849146E-07  5.9141576E-02
   ca40     40  -2.1652741E-06  1.0883017E-04  1.1099545E-04  2.6511612E-05  2.7041060E-05 -8.5875774E-03
   ca41     41   0.0000000E+00  0.0000000E+00  0.0000000E+00  0.0000000E+00  0.0000000E+00  0.0000000E+00
   ca42     42   9.3503161E-08  8.7137056E-07  7.7786740E-07  2.1227054E-07  1.8950651E-07  4.9265586E-02
   ca43     43   2.8175251E-08  1.9434275E-07  1.6616750E-07  4.7342933E-08  4.0482252E-08  6.7990489E-02
   ca44     44   4.7106823E-08  2.6744697E-06  2.6273628E-06  6.5151517E-07  6.4008640E-07  7.6859347E-03
   ca45     45   4.8075768E-19  4.8075768E-19  0.0000000E+00  1.1711515E-19  0.0000000E+00  0.0000000E+00
   ca46     46   7.4089371E-08  7.9356489E-08  5.2671161E-09  1.9331665E-08  1.2831914E-09  1.1779778E+00
   ca47     47   6.5104079E-32  6.5104079E-32  0.0000000E+00  1.5859702E-32  0.0000000E+00  0.0000000E+00
   ca48     48   1.5382682E-09  2.5848098E-07  2.5694271E-07  6.2967352E-08  6.2597195E-08  2.5605836E-03
   sc45     45   4.1537135E-08  1.1566212E-07  7.4124983E-08  2.8175911E-08  1.8058563E-08  1.9319481E-01
   sc46     46   3.7108646E-25  3.7108646E-25  0.0000000E+00  9.0398646E-26  0.0000000E+00  0.0000000E+00
   sc47     47   4.8185744E-30  4.8185744E-30  0.0000000E+00  1.1738305E-30  0.0000000E+00  0.0000000E+00
   sc48     48   2.8085475E-31  4.7031868E-29  4.6751014E-29  1.1457215E-29  1.1389629E-29  0.0000000E+00
   ti46     46  -6.7548740E-09  4.4610931E-07  4.5286419E-07  1.0867462E-07  1.1032820E-07 -6.5584024E-03
   ti47     47  -5.3611018E-09  4.1192004E-07  4.1728114E-07  1.0034593E-07  1.0165935E-07 -5.6475787E-03
   ti48     48  -1.3514591E-07  4.0874420E-06  4.2225879E-06  9.9572276E-07  1.0287201E-06 -1.4158797E-02
   ti49     49   4.1588919E-08  3.5792243E-07  3.1633351E-07  8.7191822E-08  7.7066169E-08  5.3612005E-02
   ti50     50   1.2486990E-07  4.3394073E-07  3.0907083E-07  1.0571028E-07  7.5296811E-08  1.4734064E-01
    v51     51  -1.5482840E-08  6.6565542E-07  6.8113826E-07  1.6215722E-07  1.6594106E-07 -1.0017561E-02
   cr52     52  -6.3921470E-07  2.7282680E-05  2.7921895E-05  6.6462071E-06  6.8024206E-06 -1.0089620E-02
   cr53     53  -5.7328634E-08  3.1696616E-06  3.2269902E-06  7.7214656E-07  7.8616949E-07 -7.8164516E-03
   cr54     54   4.3217955E-07  1.2506026E-06  8.1842308E-07  3.0465350E-07  1.9938683E-07  1.8410970E-01
   mn55     55  -4.5731394E-07  2.3927598E-05  2.4384912E-05  5.8288911E-06  5.9407294E-06 -8.2538407E-03
   fe54     54  -5.8331934E-06  1.5483727E-04  1.6067046E-04  3.7719186E-05  3.9143044E-05 -1.6092284E-02
   fe55     55  -1.9829255E-13 -1.9829255E-13  0.0000000E+00 -4.8305130E-14  0.0000000E+00  0.0000000E+00
   fe56     56  -6.9824280E-05  2.5457346E-03  2.6155589E-03  6.2015461E-04  6.3721073E-04 -1.1783102E-02
   fe57     57   7.0988244E-06  6.8582420E-05  6.1483595E-05  1.6707045E-05  1.4978827E-05  4.7421806E-02
   fe58     58   2.7229064E-05  3.5554986E-05  8.3259229E-06  8.6613854E-06  2.0283876E-06  6.3043642E-01
   fe59     59   8.7349912E-23  8.7349912E-23  0.0000000E+00  2.1278906E-23  0.0000000E+00  0.0000000E+00
   fe60     60   0.0000000E+00  0.0000000E+00  0.0000000E+00  0.0000000E+00  0.0000000E+00  0.0000000E+00
   co59     59   1.0672231E-05  1.7093227E-05  6.4209967E-06  4.1640019E-06  1.5643035E-06  4.2518991E-01
   co60     60   1.8319860E-12  1.8319860E-12  0.0000000E+00  4.4628160E-13  0.0000000E+00  0.0000000E+00
   ni58     58  -3.3974065E-06  8.8474342E-05  9.1871749E-05  2.1552823E-05  2.2382086E-05 -1.6396401E-02
   ni59     59   0.0000000E+00  0.0000000E+00  0.0000000E+00  0.0000000E+00  0.0000000E+00  0.0000000E+00
   ni60     60   1.8367122E-05  5.4976656E-05  3.6609534E-05  1.3392608E-05  8.9189307E-06  1.7655239E-01
   ni61     61   3.1968905E-06  4.8148386E-06  1.6179481E-06  1.1729205E-06  3.9416963E-07  4.7358543E-01
   ni62     62   6.0662924E-06  1.1309390E-05  5.2430978E-06  2.7550279E-06  1.2773401E-06  3.3381948E-01
   ni63     63   0.0000000E+00  0.0000000E+00  0.0000000E+00  0.0000000E+00  0.0000000E+00  0.0000000E+00
   ni64     64   5.2596852E-06  6.6380576E-06  1.3783726E-06  1.6170663E-06  3.3580349E-07  6.8264264E-01
   cu63     63   3.3129520E-06  4.4506123E-06  1.1376603E-06  1.0841931E-06  2.7716041E-07  5.9237540E-01
   cu64     64   6.9195437E-37  6.9195437E-37  0.0000000E+00  1.6856380E-37  0.0000000E+00  0.0000000E+00
   cu65     65   8.2713746E-07  1.3502995E-06  5.2316204E-07  3.2894019E-07  1.2745440E-07  4.1176212E-01
   zn64     64  -6.4622213E-08  1.8845373E-06  1.9491595E-06  4.5908337E-07  4.7486037E-07 -1.4674374E-02
   zn65     65  -5.6138639E-19 -5.6138639E-19  0.0000000E+00 -1.3675674E-19  0.0000000E+00  0.0000000E+00
   zn66     66   7.3316301E-07  1.8863566E-06  1.1531936E-06  4.5952658E-07  2.8094465E-07  2.1368989E-01
   zn67     67   1.6089804E-07  3.3292866E-07  1.7203062E-07  8.1103209E-08  4.1910646E-08  2.8671369E-01
   zn68     68   8.9739422E-07  1.6958686E-06  7.9847439E-07  4.1312268E-07  1.9452685E-07  3.2709947E-01
   zn69     69   0.0000000E+00  0.0000000E+00  0.0000000E+00  0.0000000E+00  0.0000000E+00  0.0000000E+00
   zn70     70   8.5328651E-09  3.5712670E-08  2.7179805E-08  8.6997982E-09  6.6216299E-09  1.1854427E-01
   ga69     69   1.2260490E-07  1.9580901E-07  7.3204106E-08  4.7700123E-08  1.7834218E-08  4.2726547E-01
   ga70     70   0.0000000E+00  0.0000000E+00  0.0000000E+00  0.0000000E+00  0.0000000E+00  0.0000000E+00
   ga71     71   9.7527490E-08  1.4751896E-07  4.9991474E-08  3.5936409E-08  1.2179081E-08  4.6992019E-01
   ge70     70   1.7809512E-07  2.5951817E-07  8.1423060E-08  6.3220021E-08  1.9836543E-08  5.0338864E-01
   ge71     71   2.5475674E-28  2.5475674E-28  0.0000000E+00  6.2060107E-29  0.0000000E+00  0.0000000E+00
   ge72     72   1.5744979E-07  2.6812427E-07  1.1067448E-07  6.5316506E-08  2.6962867E-08  3.8425690E-01
   ge73     73   4.6831062E-08  7.8327616E-08  3.1496555E-08  1.9081027E-08  7.6732904E-09  3.9562011E-01
   ge74     74   1.9360485E-07  3.4345317E-07  1.4984832E-07  8.3667032E-08  3.6506520E-08  3.6018389E-01
   as75     75   1.7495699E-08  3.9464744E-08  2.1969045E-08  9.6138235E-09  5.3521680E-09  2.5436640E-01
   se76     76   6.1020046E-08  8.3891820E-08  2.2871776E-08  2.0436497E-08  5.5720939E-09  5.6438804E-01
   se77     77   2.3700036E-08  4.2570040E-08  1.8870004E-08  1.0370290E-08  4.5971698E-09  3.5330033E-01
   se78     78   1.4552265E-07  2.0507197E-07  5.9549315E-08  4.9956629E-08  1.4507592E-08  5.3699780E-01
   se79     79   0.0000000E+00  0.0000000E+00  0.0000000E+00  0.0000000E+00  0.0000000E+00  0.0000000E+00
   se80     80   1.6137385E-07  2.8884540E-07  1.2747155E-07  7.0364287E-08  3.1055023E-08  3.5522044E-01
   br79     79   3.2020161E-08  5.2404882E-08  2.0384721E-08  1.2766110E-08  4.9661901E-09  4.1003525E-01
   br80     80   0.0000000E+00  0.0000000E+00  0.0000000E+00  0.0000000E+00  0.0000000E+00  0.0000000E+00
   br81     81   2.1170569E-08  4.1502879E-08  2.0332310E-08  1.0110324E-08  4.9534217E-09  3.0985978E-01
   kr80     80  -1.8502266E-10  4.6729363E-09  4.8579589E-09  1.1383523E-09  1.1835113E-09 -1.6895724E-02
   kr81     81   0.0000000E+00  0.0000000E+00  0.0000000E+00  0.0000000E+00  0.0000000E+00  0.0000000E+00
   kr82     82   6.8886543E-08  9.3836590E-08  2.4950047E-08  2.2859096E-08  6.0784093E-09  5.7526910E-01
   kr83     83   2.3809596E-08  4.8828859E-08  2.5019263E-08  1.1894972E-08  6.0952723E-09  2.9037032E-01
   kr84     84   1.3435620E-07  2.5914284E-07  1.2478664E-07  6.3128581E-08  3.0400916E-08  3.1733936E-01
   kr-5     85   3.7629744E-13  3.7629744E-13  0.0000000E+00  9.1668074E-14  0.0000000E+00  0.0000000E+00
   kr*5     85   0.0000000E+00  0.0000000E+00  0.0000000E+00  0.0000000E+00  0.0000000E+00  0.0000000E+00
   kr86     86   1.7789179E-07  2.1652744E-07  3.8635640E-08  5.2747243E-08  9.4125365E-09  7.4849308E-01
   rb85     85   4.5458670E-08  6.5711831E-08  2.0253159E-08  1.6007753E-08  4.9341389E-09  5.1111901E-01
   rb86     86   2.9292389E-27  2.9292389E-27  0.0000000E+00  7.1357828E-28  0.0000000E+00  0.0000000E+00
   rb87     87   5.9491320E-08  6.8022260E-08  8.5309395E-09  1.6570587E-08  2.0783344E-09  9.0162247E-01
   sr86     86   1.9683885E-08  2.9134721E-08  9.4508366E-09  7.0973742E-09  2.3024427E-09  4.8890889E-01
   sr87     87   7.0508457E-09  1.3732341E-08  6.6814958E-09  3.3452721E-09  1.6277671E-09  3.1283915E-01
   sr88     88   7.8859138E-08  1.5988499E-07  8.1025853E-08  3.8948841E-08  1.9739774E-08  2.9515237E-01
   sr89     89   1.6352716E-24  1.6352716E-24  0.0000000E+00  3.9836093E-25  0.0000000E+00  0.0000000E+00
   sr90     90   1.5967713E-12  1.5967713E-12  0.0000000E+00  3.8898206E-13  0.0000000E+00  0.0000000E+00
    y89     89   1.6575239E-08  3.5902129E-08  1.9326890E-08  8.7459506E-09  4.7084781E-09  2.6892647E-01
    y90     90   4.0381105E-16  4.0381105E-16  0.0000000E+00  9.8370535E-17  0.0000000E+00  0.0000000E+00
    y91     91   1.8355292E-24  1.8355292E-24  0.0000000E+00  4.4714475E-25  0.0000000E+00  0.0000000E+00
   zr90     90   9.7190043E-09  3.2753718E-08  2.3034714E-08  7.9789810E-09  5.6117897E-09  1.5284605E-01
   zr91     91   2.5406171E-09  7.6196685E-09  5.0790514E-09  1.8561921E-09  1.2373745E-09  1.7612174E-01
   zr92     92   4.0040318E-09  1.1852835E-08  7.8488034E-09  2.8874141E-09  1.9121502E-09  1.7898706E-01
   zr93     93   0.0000000E+00  0.0000000E+00  0.0000000E+00  0.0000000E+00  0.0000000E+00  0.0000000E+00
   zr94     94   3.7573002E-09  1.1884367E-08  8.1270670E-09  2.8950955E-09  1.9799418E-09  1.6501048E-01
   zr95     95   7.6229097E-24  7.6229097E-24  0.0000000E+00  1.8569817E-24  0.0000000E+00  0.0000000E+00
   zr96     96   3.9977635E-09  5.3349294E-09  1.3371659E-09  1.2996174E-09  3.2576458E-10  6.0091162E-01
   nb93     93   1.4163379E-09  4.9258380E-09  3.5095000E-09  1.1999606E-09  8.5499552E-10  1.4720315E-01
   nb94     94   2.1708695E-16  2.1708695E-16  0.0000000E+00  5.2883543E-17  0.0000000E+00  0.0000000E+00
   nb95     95   9.1804571E-24  9.1804571E-24  0.0000000E+00  2.2364086E-24  0.0000000E+00  0.0000000E+00
   mo94     94  -4.2167492E-11  1.0577287E-09  1.0998962E-09  2.5766839E-10  2.6796015E-10 -1.7009070E-02
   mo95     95   8.1528539E-10  2.7391698E-09  1.9238844E-09  6.6727646E-10  4.6870280E-10  1.5340826E-01
   mo96     96   1.4406862E-09  3.4871657E-09  2.0464794E-09  8.4949225E-10  4.9856980E-10  2.3143345E-01
   mo97     97   4.7686932E-10  1.6674252E-09  1.1905559E-09  4.0619372E-10  2.9004696E-10  1.4626488E-01
   mo98     98   1.0286860E-09  4.0851322E-09  3.0564462E-09  9.9516007E-10  7.4462103E-10  1.2595762E-01
   tc99     99   0.0000000E+00  0.0000000E+00  0.0000000E+00  0.0000000E+00  0.0000000E+00  0.0000000E+00
   ru99     99   9.2535757E-11  1.1597179E-09  1.0671821E-09  2.8251348E-10  2.5999028E-10  3.6082067E-02
  ru100    100   3.7449222E-10  1.4389305E-09  1.0644383E-09  3.5053119E-10  2.5932181E-10  1.3088761E-01
  ru101    101   2.5773383E-11  1.4814150E-09  1.4556416E-09  3.6088063E-10  3.5462799E-10  7.5905547E-03
  ru102    102   3.3535597E-10  3.0539646E-09  2.7186087E-09  7.4396217E-10  6.6231598E-10  5.0485604E-02
  rh103    103   2.9842795E-13  1.7364630E-09  1.7361645E-09  4.2301168E-10  4.2296988E-10  4.2916818E-05
  pd104    104   1.8152074E-10  9.4127883E-10  7.5975809E-10  2.2930056E-10  1.8509468E-10  9.3011208E-02
  pd105    105  -1.0998313E-11  1.5265547E-09  1.5375530E-09  3.7187689E-10  3.7458353E-10 -3.1494966E-03
  pd106    106   1.4330404E-10  2.0430626E-09  1.8997586E-09  4.9770099E-10  4.6282517E-10  3.1551544E-02
  pd107    107   0.0000000E+00  0.0000000E+00  0.0000000E+00  0.0000000E+00  0.0000000E+00  0.0000000E+00
  pd108    108   1.7491941E-10  2.0489093E-09  1.8739899E-09  4.9912530E-10  4.5654736E-10  3.8723763E-02
  ag107    107  -1.0163204E-11  1.2804480E-09  1.2906112E-09  3.1192399E-10  3.1442277E-10 -3.4652154E-03
  ag108    108   0.0000000E+00  0.0000000E+00  0.0000000E+00  0.0000000E+00  0.0000000E+00  0.0000000E+00
  ag109    109   1.0584422E-11  1.2320215E-09  1.2214371E-09  3.0012703E-10  2.9757036E-10  3.7154718E-03
  cd108    108  -2.0627944E-12  7.0308169E-11  7.2370963E-11  1.7127447E-11  1.7631244E-11 -1.2590326E-02
  cd109    109  -1.2251530E-23 -1.2251530E-23  0.0000000E+00 -2.9845383E-24  0.0000000E+00  0.0000000E+00
  cd110    110   1.5939738E-10  1.1938459E-09  1.0344485E-09  2.9082725E-10  2.5201560E-10  6.2207665E-02
  cd111    111   2.0734303E-11  1.0904861E-09  1.0697518E-09  2.6564828E-10  2.6061631E-10  8.3054211E-03
  cd112    112   1.5527979E-10  2.1901065E-09  2.0348268E-09  5.3352167E-10  4.9573090E-10  3.1906080E-02
  cd113    113   2.5869085E-11  1.0655494E-09  1.0396803E-09  2.5957356E-10  2.5329019E-10  1.0642074E-02
  cd114    114   2.2173463E-10  2.6877223E-09  2.4659876E-09  6.5474354E-10  6.0077171E-10  3.7361771E-02
  in115    115   2.2499669E-11  9.5234198E-10  9.2984231E-10  2.3199560E-10  2.2653111E-10  1.0351897E-02
  sn116    116   3.0098191E-10  3.2101508E-09  2.9091689E-09  7.8200996E-10  7.0874095E-10  4.2724766E-02
  sn117    117   5.6434191E-11  1.6063203E-09  1.5498861E-09  3.9130824E-10  3.7758816E-10  1.5500612E-02
  sn118    118   3.6924286E-10  5.0953037E-09  4.7260609E-09  1.2412433E-09  1.1513779E-09  3.2639056E-02
  sn119    119   8.5179197E-11  1.8483500E-09  1.7631708E-09  4.5026796E-10  4.2954923E-10  2.0458089E-02
  sn120    120   5.4847282E-10  7.2919262E-09  6.7434534E-09  1.7763523E-09  1.6428614E-09  3.3928160E-02
  sb121    121   1.5724866E-11  1.0556609E-09  1.0399360E-09  2.5716465E-10  2.5335251E-10  6.4860815E-03
  te122    122   7.2721829E-11  7.6398943E-10  6.9126760E-10  1.8611192E-10  1.6840879E-10  4.3409418E-02
  te123    123   2.6611519E-11  2.6985808E-10  2.4324656E-10  6.5738873E-11  5.9260492E-11  4.5057002E-02
  te124    124   1.3482271E-10  1.4408579E-09  1.3060352E-09  3.5100070E-10  3.1818043E-10  4.2634528E-02
  te125    125  -1.7174706E-11  1.9465569E-09  1.9637316E-09  4.7419169E-10  4.7841048E-10 -3.8467376E-03
  te126    126   1.4054580E-10  5.4153331E-09  5.2747873E-09  1.3192042E-09  1.2850603E-09  1.1388502E-02
   i127    127  -2.2118485E-10  6.3941359E-09  6.6153207E-09  1.5576458E-09  1.6116454E-09 -1.4800774E-02
   i128    128   0.0000000E+00  0.0000000E+00  0.0000000E+00  0.0000000E+00  0.0000000E+00  0.0000000E+00
   i129    129   1.6602843E-13  1.6602843E-13  0.0000000E+00  4.0445417E-14  0.0000000E+00  0.0000000E+00
  xe128    128   8.4662832E-11  7.9918389E-10  7.1452105E-10  1.9468548E-10  1.7407388E-10  4.8599929E-02
  xe129    129  -3.1865532E-10  8.6512655E-09  8.9699208E-09  2.1074946E-09  2.1852804E-09 -1.5740708E-02
  xe130    130   1.7287582E-10  1.6242200E-09  1.4513442E-09  3.9566869E-10  3.5358105E-10  4.8842702E-02
  xe131    131  -2.0277557E-10  7.0472641E-09  7.2500397E-09  1.7167513E-09  1.7662775E-09 -1.2351551E-02
  xe132    132   1.2360601E-10  9.0526484E-09  8.9290424E-09  2.2052737E-09  2.1753215E-09  5.9390711E-03
  xe133    133   3.3110208E-31  3.3110208E-31  0.0000000E+00  8.0658243E-32  0.0000000E+00  0.0000000E+00
  xe134    134   4.8401683E-10  3.8308592E-09  3.3468424E-09  9.3321784E-10  8.1536833E-10  5.8629196E-02
  cs133    133  -2.8325342E-11  2.3191704E-09  2.3474958E-09  5.6496235E-10  5.7190430E-10 -5.3038555E-03
  cs134    134  -4.2137941E-18 -4.2137941E-18  0.0000000E+00 -1.0265028E-18  0.0000000E+00  0.0000000E+00
  cs135    135   0.0000000E+00  0.0000000E+00  0.0000000E+00  0.0000000E+00  0.0000000E+00  0.0000000E+00
  cs136    136   5.6285566E-31  5.6285566E-31  0.0000000E+00  1.3711466E-31  0.0000000E+00  0.0000000E+00
  cs137    137   0.0000000E+00  0.0000000E+00  0.0000000E+00  0.0000000E+00  0.0000000E+00  0.0000000E+00
  ba134    134   1.1688561E-10  8.3654889E-10  7.1966327E-10  2.0378779E-10  1.7532664E-10  6.5330267E-02
  ba135    135   1.1347900E-10  2.0909148E-09  1.9774358E-09  5.0935806E-10  4.8174914E-10  2.4202235E-02
  ba136    136   3.9690051E-10  2.7703595E-09  2.3734590E-09  6.7487443E-10  5.7822958E-10  6.7122690E-02
  ba137    137   1.2572225E-09  4.6764641E-09  3.4192416E-09  1.1392117E-09  8.3300644E-10  1.3595609E-01
  ba138    138   1.4630768E-09  2.3448804E-08  2.1985727E-08  5.7122542E-09  5.3562323E-09  2.7948119E-02
  la139    139   1.2054890E-10  3.1361658E-09  3.0156169E-09  7.6398676E-10  7.3467410E-10  1.6991109E-02
  ce140    140   2.4798652E-10  7.1595094E-09  6.9115229E-09  1.7440949E-09  1.6838070E-09  1.5277798E-02
  ce141    141   3.7121662E-28  3.7121662E-28  0.0000000E+00  9.0430355E-29  0.0000000E+00  0.0000000E+00
  ce142    142   6.3933248E-11  9.4481245E-10  8.8087920E-10  2.3016138E-10  2.1460257E-10  3.0397540E-02
  pr141    141   7.9500850E-12  1.1991168E-09  1.1911667E-09  2.9211128E-10  2.9019581E-10  2.8571929E-03
  nd142    142   1.5592194E-11  1.6045492E-09  1.5889570E-09  3.9087678E-10  3.8710671E-10  4.2091487E-03
  nd143    143  -6.9237394E-12  7.0446782E-10  7.1139156E-10  1.7161214E-10  1.7331146E-10 -4.2792815E-03
  nd144    144   6.6646688E-12  1.4204848E-09  1.4138202E-09  3.4603773E-10  3.4443937E-10  2.0106644E-03
  nd145    145  -9.1485153E-12  5.1660742E-10  5.2575594E-10  1.2584833E-10  1.2808633E-10 -7.6553407E-03
  nd146    146   1.3608337E-11  1.0484331E-09  1.0348248E-09  2.5540392E-10  2.5210731E-10  5.6421072E-03
  nd147    147   1.9435142E-30  1.9435142E-30  0.0000000E+00  4.7345047E-31  0.0000000E+00  0.0000000E+00
  nd148    148  -4.1137094E-12  3.4591760E-10  3.5003131E-10  8.4267378E-11  8.5275731E-11 -5.1659653E-03
  pm147    147  -1.7391643E-17 -1.7391643E-17  0.0000000E+00 -4.2366975E-18  0.0000000E+00  0.0000000E+00
  pm148    148  -4.0285997E-36 -4.0285997E-36  0.0000000E+00 -9.8138846E-37  0.0000000E+00  0.0000000E+00
  sm147    147  -4.7195581E-12  2.7703637E-10  2.8175592E-10  6.7487543E-11  6.8642272E-11 -7.3680235E-03
  sm148    148   4.1153747E-12  2.1682203E-10  2.1270666E-10  5.2819010E-11  5.1820267E-11  8.2905889E-03
  sm149    149  -8.1608609E-12  2.5513811E-10  2.6329897E-10  6.2153012E-11  6.4145723E-11 -1.3705539E-02
  sm150    150   6.7308936E-12  1.4827840E-10  1.4154751E-10  3.6121415E-11  3.4484252E-11  2.0143954E-02
  sm151    151   1.0268760E-15  1.0268760E-15  0.0000000E+00  2.5015249E-16  0.0000000E+00  0.0000000E+00
  sm152    152  -9.5457531E-12  5.1036797E-10  5.1991372E-10  1.2432837E-10  1.2666303E-10 -8.0796443E-03
  eu151    151  -1.2368467E-11  3.3059694E-10  3.4296541E-10  8.0535183E-11  8.3554309E-11 -1.5983207E-02
  eu152    152   2.8062746E-19  2.8062746E-19  0.0000000E+00  6.8362355E-20  0.0000000E+00  0.0000000E+00
  eu153    153  -1.3320900E-11  3.6602421E-10  3.7934511E-10  8.9165460E-11  9.2417254E-11 -1.5556402E-02
  eu154    154  -2.6323677E-18 -2.6323677E-18  0.0000000E+00 -6.4125885E-19  0.0000000E+00  0.0000000E+00
  eu155    155  -5.7929605E-18 -5.7929605E-18  0.0000000E+00 -1.4111962E-18  0.0000000E+00  0.0000000E+00
  gd152    152  -8.1161640E-14  4.9264546E-12  5.0076163E-12  1.2001108E-12  1.2199714E-12 -7.1283132E-03
  gd153    153   4.5304448E-26  4.5304448E-26  0.0000000E+00  1.1036406E-26  0.0000000E+00  0.0000000E+00
  gd154    154   3.0938446E-12  5.8395504E-11  5.5301659E-11  1.4225458E-11  1.3472765E-11  2.3609541E-02
  gd155    155  -1.3371304E-11  3.6450734E-10  3.7787865E-10  8.8795943E-11  9.2059992E-11 -1.5677797E-02
  gd156    156  -1.2609358E-11  5.1339921E-10  5.2600857E-10  1.2506680E-10  1.2814787E-10 -1.0569328E-02
  gd157    157  -1.2310264E-11  3.9241715E-10  4.0472742E-10  9.5594921E-11  9.8600975E-11 -1.3446391E-02
  gd158    158  -9.7075681E-12  6.3678668E-10  6.4649425E-10  1.5512465E-10  1.5750097E-10 -6.6024233E-03
  gd159    159   1.9077312E-38  1.9077312E-38  0.0000000E+00  4.6473349E-39  0.0000000E+00  0.0000000E+00
  gd160    160  -2.1458502E-11  5.5468025E-10  5.7613875E-10  1.3512308E-10  1.4036075E-10 -1.6516149E-02
  tb159    159  -1.6258495E-11  4.7144444E-10  4.8770293E-10  1.1484639E-10  1.1881574E-10 -1.4756611E-02
  tb160    160   1.0614370E-25  1.0614370E-25  0.0000000E+00  2.5857175E-26  0.0000000E+00  0.0000000E+00
  tb161    161   2.5595503E-31  2.5595503E-31  0.0000000E+00  6.2352017E-32  0.0000000E+00  0.0000000E+00
  dy160    160   3.0554864E-12  7.6853253E-11  7.3797767E-11  1.8721864E-11  1.7978844E-11  1.7587328E-02
  dy161    161  -2.1630753E-11  5.8064165E-10  6.0227240E-10  1.4144741E-10  1.4672751E-10 -1.5916528E-02
  dy162    162  -2.0108581E-11  7.9720641E-10  8.1731499E-10  1.9420375E-10  1.9911686E-10 -1.0850436E-02
  dy163    163  -2.7028269E-11  7.7663348E-10  8.0366175E-10  1.8919208E-10  1.9579061E-10 -1.4888900E-02
  dy164    164  -9.9662500E-12  9.0786967E-10  9.1783592E-10  2.2116192E-10  2.2360609E-10 -4.7732857E-03
  ho165    165  -2.3921476E-11  6.9096667E-10  7.1488815E-10  1.6832319E-10  1.7416331E-10 -1.4812720E-02
  er166    166  -1.5719093E-11  6.6340688E-10  6.7912598E-10  1.6160948E-10  1.6545082E-10 -1.0202103E-02
  er167    167  -1.4145074E-11  4.5220816E-10  4.6635323E-10  1.1016033E-10  1.1361444E-10 -1.3408318E-02
  er168    168  -4.0355497E-12  5.4940341E-10  5.5343896E-10  1.3383762E-10  1.3483055E-10 -3.2100978E-03
  er169    169   1.9111953E-30  1.9111953E-30  0.0000000E+00  4.6557739E-31  0.0000000E+00  0.0000000E+00
  er170    170  -4.4007575E-12  3.0511271E-10  3.0951347E-10  7.4327093E-11  7.5404655E-11 -6.2510106E-03
  tm169    169  -8.6298191E-12  3.1843922E-10  3.2706904E-10  7.7573503E-11  7.9681595E-11 -1.1644601E-02
  tm170    170   1.0118646E-25  1.0118646E-25  0.0000000E+00  2.4649564E-26  0.0000000E+00  0.0000000E+00
  tm171    171  -7.0902125E-18 -7.0902125E-18  0.0000000E+00 -1.7272138E-18  0.0000000E+00  0.0000000E+00
  yb170    170   3.2788147E-12  6.5138950E-11  6.1860135E-11  1.5868197E-11  1.5070561E-11  2.2398172E-02
  yb171    171  -2.5907332E-12  2.9162234E-10  2.9421307E-10  7.1040764E-11  7.1677116E-11 -3.8729066E-03
  yb172    172   5.5335458E-12  4.6110651E-10  4.5557297E-10  1.1232801E-10  1.1098814E-10  5.2115493E-03
  yb173    173  -2.6775526E-12  3.3743675E-10  3.4011430E-10  8.2201398E-11  8.2859719E-11 -3.4642504E-03
  yb174    174   2.1567415E-11  7.0210732E-10  6.8053990E-10  1.7103710E-10  1.6579528E-10  1.3518158E-02
  lu175    175  -5.9993399E-12  3.0116148E-10  3.0716082E-10  7.3364551E-11  7.4831488E-11 -8.5981116E-03
  lu176    176   4.5575462E-12  1.3523337E-11  8.9657908E-12  3.2943574E-12  2.1842742E-12  1.7846355E-01
  lu177    177   4.5066799E-32  4.5066799E-32  0.0000000E+00  1.0978513E-32  0.0000000E+00  0.0000000E+00
  hf176    176  -2.7703673E-12  6.6217545E-11  6.8987913E-11  1.6130949E-11  1.6807052E-11 -1.7831633E-02
  hf177    177  -4.7997717E-12  2.4316038E-10  2.4796015E-10  5.9235172E-11  6.0408838E-11 -8.5208360E-03
  hf178    178   9.4022568E-12  3.7522879E-10  3.6582654E-10  9.1407742E-11  8.9123812E-11  1.0989251E-02
  hf179    179   1.1381035E-12  1.8482184E-10  1.8368373E-10  4.5023589E-11  4.4749610E-11  2.6508484E-03
  hf180    180   2.7653935E-11  5.0334514E-10  4.7569121E-10  1.2261757E-10  1.1588940E-10  2.4508996E-02
  hf181    181   1.5752461E-27  1.5752461E-27  0.0000000E+00  3.8373839E-28  0.0000000E+00  0.0000000E+00
  hf182    182   2.0673787E-11  2.0673787E-11  0.0000000E+00  5.0362453E-12  0.0000000E+00  0.0000000E+00
  ta181    181   3.7643083E-12  2.0531235E-10  2.0154804E-10  5.0015190E-11  4.9101771E-11  8.0047846E-03
  ta182    182   1.8967914E-19  1.8967914E-19  0.0000000E+00  4.6206855E-20  0.0000000E+00  0.0000000E+00
  ta183    183   1.1406455E-33  1.1406455E-33  0.0000000E+00  2.7786737E-34  0.0000000E+00  0.0000000E+00
   w182    182   6.6336103E-12  3.2291370E-10  3.1628009E-10  7.8663506E-11  7.7053156E-11  8.9828530E-03
   w183    183   9.0613350E-12  1.8079169E-10  1.7173035E-10  4.4041822E-11  4.1837488E-11  2.2299673E-02
   w184    184   2.3639951E-11  3.9334716E-10  3.6970721E-10  9.5821476E-11  9.0069244E-11  2.6886355E-02
   w185    185   1.5092770E-25  1.5092770E-25  0.0000000E+00  3.6766798E-26  0.0000000E+00  0.0000000E+00
   w186    186   6.0352556E-12  3.5280573E-10  3.4677047E-10  8.5945369E-11  8.4481318E-11  7.4618221E-03
  re185    185   6.2605476E-13  1.7687554E-10  1.7624949E-10  4.3087828E-11  4.2938458E-11  1.5081352E-03
  re186    186   1.5832678E-32  1.5832678E-32  0.0000000E+00  3.8569252E-33  0.0000000E+00  0.0000000E+00
  re187    187  -9.0893681E-12  3.1232239E-10  3.2141176E-10  7.6083410E-11  7.8303343E-11 -1.2490329E-02
  os186    186   1.0002693E-11  1.0769005E-10  9.7687358E-11  2.6233873E-11  2.3798902E-11  4.2305466E-02
  os187    187   1.2208776E-12  7.9336586E-11  7.8115708E-11  1.9326818E-11  1.9030796E-11  6.7034084E-03
  os188    188  -1.6204815E-12  8.2244811E-10  8.2406859E-10  2.0035276E-10  2.0076218E-10 -8.8656682E-04
  os189    189  -3.4494518E-11  9.7558839E-10  1.0100829E-09  2.3765856E-10  2.4607960E-10 -1.5122159E-02
  os190    190  -3.4810710E-11  1.6165113E-09  1.6513220E-09  3.9379081E-10  4.0230028E-10 -9.2847506E-03
  os191    191   4.7970055E-29  4.7970055E-29  0.0000000E+00  1.1685763E-29  0.0000000E+00  0.0000000E+00
  os192    192  -9.5610408E-11  2.4960585E-09  2.5916689E-09  6.0805322E-10  6.3139055E-10 -1.6356483E-02
  ir191    191  -8.2741147E-11  2.1024933E-09  2.1852344E-09  5.1217863E-10  5.3237376E-10 -1.6795190E-02
  ir192    192   5.2793949E-25  5.2793949E-25  0.0000000E+00  1.2860889E-25  0.0000000E+00  0.0000000E+00
  ir193    193  -1.4237989E-10  3.5693803E-09  3.7117602E-09  8.6952018E-10  9.0427077E-10 -1.7018814E-02
  pt192    192   4.8285820E-12  9.6715275E-11  9.1886693E-11  2.3560359E-11  2.2385725E-11  2.2210745E-02
  pt193    193   2.7244005E-16  2.7244005E-16  0.0000000E+00  6.6367857E-17  0.0000000E+00  0.0000000E+00
  pt194    194  -1.2878409E-10  3.7853396E-09  3.9141237E-09  9.2212898E-10  9.5357122E-10 -1.4561450E-02
  pt195    195  -1.5131496E-10  3.8863472E-09  4.0376622E-09  9.4673502E-10  9.8366804E-10 -1.6620116E-02
  pt196    196  -6.7672090E-11  2.9601761E-09  3.0278482E-09  7.2111478E-10  7.3765399E-10 -9.8482966E-03
  au197    197  -5.5865201E-11  1.7689646E-09  1.8248298E-09  4.3092926E-10  4.4457080E-10 -1.3534937E-02
  hg198    198   4.4723530E-11  4.7339233E-10  4.2866879E-10  1.1532091E-10  1.0443365E-10  4.3067578E-02
  hg199    199  -2.0342061E-12  7.2695294E-10  7.2898715E-10  1.7708963E-10  1.7759814E-10 -1.2452939E-03
  hg200    200   5.1067595E-11  1.0542704E-09  1.0032029E-09  2.5682592E-10  2.4440344E-10  2.1531530E-02
  hg201    201   1.5319912E-11  5.9056104E-10  5.7524113E-10  1.4386384E-10  1.4014206E-10  1.1383107E-02
  hg202    202   9.6506358E-11  1.4062542E-09  1.3097479E-09  3.4257105E-10  3.1908490E-10  3.0844407E-02
  tl203    203   6.3667627E-11  5.8177041E-10  5.1810278E-10  1.4172238E-10  1.2622182E-10  5.0304014E-02
  tl204    204  -2.1170456E-16 -2.1170456E-16  0.0000000E+00 -5.1572365E-17  0.0000000E+00  0.0000000E+00
  tl205    205   1.5439927E-10  1.4033740E-09  1.2489747E-09  3.4186942E-10  3.0427916E-10  5.0588049E-02
  pb204    204   2.9980241E-11  6.8577022E-10  6.5578998E-10  1.6705730E-10  1.5976563E-10  1.9382088E-02
  pb205    205   0.0000000E+00  0.0000000E+00  0.0000000E+00  0.0000000E+00  0.0000000E+00  0.0000000E+00
  pb206    206   3.8380232E-10  6.5456343E-09  6.1618319E-09  1.5945516E-09  1.5011649E-09  2.6210176E-02
  pb207    207   3.8965631E-10  7.2415234E-09  6.8518671E-09  1.7640739E-09  1.6692735E-09  2.3989281E-02
  pb208    208   6.9224093E-10  2.0399128E-08  1.9706887E-08  4.9693369E-09  4.8010542E-09  1.4961844E-02
  bi209    209   3.2627012E-11  1.4032023E-09  1.3705753E-09  3.4182759E-10  3.3390390E-10  1.0185599E-02
  bi210    210   0.0000000E+00  0.0000000E+00  0.0000000E+00  0.0000000E+00  0.0000000E+00  0.0000000E+00
  po210    210   0.0000000E+00  0.0000000E+00  0.0000000E+00  0.0000000E+00  0.0000000E+00  0.0000000E+00
