  species    A      yield       mass(i)_lost    mass(i)_0        <X(i)>          X0(i)   log10(<X(i)>/X0(i)) 
      n      1   0.0000000E+00  0.0000000E+00  0.0000000E+00  0.0000000E+00  0.0000000E+00  0.0000000E+00
      p      1  -4.6130490E-01  3.2353253E+00  3.6966302E+00  6.4142054E-01  7.3292029E-01 -5.7913881E-02
      d      2   2.3568305E-17  2.3568305E-17  0.0000000E+00  4.6725423E-18  0.0000000E+00  0.0000000E+00
    he3      3   2.4619233E-08  2.4619233E-08  0.0000000E+00  4.8808944E-09  0.0000000E+00  0.0000000E+00
    he4      4   4.3185902E-01  1.7430785E+00  1.3112195E+00  3.4557462E-01  2.5997174E-01  1.2361570E-01
    li7      7  -2.2905505E-08  4.0835935E-11  2.2946342E-08  8.0959423E-12  4.5495052E-09 -2.7496967E+00
    be7      7   6.0646122E-13  6.0646122E-13  0.0000000E+00  1.2023419E-13  0.0000000E+00  0.0000000E+00
     b8      8   5.2462667E-27  5.2462667E-27  0.0000000E+00  1.0401004E-27  0.0000000E+00  0.0000000E+00
    c12     12  -2.7873288E-03  3.5304292E-03  6.3177580E-03  6.9992646E-04  1.2526038E-03 -2.5276130E-01
    c13     13   5.0530769E-04  5.8186654E-04  7.6558827E-05  1.1535815E-04  1.5179100E-05  8.8080227E-01
    c14     14   6.7795654E-09  6.7795654E-09  0.0000000E+00  1.3440851E-09  0.0000000E+00  0.0000000E+00
    n13     13   0.0000000E+00  0.0000000E+00  0.0000000E+00  0.0000000E+00  0.0000000E+00  0.0000000E+00
    n14     14   3.8247980E-02  4.0115882E-02  1.8679029E-03  7.9531884E-03  3.7034374E-04  1.3319362E+00
    n15     15  -3.5412343E-06  1.0596339E-06  4.6008681E-06  2.1007808E-07  9.1220090E-07 -6.3770974E-01
    o14     14   0.0000000E+00  0.0000000E+00  0.0000000E+00  0.0000000E+00  0.0000000E+00  0.0000000E+00
    o15     15   0.0000000E+00  0.0000000E+00  0.0000000E+00  0.0000000E+00  0.0000000E+00  0.0000000E+00
    o16     16  -7.6801321E-03  7.5756051E-03  1.5255737E-02  1.5019042E-03  3.0247113E-03 -3.0404168E-01
    o17     17   2.0798219E-05  2.6956463E-05  6.1582432E-06  5.3442627E-06  1.2209773E-06  6.4118022E-01
    o18     18  -3.4319120E-05  6.2846657E-09  3.4325407E-05  1.2459686E-09  6.8055997E-06 -3.7373593E+00
    o19     19   0.0000000E+00  0.0000000E+00  0.0000000E+00  0.0000000E+00  0.0000000E+00  0.0000000E+00
    f17     17   0.0000000E+00  0.0000000E+00  0.0000000E+00  0.0000000E+00  0.0000000E+00  0.0000000E+00
    f18     18   4.1239233E-40  4.1239233E-40  0.0000000E+00  8.1758759E-41  0.0000000E+00  0.0000000E+00
    f19     19  -7.2160037E-07  2.6687761E-07  9.8847795E-07  5.2909911E-08  1.9598269E-07 -5.6868076E-01
    f20     20   0.0000000E+00  0.0000000E+00  0.0000000E+00  0.0000000E+00  0.0000000E+00  0.0000000E+00
   ne19     19   0.0000000E+00  0.0000000E+00  0.0000000E+00  0.0000000E+00  0.0000000E+00  0.0000000E+00
   ne20     20   1.6621314E-05  3.1460482E-03  3.1294269E-03  6.2372087E-04  6.2046252E-04  2.2747414E-03
   ne21     21  -7.4522327E-06  4.2453979E-07  7.8767725E-06  8.4167283E-08  1.5617053E-06 -1.2684557E+00
   ne22     22   8.7223004E-04  1.1253499E-03  2.5311983E-04  2.2310663E-04  5.0185346E-05  6.4793557E-01
   ne23     23   0.0000000E+00  0.0000000E+00  0.0000000E+00  0.0000000E+00  0.0000000E+00  0.0000000E+00
   na21     21   0.0000000E+00  0.0000000E+00  0.0000000E+00  0.0000000E+00  0.0000000E+00  0.0000000E+00
   na22     22   2.7679656E-10  2.7679656E-10  0.0000000E+00  5.4876399E-11  0.0000000E+00  0.0000000E+00
   na23     23   2.2375280E-05  1.0709040E-04  8.4715117E-05  2.1231244E-05  1.6796224E-05  1.0176376E-01
   na24     24  -1.3808118E-36 -1.3808118E-36  0.0000000E+00 -2.7375332E-37  0.0000000E+00  0.0000000E+00
   mg23     23   0.0000000E+00  0.0000000E+00  0.0000000E+00  0.0000000E+00  0.0000000E+00  0.0000000E+00
   mg24     24  -7.5692998E-04  7.3586323E-04  1.4927932E-03  1.4588881E-04  2.9597184E-04 -3.0722842E-01
   mg25     25   8.2115969E-04  1.0180192E-03  1.9685944E-04  2.0182774E-04  3.9030758E-05  7.1357387E-01
   mg26     26   1.1527110E-04  3.4068286E-04  2.2541176E-04  6.7542198E-05  4.4691740E-05  1.7934793E-01
   mg27     27   0.0000000E+00  0.0000000E+00  0.0000000E+00  0.0000000E+00  0.0000000E+00  0.0000000E+00
   al25     25   0.0000000E+00  0.0000000E+00  0.0000000E+00  0.0000000E+00  0.0000000E+00  0.0000000E+00
   al-6     26   0.0000000E+00  0.0000000E+00  0.0000000E+00  0.0000000E+00  0.0000000E+00  0.0000000E+00
   al*6     26   0.0000000E+00  0.0000000E+00  0.0000000E+00  0.0000000E+00  0.0000000E+00  0.0000000E+00
   al27     27   6.3276209E-05  2.0701889E-04  1.4374268E-04  4.1042604E-05  2.8499451E-05  1.5839843E-01
   al28     28   0.0000000E+00  0.0000000E+00  0.0000000E+00  0.0000000E+00  0.0000000E+00  0.0000000E+00
   si27     27   0.0000000E+00  0.0000000E+00  0.0000000E+00  0.0000000E+00  0.0000000E+00  0.0000000E+00
   si28     28   3.6316691E-05  1.6892299E-03  1.6529132E-03  3.3489885E-04  3.2771836E-04  9.4128828E-03
   si29     29   5.9978047E-06  9.2929644E-05  8.6931839E-05  1.8423800E-05  1.7235727E-05  2.8949618E-02
   si30     30   8.4908752E-06  6.7771107E-05  5.9280232E-05  1.3435984E-05  1.1753322E-05  5.8108874E-02
    p31     31   1.4799989E-06  1.7983792E-05  1.6503793E-05  3.5653829E-06  3.2721596E-06  3.7271693E-02
    p32     32   5.6610353E-26  5.6610353E-26  0.0000000E+00  1.1223305E-26  0.0000000E+00  0.0000000E+00
    p33     33   6.9389245E-27  6.9389245E-27  0.0000000E+00  1.3756789E-27  0.0000000E+00  0.0000000E+00
    s32     32  -5.2255928E-06  7.8686397E-04  7.9208956E-04  1.5599999E-04  1.5704533E-04 -2.9004538E-03
    s33     33   1.4425359E-07  6.6838020E-06  6.5395484E-06  1.3250994E-06  1.2965775E-06  9.4500156E-03
    s34     34   1.3397585E-06  3.9372033E-05  3.8032274E-05  7.8057165E-06  7.5405505E-06  1.5009711E-02
    s35     35   7.6488215E-20  7.6488215E-20  0.0000000E+00  1.5164198E-20  0.0000000E+00  0.0000000E+00
    s36     36   1.4440440E-07  3.3213976E-07  1.8773537E-07  6.5848482E-08  3.7221753E-08  2.4774897E-01
   cl35     35  -4.7453796E-08  8.0779337E-06  8.1253875E-06  1.6014935E-06  1.6109974E-06 -2.5696510E-03
   cl36     36   0.0000000E+00  0.0000000E+00  0.0000000E+00  0.0000000E+00  0.0000000E+00  0.0000000E+00
   cl37     37   5.6981162E-07  3.3151146E-06  2.7453029E-06  6.5723918E-07  5.4430336E-07  8.1882417E-02
   ar36     36  -1.7949351E-06  1.4951173E-04  1.5130667E-04  2.9641500E-05  2.9999139E-05 -5.2086143E-03
   ar37     37   3.8615100E-22  3.8615100E-22  0.0000000E+00  7.6556502E-23  0.0000000E+00  0.0000000E+00
   ar38     38   7.4842683E-07  2.9787603E-05  2.9039176E-05  5.9055515E-06  5.7575144E-06  1.1025443E-02
   ar39     39   8.3655083E-10  8.3655083E-10  0.0000000E+00  1.6585068E-10  0.0000000E+00  0.0000000E+00
   ar40     40   1.3357540E-07  1.8246472E-07  4.8889323E-08  3.6174605E-08  9.6931458E-09  5.7193905E-01
    k39     39   1.2958208E-07  8.0070286E-06  7.8774465E-06  1.5874363E-06  1.5618388E-06  7.0601143E-03
    k40     40  -1.2752090E-09  0.0000000E+00  1.2752090E-09  0.0000000E+00  2.5283206E-10  0.0000000E+00
    k41     41   6.1034257E-08  6.5866971E-07  5.9763545E-07  1.3058479E-07  1.1849146E-07  4.2205554E-02
   ca40     40  -1.2318778E-06  1.3515512E-04  1.3638700E-04  2.6795225E-05  2.7041060E-05 -3.9662882E-03
   ca41     41   0.0000000E+00  0.0000000E+00  0.0000000E+00  0.0000000E+00  0.0000000E+00  0.0000000E+00
   ca42     42   5.6333761E-08  1.0121478E-06  9.5581402E-07  2.0066371E-07  1.8950651E-07  2.4844682E-02
   ca43     43   1.6543424E-08  2.2072376E-07  2.0418034E-07  4.3759666E-08  4.0482252E-08  3.3809349E-02
   ca44     44   2.3744860E-08  3.2521489E-06  3.2284040E-06  6.4475591E-07  6.4008640E-07  3.1567351E-03
   ca45     45  -4.4387471E-18 -4.4387471E-18  0.0000000E+00 -8.8000540E-19  0.0000000E+00  0.0000000E+00
   ca46     46   3.6293319E-08  4.2765350E-08  6.4720331E-09  8.4784597E-09  1.2831914E-09  8.2002550E-01
   ca47     47   5.5634199E-30  5.5634199E-30  0.0000000E+00  1.1029777E-30  0.0000000E+00  0.0000000E+00
   ca48     48   1.0822987E-10  3.1582971E-07  3.1572148E-07  6.2614930E-08  6.2597195E-08  1.2304446E-04
   sc45     45   2.1761196E-08  1.1284317E-07  9.1081972E-08  2.2371761E-08  1.8058563E-08  9.3017012E-02
   sc46     46   5.2005951E-24  5.2005951E-24  0.0000000E+00  1.0310457E-24  0.0000000E+00  0.0000000E+00
   sc47     47   1.1766244E-29  1.1766244E-29  0.0000000E+00  2.3327208E-30  0.0000000E+00  0.0000000E+00
   sc48     48   1.9993560E-32  5.7465874E-29  5.7445880E-29  1.1392917E-29  1.1389629E-29  0.0000000E+00
   ti46     46  -3.9916017E-09  5.5247079E-07  5.5646240E-07  1.0953029E-07  1.1032820E-07 -3.1522866E-03
   ti47     47  -4.9844857E-09  5.0775481E-07  5.1273929E-07  1.0066510E-07  1.0165935E-07 -4.2683803E-03
   ti48     48  -8.4326985E-08  5.1042293E-06  5.1885563E-06  1.0119408E-06  1.0287201E-06 -7.1421550E-03
   ti49     49   2.9732320E-08  4.1843100E-07  3.8869868E-07  8.2956184E-08  7.7066169E-08  3.1985011E-02
   ti50     50   7.5561331E-08  4.5533591E-07  3.7977458E-07  9.0272778E-08  7.5296811E-08  7.8780241E-02
    v51     51  -1.1087138E-08  8.2586979E-07  8.3695693E-07  1.6373311E-07  1.6594106E-07 -5.8173649E-03
   cr52     52  -3.6556594E-07  3.3943801E-05  3.4309367E-05  6.7295400E-06  6.8024206E-06 -4.6781083E-03
   cr53     53  -4.0293799E-08  3.9249094E-06  3.9652032E-06  7.7813428E-07  7.8616949E-07 -4.4616358E-03
   cr54     54   2.7589897E-07  1.2815464E-06  1.0056474E-06  2.5407343E-07  1.9938683E-07  1.0526278E-01
   mn55     55  -7.7148798E-08  2.9886110E-05  2.9963259E-05  5.9250810E-06  5.9407294E-06 -1.1454620E-03
   fe54     54  -3.7177088E-06  1.9370807E-04  1.9742578E-04  3.8403661E-05  3.9143044E-05 -8.2819648E-03
   fe55     55  -4.5478427E-13 -4.5478427E-13  0.0000000E+00 -9.0163411E-14  0.0000000E+00  0.0000000E+00
   fe56     56  -4.0290412E-05  3.1736095E-03  3.2138999E-03  6.2918506E-04  6.3721073E-04 -5.5046771E-03
   fe57     57   5.0795788E-06  8.0628291E-05  7.5548713E-05  1.5984990E-05  1.4978827E-05  2.8234541E-02
   fe58     58   1.7542239E-05  2.7772818E-05  1.0230579E-05  5.5061096E-06  2.0283876E-06  4.3369392E-01
   fe59     59   4.7765888E-21  4.7765888E-21  0.0000000E+00  9.4698427E-22  0.0000000E+00  0.0000000E+00
   fe60     60   0.0000000E+00  0.0000000E+00  0.0000000E+00  0.0000000E+00  0.0000000E+00  0.0000000E+00
   co59     59   6.3997504E-06  1.4289628E-05  7.8898775E-06  2.8329951E-06  1.5643035E-06  2.5792480E-01
   co60     60   1.3623961E-12  1.3623961E-12  0.0000000E+00  2.7010230E-13  0.0000000E+00  0.0000000E+00
   ni58     58  -2.0810767E-06  1.1080745E-04  1.1288853E-04  2.1968170E-05  2.2382086E-05 -8.1066769E-03
   ni59     59   0.0000000E+00  0.0000000E+00  0.0000000E+00  0.0000000E+00  0.0000000E+00  0.0000000E+00
   ni60     60   8.6037217E-06  5.3588134E-05  4.4984412E-05  1.0624134E-05  8.9189307E-06  7.5980745E-02
   ni61     61   1.9369954E-06  3.9250690E-06  1.9880736E-06  7.7816594E-07  3.9416963E-07  2.9538906E-01
   ni62     62   3.4829491E-06  9.9254694E-06  6.4425203E-06  1.9677773E-06  1.2773401E-06  1.8766941E-01
   ni63     63   0.0000000E+00  0.0000000E+00  0.0000000E+00  0.0000000E+00  0.0000000E+00  0.0000000E+00
   ni64     64   2.6889563E-06  4.3826485E-06  1.6936922E-06  8.6888349E-07  3.3580349E-07  4.1287634E-01
   cu63     63   1.8478033E-06  3.2457174E-06  1.3979140E-06  6.4348080E-07  2.7716041E-07  3.6580437E-01
   cu64     64  -6.7578252E-38 -6.7578252E-38  0.0000000E+00 -1.3397750E-38  0.0000000E+00  0.0000000E+00
   cu65     65   4.1285381E-07  1.0556955E-06  6.4284171E-07  2.0929728E-07  1.2745440E-07  2.1540877E-01
   zn64     64  -4.0110308E-08  2.3549430E-06  2.3950533E-06  4.6688004E-07  4.7486037E-07 -7.3606251E-03
   zn65     65  -7.2256410E-18 -7.2256410E-18  0.0000000E+00 -1.4325219E-18  0.0000000E+00  0.0000000E+00
   zn66     66   3.4970572E-07  1.7667063E-06  1.4170006E-06  3.5025897E-07  2.8094465E-07  9.5768504E-02
   zn67     67   7.7022918E-08  2.8840765E-07  2.1138473E-07  5.7178358E-08  4.1910646E-08  1.3490734E-01
   zn68     68   4.1664634E-07  1.3977815E-06  9.8113514E-07  2.7711766E-07  1.9452685E-07  1.5368466E-01
   zn69     69   0.0000000E+00  0.0000000E+00  0.0000000E+00  0.0000000E+00  0.0000000E+00  0.0000000E+00
   zn70     70   2.1399238E-09  3.5537440E-08  3.3397516E-08  7.0454873E-09  6.6216299E-09  2.6946109E-02
   ga69     69   5.7349425E-08  1.4729987E-07  8.9950447E-08  2.9202987E-08  1.7834218E-08  2.1417321E-01
   ga70     70   0.0000000E+00  0.0000000E+00  0.0000000E+00  0.0000000E+00  0.0000000E+00  0.0000000E+00
   ga71     71   4.5629548E-08  1.0705718E-07  6.1427635E-08  2.1224659E-08  1.2179081E-08  2.4122623E-01
   ge70     70   8.2565315E-08  1.8261488E-07  1.0004957E-07  3.6204376E-08  1.9836543E-08  2.6129508E-01
   ge71     71   9.9416972E-26  9.9416972E-26  0.0000000E+00  1.9709947E-26  0.0000000E+00  0.0000000E+00
   ge72     72   7.1777578E-08  2.0777020E-07  1.3599262E-07  4.1191552E-08  2.6962867E-08  1.8404207E-01
   ge73     73   2.1102288E-08  5.9804066E-08  3.8701778E-08  1.1856476E-08  7.6732904E-09  1.8897398E-01
   ge74     74   8.4523734E-08  2.6865169E-07  1.8412796E-07  5.3261633E-08  3.6506520E-08  1.6404404E-01
   as75     75   7.4062196E-09  3.4400951E-08  2.6994732E-08  6.8201724E-09  5.3521680E-09  1.0526562E-01
   se76     76   2.6772005E-08  5.4875976E-08  2.8103971E-08  1.0879456E-08  5.5720939E-09  2.9058874E-01
   se77     77   1.0081459E-08  3.3268208E-08  2.3186749E-08  6.5956001E-09  4.5971698E-09  1.5676378E-01
   se78     78   6.1410908E-08  1.3458286E-07  7.3171954E-08  2.6681771E-08  1.4507592E-08  2.6461932E-01
   se79     79   0.0000000E+00  0.0000000E+00  0.0000000E+00  0.0000000E+00  0.0000000E+00  0.0000000E+00
   se80     80   6.4881903E-08  2.2151411E-07  1.5663221E-07  4.3916359E-08  3.1055023E-08  1.5049444E-01
   br79     79   1.3107421E-08  3.8155395E-08  2.5047974E-08  7.5645108E-09  4.9661901E-09  1.8275751E-01
   br80     80   0.0000000E+00  0.0000000E+00  0.0000000E+00  0.0000000E+00  0.0000000E+00  0.0000000E+00
   br81     81   8.5039282E-09  3.3487503E-08  2.4983574E-08  6.6390764E-09  4.9534217E-09  1.2720236E-01
   kr80     80   1.2349277E-10  6.0927690E-09  5.9692762E-09  1.2079240E-09  1.1835113E-09  8.8672144E-03
   kr81     81   0.0000000E+00  0.0000000E+00  0.0000000E+00  0.0000000E+00  0.0000000E+00  0.0000000E+00
   kr82     82   2.7697624E-08  5.8355297E-08  3.0657674E-08  1.1569250E-08  6.0784093E-09  2.7951527E-01
   kr83     83   9.1135277E-09  3.9856253E-08  3.0742726E-08  7.9017157E-09  6.0952723E-09  1.1272831E-01
   kr84     84   5.1617974E-08  2.0495108E-07  1.5333310E-07  4.0632646E-08  3.0400916E-08  1.2598842E-01
   kr-5     85   1.7126308E-12  1.7126308E-12  0.0000000E+00  3.3953821E-13  0.0000000E+00  0.0000000E+00
   kr*5     85   0.0000000E+00  0.0000000E+00  0.0000000E+00  0.0000000E+00  0.0000000E+00  0.0000000E+00
   kr86     86   6.3019769E-08  1.1049379E-07  4.7474014E-08  2.1905985E-08  9.4125365E-09  3.6685613E-01
   rb85     85   1.7337584E-08  4.2223899E-08  2.4886315E-08  8.3711136E-09  4.9341389E-09  2.2957186E-01
   rb86     86   5.7823233E-25  5.7823233E-25  0.0000000E+00  1.1463765E-25  0.0000000E+00  0.0000000E+00
   rb87     87   2.0492315E-08  3.0974810E-08  1.0482496E-08  6.1409215E-09  2.0783344E-09  4.7051811E-01
   sr86     86   7.9864746E-09  1.9599305E-08  1.1612831E-08  3.8856669E-09  2.3024427E-09  2.2727674E-01
   sr87     87   3.0238727E-09  1.1233842E-08  8.2099696E-09  2.2271693E-09  1.6277671E-09  1.3616095E-01
   sr88     88   2.8812373E-08  1.2837387E-07  9.9561497E-08  2.5450806E-08  1.9739774E-08  1.1035936E-01
   sr89     89   4.0756666E-23  4.0756666E-23  0.0000000E+00  8.0802273E-24  0.0000000E+00  0.0000000E+00
   sr90     90   1.2419566E-12  1.2419566E-12  0.0000000E+00  2.4622454E-13  0.0000000E+00  0.0000000E+00
    y89     89   5.9592971E-09  2.9707449E-08  2.3748152E-08  5.8896608E-09  4.7084781E-09  9.7209737E-02
    y90     90   3.1408122E-16  3.1408122E-16  0.0000000E+00  6.2268284E-17  0.0000000E+00  0.0000000E+00
    y91     91   3.9783035E-23  3.9783035E-23  0.0000000E+00  7.8871994E-24  0.0000000E+00  0.0000000E+00
   zr90     90   3.3217589E-09  3.1625945E-08  2.8304186E-08  6.2700125E-09  5.6117897E-09  4.8167031E-02
   zr91     91   8.8516083E-10  7.1261073E-09  6.2409464E-09  1.4127889E-09  1.2373745E-09  5.7576090E-02
   zr92     92   1.3869297E-09  1.1031242E-08  9.6443120E-09  2.1870026E-09  1.9121502E-09  5.8327287E-02
   zr93     93   0.0000000E+00  0.0000000E+00  0.0000000E+00  0.0000000E+00  0.0000000E+00  0.0000000E+00
   zr94     94   1.3133823E-09  1.1299615E-08  9.9862332E-09  2.2402091E-09  1.9799418E-09  5.3636167E-02
   zr95     95   1.4412595E-22  1.4412595E-22  0.0000000E+00  2.8573741E-23  0.0000000E+00  0.0000000E+00
   zr96     96   1.2051384E-09  2.8481972E-09  1.6430588E-09  5.6467031E-10  3.2576458E-10  2.3889109E-01
   nb93     93   4.6198911E-10  4.7743303E-09  4.3123412E-09  9.4653652E-10  8.5499552E-10  4.4173528E-02
   nb94     94   9.1449658E-16  9.1449658E-16  0.0000000E+00  1.8130384E-16  0.0000000E+00  0.0000000E+00
   nb95     95   1.7355089E-22  1.7355089E-22  0.0000000E+00  3.4407393E-23  0.0000000E+00  0.0000000E+00
   mo94     94   3.0704328E-12  1.3545812E-09  1.3515108E-09  2.6855296E-10  2.6796015E-10  9.5972238E-04
   mo95     95   2.4928615E-10  2.6132825E-09  2.3639963E-09  5.1809723E-10  4.6870280E-10  4.3513734E-02
   mo96     96   4.9169668E-10  3.0063334E-09  2.5146367E-09  5.9602168E-10  4.9856980E-10  7.7536076E-02
   mo97     97   1.5475610E-10  1.6176660E-09  1.4629099E-09  3.2071093E-10  2.9004696E-10  4.3645464E-02
   mo98     98   3.6771253E-10  4.1233577E-09  3.7556451E-09  8.1747770E-10  7.4462103E-10  4.0540636E-02
   tc99     99   0.0000000E+00  0.0000000E+00  0.0000000E+00  0.0000000E+00  0.0000000E+00  0.0000000E+00
   ru99     99   1.9825808E-11  1.3311389E-09  1.3113131E-09  2.6390540E-10  2.5999028E-10  6.4911819E-03
  ru100    100   1.4765222E-10  1.4555938E-09  1.3079415E-09  2.8857924E-10  2.5932181E-10  4.6426050E-02
  ru101    101  -2.7684743E-11  1.7609526E-09  1.7886373E-09  3.4911826E-10  3.5462799E-10 -6.8004546E-03
  ru102    102   1.2591572E-10  3.4664391E-09  3.3405234E-09  6.8724010E-10  6.6231598E-10  1.6043253E-02
  rh103    103  -3.5051073E-11  2.0982822E-09  2.1333333E-09  4.1599568E-10  4.2296988E-10 -7.2206338E-03
  pd104    104   9.1904373E-11  1.0254664E-09  9.3356201E-10  2.0330419E-10  1.8509468E-10  4.0752418E-02
  pd105    105  -4.4322102E-11  1.8449648E-09  1.8892869E-09  3.6577413E-10  3.7458353E-10 -1.0335689E-02
  pd106    106   5.7908789E-11  2.3922602E-09  2.3343514E-09  4.7427839E-10  4.6282517E-10  1.0616358E-02
  pd107    107   0.0000000E+00  0.0000000E+00  0.0000000E+00  0.0000000E+00  0.0000000E+00  0.0000000E+00
  pd108    108   4.5568660E-11  2.3482567E-09  2.3026880E-09  4.6555446E-10  4.5654736E-10  8.4846765E-03
  ag107    107  -2.3967606E-11  1.5618865E-09  1.5858541E-09  3.0965236E-10  3.1442277E-10 -6.6395886E-03
  ag108    108   0.0000000E+00  0.0000000E+00  0.0000000E+00  0.0000000E+00  0.0000000E+00  0.0000000E+00
  ag109    109  -1.5860202E-11  1.4849955E-09  1.5008557E-09  2.9440830E-10  2.9757036E-10 -4.6396195E-03
  cd108    108   1.7971478E-11  1.0689818E-10  8.8926706E-11  2.1193138E-11  1.7631244E-11  7.9912312E-02
  cd109    109  -1.0974812E-22 -1.0974812E-22  0.0000000E+00 -2.1758152E-23  0.0000000E+00  0.0000000E+00
  cd110    110   6.5413452E-11  1.3365047E-09  1.2710912E-09  2.6496921E-10  2.5201560E-10  2.1768000E-02
  cd111    111  -1.1439627E-11  1.3030309E-09  1.3144705E-09  2.5833286E-10  2.6061631E-10 -3.8219537E-03
  cd112    112   4.5928150E-11  2.5462461E-09  2.5003180E-09  5.0480692E-10  4.9573090E-10  7.8793261E-03
  cd113    113  -3.8675729E-12  1.2736523E-09  1.2775199E-09  2.5250838E-10  2.5329019E-10 -1.3425780E-03
  cd114    114   7.0456529E-11  3.1005689E-09  3.0301124E-09  6.1470434E-10  6.0077171E-10  9.9568022E-03
  in115    115  -5.4514171E-12  1.1371036E-09  1.1425551E-09  2.2543688E-10  2.2653111E-10 -2.1029080E-03
  sn116    116   1.0479972E-10  3.6794765E-09  3.5746768E-09  7.2947587E-10  7.0874095E-10  1.2523402E-02
  sn117    117   6.2296834E-12  1.9106712E-09  1.9044415E-09  3.7880077E-10  3.7758816E-10  1.3925012E-03
  sn118    118   1.3455770E-10  5.9417626E-09  5.8072049E-09  1.1779863E-09  1.1513779E-09  9.9223433E-03
  sn119    119   2.7745362E-11  2.1942630E-09  2.1665176E-09  4.3502438E-10  4.2954923E-10  5.5006291E-03
  sn120    120   2.4258817E-10  8.5286880E-09  8.2860998E-09  1.6908580E-09  1.6428614E-09  1.2506199E-02
  sb121    121  -1.3863355E-12  1.2764477E-09  1.2778341E-09  2.5306260E-10  2.5335251E-10 -4.9724337E-04
  te122    122   4.0356329E-11  8.8975982E-10  8.4940349E-10  1.7639964E-10  1.6840879E-10  2.0132983E-02
  te123    123   1.3867546E-11  3.1275971E-10  2.9889216E-10  6.2006282E-11  5.9260492E-11  1.9670449E-02
  te124    124   6.2866046E-11  1.6676727E-09  1.6048066E-09  3.3062503E-10  3.1818043E-10  1.6662249E-02
  te125    125  -3.5085046E-11  2.3778741E-09  2.4129592E-09  4.7142623E-10  4.7841048E-10 -6.3869338E-03
  te126    126   6.1801231E-11  6.5432602E-09  6.4814589E-09  1.2972363E-09  1.2850603E-09  4.0956163E-03
   i127    127  -2.3517366E-10  7.8934823E-09  8.1286560E-09  1.5649251E-09  1.6116454E-09 -1.2775938E-02
   i128    128   0.0000000E+00  0.0000000E+00  0.0000000E+00  0.0000000E+00  0.0000000E+00  0.0000000E+00
   i129    129   6.4269296E-14  6.4269296E-14  0.0000000E+00  1.2741731E-14  0.0000000E+00  0.0000000E+00
  xe128    128   1.3829271E-10  1.0162692E-09  8.7797647E-10  2.0148080E-10  1.7407388E-10  6.3500084E-02
  xe129    129  -3.2482994E-10  1.0697069E-08  1.1021899E-08  2.1207511E-09  2.1852804E-09 -1.3017453E-02
  xe130    130   2.1934576E-10  2.0027027E-09  1.7833569E-09  3.9704651E-10  3.5358105E-10  5.0352383E-02
  xe131    131  -1.9849011E-10  8.7100833E-09  8.9085734E-09  1.7268206E-09  1.7662775E-09 -9.8117031E-03
  xe132    132   8.5855767E-11  1.1057525E-08  1.0971669E-08  2.1922133E-09  2.1753215E-09  3.3593462E-03
  xe133    133   1.0352962E-30  1.0352962E-30  0.0000000E+00  2.0525302E-31  0.0000000E+00  0.0000000E+00
  xe134    134   1.7154367E-10  4.2840171E-09  4.1124735E-09  8.4932933E-10  8.1536833E-10  1.7722290E-02
  cs133    133  -3.9985348E-11  2.8445286E-09  2.8845140E-09  5.6394300E-10  5.7190430E-10 -6.0881423E-03
  cs134    134  -5.5462654E-18 -5.5462654E-18  0.0000000E+00 -1.0995768E-18  0.0000000E+00  0.0000000E+00
  cs135    135   0.0000000E+00  0.0000000E+00  0.0000000E+00  0.0000000E+00  0.0000000E+00  0.0000000E+00
  cs136    136   2.3783985E-28  2.3783985E-28  0.0000000E+00  4.7153021E-29  0.0000000E+00  0.0000000E+00
  cs137    137   0.0000000E+00  0.0000000E+00  0.0000000E+00  0.0000000E+00  0.0000000E+00  0.0000000E+00
  ba134    134   8.9413255E-11  9.7370834E-10  8.8429508E-10  1.9304289E-10  1.7532664E-10  4.1805875E-02
  ba135    135   1.6297186E-11  2.4460953E-09  2.4297981E-09  4.8495147E-10  4.8174914E-10  2.8773542E-03
  ba136    136   2.0790303E-10  3.1243195E-09  2.9164164E-09  6.1941302E-10  5.7822958E-10  2.9880041E-02
  ba137    137   5.2962035E-10  4.7310551E-09  4.2014348E-09  9.3795693E-10  8.3300644E-10  5.1534548E-02
  ba138    138   7.0791195E-10  2.7723143E-08  2.7015231E-08  5.4962612E-09  5.3562323E-09  1.1207969E-02
  la139    139   5.5276006E-11  3.7607522E-09  3.7054761E-09  7.4558920E-10  7.3467410E-10  6.4048748E-03
  ce140    140   1.1513723E-10  8.6077545E-09  8.4926173E-09  1.7065334E-09  1.6838070E-09  5.8224653E-03
  ce141    141   3.9245907E-27  3.9245907E-27  0.0000000E+00  7.7807108E-28  0.0000000E+00  0.0000000E+00
  ce142    142   2.5123015E-11  1.1075141E-09  1.0823911E-09  2.1957058E-10  2.1460257E-10  9.9392449E-03
  pr141    141  -2.7903235E-12  1.4608702E-09  1.4636605E-09  2.8962532E-10  2.9019581E-10 -8.5461134E-04
  nd142    142   1.2475576E-11  1.9649258E-09  1.9524502E-09  3.8955705E-10  3.8710671E-10  2.7403741E-03
  nd143    143  -9.9361630E-12  8.6419494E-10  8.7413110E-10  1.7133127E-10  1.7331146E-10 -4.9906466E-03
  nd144    144   3.1474823E-12  1.7403963E-09  1.7372488E-09  3.4504286E-10  3.4443937E-10  7.6027808E-04
  nd145    145  -1.0411783E-11  6.3561728E-10  6.4602906E-10  1.2601452E-10  1.2808633E-10 -7.0822127E-03
  nd146    146   1.0463186E-11  1.2820168E-09  1.2715536E-09  2.5416669E-10  2.5210731E-10  3.5332090E-03
  nd147    147   2.1180646E-29  2.1180646E-29  0.0000000E+00  4.1991765E-30  0.0000000E+00  0.0000000E+00
  nd148    148  -5.3008431E-12  4.2480439E-10  4.3010523E-10  8.4219742E-11  8.5275731E-11 -5.4115411E-03
  pm147    147  -1.8374573E-17 -1.8374573E-17  0.0000000E+00 -3.6428575E-18  0.0000000E+00  0.0000000E+00
  pm148    148   1.0973762E-32  1.0973762E-32  0.0000000E+00  2.1756070E-33  0.0000000E+00  0.0000000E+00
  sm147    147  -8.1950002E-12  3.3801603E-10  3.4621103E-10  6.7013485E-11  6.8642272E-11 -1.0429437E-02
  sm148    148   7.4587003E-12  2.6882460E-10  2.6136590E-10  5.3295916E-11  5.1820267E-11  1.2194313E-02
  sm149    149  -1.2174567E-11  3.1135722E-10  3.2353178E-10  6.1728234E-11  6.4145723E-11 -1.6683865E-02
  sm150    150   1.0607709E-11  1.8453594E-10  1.7392823E-10  3.6585238E-11  3.4484252E-11  2.5685078E-02
  sm151    151   9.4359206E-16  9.4359206E-16  0.0000000E+00  1.8707218E-16  0.0000000E+00  0.0000000E+00
  sm152    152  -4.5224935E-12  6.3432781E-10  6.3885031E-10  1.2575888E-10  1.2666303E-10 -3.1112214E-03
  eu151    151  -1.9771518E-11  4.0165138E-10  4.2142290E-10  7.9629532E-11  8.3554309E-11 -2.0894684E-02
  eu152    152   3.0653028E-19  3.0653028E-19  0.0000000E+00  6.0771266E-20  0.0000000E+00  0.0000000E+00
  eu153    153  -1.6677215E-11  4.4944770E-10  4.6612492E-10  8.9105411E-11  9.2417254E-11 -1.5849000E-02
  eu154    154  -1.4543562E-18 -1.4543562E-18  0.0000000E+00 -2.8833389E-19  0.0000000E+00  0.0000000E+00
  eu155    155  -4.5208233E-18 -4.5208233E-18  0.0000000E+00 -8.9627739E-19  0.0000000E+00  0.0000000E+00
  gd152    152   2.2298023E-12  8.3829723E-12  6.1531700E-12  1.6619691E-12  1.2199714E-12  1.3427331E-01
  gd153    153   1.1613164E-25  1.1613164E-25  0.0000000E+00  2.3023719E-26  0.0000000E+00  0.0000000E+00
  gd154    154   1.2736950E-11  8.0689538E-11  6.7952588E-11  1.5997132E-11  1.3472765E-11  7.4585445E-02
  gd155    155  -1.7384982E-11  4.4693804E-10  4.6432302E-10  8.8607857E-11  9.2059992E-11 -1.6598707E-02
  gd156    156  -2.5479618E-12  6.4379146E-10  6.4633943E-10  1.2763510E-10  1.2814787E-10 -1.7412630E-03
  gd157    157  -1.1881052E-11  4.8543269E-10  4.9731375E-10  9.6239627E-11  9.8600975E-11 -1.0527263E-02
  gd158    158   2.7279290E-12  7.9711565E-10  7.9438772E-10  1.5803243E-10  1.5750097E-10  1.4629895E-03
  gd159    159   1.2716671E-39  1.2716671E-39  0.0000000E+00  2.5211461E-40  0.0000000E+00  0.0000000E+00
  gd160    160  -1.6425417E-11  6.9151213E-10  7.0793754E-10  1.3709597E-10  1.4036075E-10 -1.0220973E-02
  tb159    159  -1.9355351E-11  5.7991562E-10  5.9927097E-10  1.1497137E-10  1.1881574E-10 -1.4284242E-02
  tb160    160   6.3915345E-25  6.3915345E-25  0.0000000E+00  1.2671559E-25  0.0000000E+00  0.0000000E+00
  tb161    161   1.6839972E-31  1.6839972E-31  0.0000000E+00  3.3386147E-32  0.0000000E+00  0.0000000E+00
  dy160    160   1.2200831E-11  1.0288073E-10  9.0679901E-11  2.0396655E-11  1.7978844E-11  5.4797165E-02
  dy161    161  -2.7476077E-11  7.1257344E-10  7.4004952E-10  1.4127149E-10  1.4672751E-10 -1.6456997E-02
  dy162    162  -2.1405100E-12  1.0021453E-09  1.0042858E-09  1.9868066E-10  1.9911686E-10 -9.5245655E-04
  dy163    163  -2.7080782E-11  9.6042840E-10  9.8750919E-10  1.9041006E-10  1.9579061E-10 -1.2101967E-02
  dy164    164   1.0098367E-11  1.1379004E-09  1.1278021E-09  2.2559485E-10  2.2360609E-10  3.8455250E-03
  ho165    165  -2.7486291E-11  8.5094121E-10  8.7842750E-10  1.6870365E-10  1.7416331E-10 -1.3832190E-02
  er166    166  -2.7240432E-12  8.3176027E-10  8.3448431E-10  1.6490093E-10  1.6545082E-10 -1.4458316E-03
  er167    167  -1.4355073E-11  5.5868210E-10  5.7303717E-10  1.1076171E-10  1.1361444E-10 -1.1043883E-02
  er168    168   9.5318753E-12  6.8957673E-10  6.8004485E-10  1.3671228E-10  1.3483055E-10  6.0192416E-03
  er169    169   1.0143297E-29  1.0143297E-29  0.0000000E+00  2.0109629E-30  0.0000000E+00  0.0000000E+00
  er170    170  -5.5393468E-12  3.7477912E-10  3.8031847E-10  7.4301967E-11  7.5404655E-11 -6.3978359E-03
  tm169    169  -9.6546382E-12  3.9223544E-10  4.0189008E-10  7.7762775E-11  7.9681595E-11 -1.0586277E-02
  tm170    170  -1.5535119E-22 -1.5535119E-22  0.0000000E+00 -3.0799203E-23  0.0000000E+00  0.0000000E+00
  tm171    171  -1.1206941E-17 -1.1206941E-17  0.0000000E+00 -2.2218359E-18  0.0000000E+00  0.0000000E+00
  yb170    170   9.5206065E-12  8.5531998E-11  7.6011392E-11  1.6957175E-11  1.5070561E-11  5.1224079E-02
  yb171    171  -4.8989979E-12  3.5661890E-10  3.6151790E-10  7.0701604E-11  7.1677116E-11 -5.9512630E-03
  yb172    172   5.8882899E-12  5.6567917E-10  5.5979088E-10  1.1214892E-10  1.1098814E-10  4.5185708E-03
  yb173    173  -4.9149018E-12  4.1300469E-10  4.1791959E-10  8.1880384E-11  8.2859719E-11 -5.1635816E-03
  yb174    174   1.5326906E-11  8.5154861E-10  8.3622170E-10  1.6882407E-10  1.6579528E-10  7.8621935E-03
  lu175    175  -9.7178099E-12  3.6770981E-10  3.7742762E-10  7.2900436E-11  7.4831488E-11 -1.1354262E-02
  lu176    176   6.5692269E-12  1.7586052E-11  1.1016825E-11  3.4865290E-12  2.1842742E-12  2.0308612E-01
  lu177    177   1.0553137E-30  1.0553137E-30  0.0000000E+00  2.0922158E-31  0.0000000E+00  0.0000000E+00
  hf176    176  -2.7919264E-12  8.1977813E-11  8.4769740E-11  1.6252539E-11  1.6807052E-11 -1.4570337E-02
  hf177    177  -6.5269179E-12  2.9815717E-10  3.0468408E-10  5.9111251E-11  6.0408838E-11 -9.4303302E-03
  hf178    178   1.0021456E-11  4.5953524E-10  4.4951379E-10  9.1105318E-11  8.9123812E-11  9.5499521E-03
  hf179    179  -4.5066728E-13  2.2525296E-10  2.2570362E-10  4.4657604E-11  4.4749610E-11 -8.9382974E-04
  hf180    180   1.8302748E-11  6.0281413E-10  5.8451138E-10  1.1951112E-10  1.1588940E-10  1.3364614E-02
  hf181    181   1.3128502E-26  1.3128502E-26  0.0000000E+00  2.6027957E-27  0.0000000E+00  0.0000000E+00
  hf182    182   1.1297179E-11  1.1297179E-11  0.0000000E+00  2.2397262E-12  0.0000000E+00  0.0000000E+00
  ta181    181  -6.1900485E-13  2.4703561E-10  2.4765462E-10  4.8976132E-11  4.9101771E-11 -1.1126829E-03
  ta182    182   1.0365103E-19  1.0365103E-19  0.0000000E+00  2.0549372E-20  0.0000000E+00  0.0000000E+00
  ta183    183   4.3792328E-32  4.3792328E-32  0.0000000E+00  8.6820632E-33  0.0000000E+00  0.0000000E+00
   w182    182   5.2332305E-12  3.9386622E-10  3.8863299E-10  7.8086086E-11  7.7053156E-11  5.7832324E-03
   w183    183   4.5441567E-12  2.1555990E-10  2.1101575E-10  4.2735905E-11  4.1837488E-11  9.2273187E-03
   w184    184   1.3393675E-11  4.6767595E-10  4.5428228E-10  9.2719256E-11  9.0069244E-11  1.2593415E-02
   w185    185   3.0399437E-24  3.0399437E-24  0.0000000E+00  6.0268510E-25  0.0000000E+00  0.0000000E+00
   w186    186   1.3284096E-12  4.2742684E-10  4.2609843E-10  8.4739660E-11  8.4481318E-11  1.3260273E-03
  re185    185  -2.2290642E-12  2.1433963E-10  2.1656869E-10  4.2493977E-11  4.2938458E-11 -4.5190724E-03
  re186    186   8.6350133E-33  8.6350133E-33  0.0000000E+00  1.7119376E-33  0.0000000E+00  0.0000000E+00
  re187    187  -1.2322393E-11  3.8261622E-10  3.9493861E-10  7.5855711E-11  7.8303343E-11 -1.3792027E-02
  os186    186   8.7007762E-12  1.2873531E-10  1.2003454E-10  2.5522464E-11  2.3798902E-11  3.0365678E-02
  os187    187  -9.6075925E-14  9.5889560E-11  9.5985636E-11  1.9010618E-11  1.9030796E-11 -4.6072979E-04
  os188    188   2.4913405E-12  1.0150756E-09  1.0125842E-09  2.0124416E-10  2.0076218E-10  1.0413855E-03
  os189    189  -4.4820814E-11  1.1963309E-09  1.2411517E-09  2.3717900E-10  2.4607960E-10 -1.5999375E-02
  os190    190  -5.0308646E-12  2.0240511E-09  2.0290820E-09  4.0127895E-10  4.0230028E-10 -1.1039370E-03
  os191    191   2.8874567E-28  2.8874567E-28  0.0000000E+00  5.7245373E-29  0.0000000E+00  0.0000000E+00
  os192    192  -7.4904527E-11  3.1096401E-09  3.1845446E-09  6.1650279E-10  6.3139055E-10 -1.0363022E-02
  ir191    191  -1.0305290E-10  2.5820808E-09  2.6851337E-09  5.1191135E-10  5.3237376E-10 -1.7021883E-02
  ir192    192   2.2655144E-24  2.2655144E-24  0.0000000E+00  4.4915033E-25  0.0000000E+00  0.0000000E+00
  ir193    193  -1.5063417E-10  4.4102366E-09  4.5608708E-09  8.7435298E-10  9.0427077E-10 -1.4611698E-02
  pt192    192   5.2647650E-11  1.6555454E-10  1.1290689E-10  3.2822075E-11  2.2385725E-11  1.6619487E-01
  pt193    193   3.2437225E-16  3.2437225E-16  0.0000000E+00  6.4308535E-17  0.0000000E+00  0.0000000E+00
  pt194    194  -2.5579983E-11  4.7839470E-09  4.8095270E-09  9.4844310E-10  9.5357122E-10 -2.3418644E-03
  pt195    195  -1.3100054E-10  4.8303259E-09  4.9613265E-09  9.5763797E-10  9.8366804E-10 -1.1647208E-02
  pt196    196   3.3269831E-11  3.7537755E-09  3.7205057E-09  7.4420609E-10  7.3765399E-10  3.8404961E-03
  au197    197  -4.6012527E-11  2.1962694E-09  2.2422819E-09  4.3542214E-10  4.4457080E-10 -9.0304213E-03
  hg198    198   6.3468453E-11  5.9020044E-10  5.2673199E-10  1.1701039E-10  1.0443365E-10  4.9383987E-02
  hg199    199  -4.3137716E-12  8.9143803E-10  8.9575181E-10  1.7673235E-10  1.7759814E-10 -2.1223649E-03
  hg200    200   3.9947712E-11  1.2726453E-09  1.2326976E-09  2.5230873E-10  2.4440344E-10  1.3824983E-02
  hg201    201   9.0401020E-12  7.1587464E-10  7.0683454E-10  1.4192597E-10  1.4014206E-10  5.4933699E-03
  hg202    202   6.4253380E-11  1.6736219E-09  1.6093685E-09  3.3180450E-10  3.1908490E-10  1.6976021E-02
  tl203    203   3.9615311E-11  6.7624040E-10  6.3662509E-10  1.3406827E-10  1.2622182E-10  2.6191557E-02
  tl204    204  -2.4375872E-16 -2.4375872E-16  0.0000000E+00 -4.8326469E-17  0.0000000E+00  0.0000000E+00
  tl205    205   9.6944341E-11  1.6316373E-09  1.5346929E-09  3.2348083E-10  3.0427916E-10  2.6576351E-02
  pb204    204   1.9476198E-11  8.2528623E-10  8.0581003E-10  1.6361741E-10  1.5976563E-10  1.0346135E-02
  pb205    205   0.0000000E+00  0.0000000E+00  0.0000000E+00  0.0000000E+00  0.0000000E+00  0.0000000E+00
  pb206    206   2.3896529E-10  7.8103906E-09  7.5714253E-09  1.5484517E-09  1.5011649E-09  1.3469275E-02
  pb207    207   2.1590196E-10  8.6352170E-09  8.4193150E-09  1.7119779E-09  1.6692735E-09  1.0970674E-02
  pb208    208   3.4178527E-10  2.4556861E-08  2.4215076E-08  4.8685291E-09  4.8010542E-09  6.0611591E-03
  bi209    209   1.5085155E-11  1.6991963E-09  1.6841112E-09  3.3687475E-10  3.3390390E-10  3.8469620E-03
  bi210    210   0.0000000E+00  0.0000000E+00  0.0000000E+00  0.0000000E+00  0.0000000E+00  0.0000000E+00
  po210    210   0.0000000E+00  0.0000000E+00  0.0000000E+00  0.0000000E+00  0.0000000E+00  0.0000000E+00
