  species    A      yield       mass(i)_lost    mass(i)_0        <X(i)>          X0(i)   log10(<X(i)>/X0(i)) 
      n      1   0.0000000E+00  0.0000000E+00  0.0000000E+00  0.0000000E+00  0.0000000E+00  0.0000000E+00
      p      1  -5.6513524E-01  3.8027766E+00  4.3679118E+00  6.3804978E-01  7.3292029E-01 -6.0202189E-02
      d      2   2.5987477E-17  2.5987477E-17  0.0000000E+00  4.3603151E-18  0.0000000E+00  0.0000000E+00
    he3      3   4.8665729E-08  4.8665729E-08  0.0000000E+00  8.1653910E-09  0.0000000E+00  0.0000000E+00
    he4      4   5.5088854E-01  2.1002162E+00  1.5493276E+00  3.5238525E-01  2.5997174E-01  1.3209157E-01
    li7      7  -2.6524194E-08  5.8903787E-10  2.7113233E-08  9.8831859E-11  4.5495052E-09 -1.6630672E+00
    be7      7   5.9791842E-13  5.9791842E-13  0.0000000E+00  1.0032188E-13  0.0000000E+00  0.0000000E+00
     b8      8   2.2742862E-25  2.2742862E-25  0.0000000E+00  3.8159165E-26  0.0000000E+00  0.0000000E+00
    c12     12  -4.4704792E-03  2.9945388E-03  7.4650180E-03  5.0243939E-04  1.2526038E-03 -3.9673007E-01
    c13     13   4.0970053E-04  5.0016190E-04  9.0461363E-05  8.3919782E-05  1.5179100E-05  7.4261832E-01
    c14     14   2.9607308E-09  2.9607308E-09  0.0000000E+00  4.9676691E-10  0.0000000E+00  0.0000000E+00
    n13     13   0.0000000E+00  0.0000000E+00  0.0000000E+00  0.0000000E+00  0.0000000E+00  0.0000000E+00
    n14     14   2.6243210E-02  2.8450310E-02  2.2071004E-03  4.7735418E-03  3.7034374E-04  1.1102357E+00
    n15     15  -4.2690585E-06  1.1672938E-06  5.4363522E-06  1.9585467E-07  9.1220090E-07 -6.6815656E-01
    o14     14   0.0000000E+00  0.0000000E+00  0.0000000E+00  0.0000000E+00  0.0000000E+00  0.0000000E+00
    o15     15   0.0000000E+00  0.0000000E+00  0.0000000E+00  0.0000000E+00  0.0000000E+00  0.0000000E+00
    o16     16  -8.4949397E-03  9.5311292E-03  1.8026069E-02  1.5991827E-03  3.0247113E-03 -2.7678585E-01
    o17     17   4.2827174E-05  5.0103710E-05  7.2765361E-06  8.4066623E-06  1.2209773E-06  8.3791602E-01
    o18     18  -4.0538886E-05  1.9767517E-08  4.0558654E-05  3.3166976E-09  6.8055997E-06 -3.3121605E+00
    o19     19   0.0000000E+00  0.0000000E+00  0.0000000E+00  0.0000000E+00  0.0000000E+00  0.0000000E+00
    f17     17   0.0000000E+00  0.0000000E+00  0.0000000E+00  0.0000000E+00  0.0000000E+00  0.0000000E+00
    f18     18   1.8407952E-37  1.8407952E-37  0.0000000E+00  3.0885826E-38  0.0000000E+00  0.0000000E+00
    f19     19  -1.0636866E-06  1.0429186E-07  1.1679784E-06  1.7498634E-08  1.9598269E-07 -1.0492136E+00
    f20     20   0.0000000E+00  0.0000000E+00  0.0000000E+00  0.0000000E+00  0.0000000E+00  0.0000000E+00
   ne19     19   0.0000000E+00  0.0000000E+00  0.0000000E+00  0.0000000E+00  0.0000000E+00  0.0000000E+00
   ne20     20   4.2510685E-05  3.7402189E-03  3.6977082E-03  6.2755350E-04  6.2046252E-04  4.9351766E-03
   ne21     21  -9.0394278E-06  2.6771056E-07  9.3071385E-06  4.4917879E-08  1.5617053E-06 -1.5411798E+00
   ne22     22   2.7852540E-04  5.7760999E-04  2.9908458E-04  9.6914424E-05  5.0185346E-05  2.8581151E-01
   ne23     23   0.0000000E+00  0.0000000E+00  0.0000000E+00  0.0000000E+00  0.0000000E+00  0.0000000E+00
   na21     21   0.0000000E+00  0.0000000E+00  0.0000000E+00  0.0000000E+00  0.0000000E+00  0.0000000E+00
   na22     22   1.2964899E-09  1.2964899E-09  0.0000000E+00  2.1753187E-10  0.0000000E+00  0.0000000E+00
   na23     23  -7.7085133E-06  9.2390255E-05  1.0009877E-04  1.5501721E-05  1.6796224E-05 -3.4831770E-02
   na24     24   2.9981029E-33  2.9981029E-33  0.0000000E+00  5.0303738E-34  0.0000000E+00  0.0000000E+00
   mg23     23   0.0000000E+00  0.0000000E+00  0.0000000E+00  0.0000000E+00  0.0000000E+00  0.0000000E+00
   mg24     24  -1.5574389E-03  2.0643485E-04  1.7638737E-03  3.4636720E-05  2.9597184E-04 -9.3171364E-01
   mg25     25   1.5689885E-03  1.8015963E-03  2.3260771E-04  3.0228126E-04  3.9030758E-05  8.8900423E-01
   mg26     26   1.0749706E-04  3.7384196E-04  2.6634490E-04  6.2725157E-05  4.4691740E-05  1.4721452E-01
   mg27     27   0.0000000E+00  0.0000000E+00  0.0000000E+00  0.0000000E+00  0.0000000E+00  0.0000000E+00
   al25     25   0.0000000E+00  0.0000000E+00  0.0000000E+00  0.0000000E+00  0.0000000E+00  0.0000000E+00
   al-6     26   0.0000000E+00  0.0000000E+00  0.0000000E+00  0.0000000E+00  0.0000000E+00  0.0000000E+00
   al*6     26   0.0000000E+00  0.0000000E+00  0.0000000E+00  0.0000000E+00  0.0000000E+00  0.0000000E+00
   al27     27   6.7002926E-05  2.3684825E-04  1.6984533E-04  3.9739640E-05  2.8499451E-05  1.4438742E-01
   al28     28   0.0000000E+00  0.0000000E+00  0.0000000E+00  0.0000000E+00  0.0000000E+00  0.0000000E+00
   si27     27   0.0000000E+00  0.0000000E+00  0.0000000E+00  0.0000000E+00  0.0000000E+00  0.0000000E+00
   si28     28   2.1929154E-05  1.9749994E-03  1.9530703E-03  3.3137575E-04  3.2771836E-04  4.8199394E-03
   si29     29   3.3617471E-06  1.0607978E-04  1.0271803E-04  1.7798620E-05  1.7235727E-05  1.3956756E-02
   si30     30   4.9578011E-06  7.5002899E-05  7.0045098E-05  1.2584379E-05  1.1753322E-05  2.9671161E-02
    p31     31   9.2794471E-07  2.0428706E-05  1.9500761E-05  3.4276352E-06  3.2721596E-06  2.0160116E-02
    p32     32  -3.3350575E-23 -3.3350575E-23  0.0000000E+00 -5.5957339E-24  0.0000000E+00  0.0000000E+00
    p33     33  -2.3170844E-22 -2.3170844E-22  0.0000000E+00 -3.8877255E-23  0.0000000E+00  0.0000000E+00
    s32     32  -2.6868656E-06  9.3324046E-04  9.3592732E-04  1.5658396E-04  1.5704533E-04 -1.2777455E-03
    s33     33   4.6708919E-08  7.7737923E-06  7.7270834E-06  1.3043276E-06  1.2965775E-06  2.5882206E-03
    s34     34   6.5075074E-07  4.5589415E-05  4.4938664E-05  7.6492306E-06  7.5405505E-06  6.2147039E-03
    s35     35   7.2531680E-16  7.2531680E-16  0.0000000E+00  1.2169745E-16  0.0000000E+00  0.0000000E+00
    s36     36   8.6840984E-08  3.0866775E-07  2.2182677E-07  5.1789890E-08  3.7221753E-08  1.4344816E-01
   cl35     35  -5.8280420E-09  9.5950718E-06  9.6008998E-06  1.6099114E-06  1.6109974E-06 -2.9286902E-04
   cl36     36   0.0000000E+00  0.0000000E+00  0.0000000E+00  0.0000000E+00  0.0000000E+00  0.0000000E+00
   cl37     37   3.3467927E-07  3.5785094E-06  3.2438302E-06  6.0042106E-07  5.4430336E-07  4.2614911E-02
   ar36     36  -9.5066207E-07  1.7783220E-04  1.7878287E-04  2.9837618E-05  2.9999139E-05 -2.3446491E-03
   ar37     37  -1.4888876E-19 -1.4888876E-19  0.0000000E+00 -2.4981336E-20  0.0000000E+00  0.0000000E+00
   ar38     38   3.6271013E-07  3.4675191E-05  3.4312481E-05  5.8179849E-06  5.7575144E-06  4.5375791E-03
   ar39     39   1.1332114E-09  1.1332114E-09  0.0000000E+00  1.9013614E-10  0.0000000E+00  0.0000000E+00
   ar40     40   8.2345913E-08  1.4011319E-07  5.7767274E-08  2.3508925E-08  9.6931458E-09  3.8476801E-01
    k39     39   7.3328920E-08  9.3812623E-06  9.3079334E-06  1.5740372E-06  1.5618388E-06  3.3788159E-03
    k40     40  -1.5067779E-09  0.0000000E+00  1.5067779E-09  0.0000000E+00  2.5283206E-10  0.0000000E+00
    k41     41   5.9626245E-08  7.6578795E-07  7.0616170E-07  1.2848791E-07  1.1849146E-07  3.5175212E-02
   ca40     40  -6.5394852E-07  1.6049994E-04  1.6115389E-04  2.6929520E-05  2.7041060E-05 -1.7951175E-03
   ca41     41   0.0000000E+00  0.0000000E+00  0.0000000E+00  0.0000000E+00  0.0000000E+00  0.0000000E+00
   ca42     42   2.7001079E-08  1.1563841E-06  1.1293830E-06  1.9402417E-07  1.8950651E-07  1.0231718E-02
   ca43     43   7.8079552E-09  2.4906598E-07  2.4125802E-07  4.1789594E-08  4.0482252E-08  1.3803468E-02
   ca44     44   1.4418902E-08  3.8290777E-06  3.8146588E-06  6.4246268E-07  6.4008640E-07  1.6092963E-03
   ca45     45   3.2951564E-14  3.2951564E-14  0.0000000E+00  5.5287856E-15  0.0000000E+00  0.0000000E+00
   ca46     46   2.1327374E-08  2.8974682E-08  7.6473077E-09  4.8615236E-09  1.2831914E-09  5.7848096E-01
   ca47     47   1.1684280E-26  1.1684280E-26  0.0000000E+00  1.9604495E-27  0.0000000E+00  0.0000000E+00
   ca48     48   1.7593038E-10  3.7323019E-07  3.7305426E-07  6.2622519E-08  6.2597195E-08  1.7567842E-04
   sc45     45   1.1927995E-08  1.1954980E-07  1.0762180E-07  2.0058691E-08  1.8058563E-08  4.5619383E-02
   sc46     46  -1.4464177E-19 -1.4464177E-19  0.0000000E+00 -2.4268754E-20  0.0000000E+00  0.0000000E+00
   sc47     47   3.4358168E-26  3.4358168E-26  0.0000000E+00  5.7647933E-27  0.0000000E+00  0.0000000E+00
   sc48     48   2.7288020E-32  6.7904925E-29  6.7877637E-29  1.1393443E-29  1.1389629E-29  0.0000000E+00
   ti46     46  -1.7600428E-09  6.5575193E-07  6.5751198E-07  1.1002549E-07  1.1032820E-07 -1.1932206E-03
   ti47     47  -3.2617891E-09  6.0258731E-07  6.0584910E-07  1.0110525E-07  1.0165935E-07 -2.3736430E-03
   ti48     48  -4.2339252E-08  6.0884213E-06  6.1307605E-06  1.0215472E-06  1.0287201E-06 -3.0388250E-03
   ti49     49   1.7744441E-08  4.7702798E-07  4.5928354E-07  8.0038248E-08  7.7066169E-08  1.6433800E-02
   ti50     50   3.6638454E-08  4.8537731E-07  4.4873886E-07  8.1439147E-08  7.5296811E-08  3.4056656E-02
    v51     51  -7.6822744E-09  9.8126009E-07  9.8894236E-07  1.6464095E-07  1.6594106E-07 -3.4159804E-03
   cr52     52  -1.8503852E-07  4.0354666E-05  4.0539704E-05  6.7709170E-06  6.8024206E-06 -2.0159858E-03
   cr53     53  -3.5153789E-08  4.6501018E-06  4.6852556E-06  7.8021844E-07  7.8616949E-07 -3.2999720E-03
   cr54     54   1.4872444E-07  1.3369902E-06  1.1882657E-06  2.2432721E-07  1.9938683E-07  5.1185470E-02
   mn55     55   2.4374094E-07  3.5648114E-05  3.5404373E-05  5.9812273E-06  5.9407294E-06  2.9505326E-03
   fe54     54  -2.1235610E-06  2.3115333E-04  2.3327689E-04  3.8784117E-05  3.9143044E-05 -4.0006940E-03
   fe55     55   2.1611434E-13  2.1611434E-13  0.0000000E+00  3.6260796E-14  0.0000000E+00  0.0000000E+00
   fe56     56  -2.0353356E-05  3.7771675E-03  3.7975209E-03  6.3375296E-04  6.3721073E-04 -2.3630760E-03
   fe57     57   2.3867833E-06  9.1654605E-05  8.9267822E-05  1.5378289E-05  1.4978827E-05  1.1430208E-02
   fe58     58   7.7773502E-06  1.9865729E-05  1.2088379E-05  3.3331760E-06  2.0283876E-06  2.1570730E-01
   fe59     59  -1.0836395E-17 -1.0836395E-17  0.0000000E+00 -1.8181870E-18  0.0000000E+00  0.0000000E+00
   fe60     60   0.0000000E+00  0.0000000E+00  0.0000000E+00  0.0000000E+00  0.0000000E+00  0.0000000E+00
   co59     59   3.1334030E-06  1.2456026E-05  9.3226226E-06  2.0899372E-06  1.5643035E-06  1.2581223E-01
   co60     60   1.3420251E-10  1.3420251E-10  0.0000000E+00  2.2517200E-11  0.0000000E+00  0.0000000E+00
   ni58     58  -1.0569202E-06  1.3233136E-04  1.3338828E-04  2.2203249E-05  2.2382086E-05 -3.4840293E-03
   ni59     59   0.0000000E+00  0.0000000E+00  0.0000000E+00  0.0000000E+00  0.0000000E+00  0.0000000E+00
   ni60     60   4.9920636E-06  5.8145321E-05  5.3153257E-05  9.7559259E-06  8.9189307E-06  3.8955696E-02
   ni61     61   1.1117017E-06  3.4607951E-06  2.3490934E-06  5.8067030E-07  3.9416963E-07  1.6824645E-01
   ni62     62   2.0033867E-06  9.6158228E-06  7.6124361E-06  1.6133931E-06  1.2773401E-06  1.0143369E-01
   ni63     63   0.0000000E+00  0.0000000E+00  0.0000000E+00  0.0000000E+00  0.0000000E+00  0.0000000E+00
   ni64     64   1.6118684E-06  3.6131228E-06  2.0012544E-06  6.0622864E-07  3.3580349E-07  2.5655127E-01
   cu63     63   1.0746683E-06  2.7264334E-06  1.6517652E-06  4.5745526E-07  2.7716041E-07  2.1761744E-01
   cu64     64   3.5191436E-34  3.5191436E-34  0.0000000E+00  5.9046034E-35  0.0000000E+00  0.0000000E+00
   cu65     65   2.5455779E-07  1.0141350E-06  7.5957723E-07  1.7015688E-07  1.2745440E-07  1.2549470E-01
   zn64     64  -2.1798769E-08  2.8081790E-06  2.8299778E-06  4.7117098E-07  4.7486037E-07 -3.3873862E-03
   zn65     65   6.7775639E-18  6.7775639E-18  0.0000000E+00  1.1371751E-18  0.0000000E+00  0.0000000E+00
   zn66     66   2.1376695E-07  1.8880846E-06  1.6743177E-06  3.1679272E-07  2.8094465E-07  5.2154455E-02
   zn67     67   4.7597240E-08  2.9736793E-07  2.4977069E-07  4.9893949E-08  4.1910646E-08  7.5723536E-02
   zn68     68   2.5554345E-07  1.4148457E-06  1.1593022E-06  2.3739021E-07  1.9452685E-07  8.6483277E-02
   zn69     69   0.0000000E+00  0.0000000E+00  0.0000000E+00  0.0000000E+00  0.0000000E+00  0.0000000E+00
   zn70     70   1.1972716E-09  4.0659536E-08  3.9462265E-08  6.8220696E-09  6.6216299E-09  1.2951247E-02
   ga69     69   3.5587092E-08  1.4187189E-07  1.0628480E-07  2.3804009E-08  1.7834218E-08  1.2539607E-01
   ga70     70   0.0000000E+00  0.0000000E+00  0.0000000E+00  0.0000000E+00  0.0000000E+00  0.0000000E+00
   ga71     71   2.7852955E-08  1.0043541E-07  7.2582452E-08  1.6851578E-08  1.2179081E-08  1.4102605E-01
   ge70     70   5.0561596E-08  1.6877945E-07  1.1821786E-07  2.8318700E-08  1.9836543E-08  1.5460736E-01
   ge71     71   5.9063132E-24  5.9063132E-24  0.0000000E+00  9.9099212E-25  0.0000000E+00  0.0000000E+00
   ge72     72   4.4846232E-08  2.0553414E-07  1.6068790E-07  3.4485591E-08  2.6962867E-08  1.0687161E-01
   ge73     73   1.3234509E-08  5.8964254E-08  4.5729745E-08  9.8933315E-09  7.6732904E-09  1.1036092E-01
   ge74     74   5.3869755E-08  2.7143403E-07  2.1756428E-07  4.5542624E-08  3.6506520E-08  9.6047588E-02
   as75     75   4.5443898E-09  3.6441172E-08  3.1896782E-08  6.1142904E-09  5.3521680E-09  5.7816304E-02
   se76     76   1.7516459E-08  5.0723912E-08  3.3207453E-08  8.5107237E-09  5.5720939E-09  1.8394807E-01
   se77     77   6.3651626E-09  3.3762458E-08  2.7397295E-08  5.6648419E-09  4.5971698E-09  9.0697266E-02
   se78     78   4.0316117E-08  1.2677556E-07  8.6459444E-08  2.1271067E-08  1.4507592E-08  1.6619393E-01
   se79     79   0.0000000E+00  0.0000000E+00  0.0000000E+00  0.0000000E+00  0.0000000E+00  0.0000000E+00
   se80     80   4.3918391E-08  2.2899390E-07  1.8507551E-07  3.8421796E-08  3.1055023E-08  9.2445776E-02
   br79     79   8.3351175E-09  3.7931624E-08  2.9596507E-08  6.3643664E-09  4.9661901E-09  1.0773182E-01
   br80     80   0.0000000E+00  0.0000000E+00  0.0000000E+00  0.0000000E+00  0.0000000E+00  0.0000000E+00
   br81     81   5.8963181E-09  3.5416729E-08  2.9520411E-08  5.9424043E-09  4.9534217E-09  7.9056911E-02
   kr80     80   4.2585313E-10  7.4791071E-09  7.0532540E-09  1.2548838E-09  1.1835113E-09  2.5431102E-02
   kr81     81   0.0000000E+00  0.0000000E+00  0.0000000E+00  0.0000000E+00  0.0000000E+00  0.0000000E+00
   kr82     82   1.9245345E-08  5.5470231E-08  3.6224886E-08  9.3070858E-09  6.0784093E-09  1.8502380E-01
   kr83     83   6.1214855E-09  4.2446867E-08  3.6325382E-08  7.1219577E-09  6.0952723E-09  6.7606285E-02
   kr84     84   3.6764902E-08  2.1794220E-07  1.8117730E-07  3.6567481E-08  3.0400916E-08  8.0208369E-02
   kr-5     85   9.5934788E-12  9.5934788E-12  0.0000000E+00  1.6096441E-12  0.0000000E+00  0.0000000E+00
   kr*5     85  -1.1604601E-39 -1.1604601E-39  0.0000000E+00 -1.9470762E-40  0.0000000E+00  0.0000000E+00
   kr86     86   4.6561077E-08  1.0265603E-07  5.6094954E-08  1.7224167E-08  9.4125365E-09  2.6243156E-01
   rb85     85   1.2295551E-08  4.1701043E-08  2.9405491E-08  6.9968191E-09  4.9341389E-09  1.5168929E-01
   rb86     86  -7.6109351E-23 -7.6109351E-23  0.0000000E+00 -1.2770025E-23  0.0000000E+00  0.0000000E+00
   rb87     87   1.4522606E-08  2.6908648E-08  1.2386042E-08  4.5148738E-09  2.0783344E-09  3.3693022E-01
   sr86     86   5.7651395E-09  1.9486777E-08  1.3721637E-08  3.2695935E-09  2.3024427E-09  1.5230493E-01
   sr87     87   2.1904309E-09  1.1891272E-08  9.7008410E-09  1.9951798E-09  1.6277671E-09  8.8389769E-02
   sr88     88   2.0868690E-08  1.3850985E-07  1.1764116E-07  2.3239908E-08  1.9739774E-08  7.0892237E-02
   sr89     89   4.6540102E-19  4.6540102E-19  0.0000000E+00  7.8087420E-20  0.0000000E+00  0.0000000E+00
   sr90     90   3.5836663E-12  3.5836663E-12  0.0000000E+00  6.0128627E-13  0.0000000E+00  0.0000000E+00
    y89     89   4.2783430E-09  3.2338988E-08  2.8060645E-08  5.4260045E-09  4.7084781E-09  6.1599616E-02
    y90     90   9.0628068E-16  9.0628068E-16  0.0000000E+00  1.5206052E-16  0.0000000E+00  0.0000000E+00
    y91     91   5.8737108E-19  5.8737108E-19  0.0000000E+00  9.8552192E-20  0.0000000E+00  0.0000000E+00
   zr90     90   2.4547226E-09  3.5898744E-08  3.3444021E-08  6.0232792E-09  5.6117897E-09  3.0731600E-02
   zr91     91   6.4730887E-10  8.0215665E-09  7.3742576E-09  1.3459004E-09  1.2373745E-09  3.6511753E-02
   zr92     92   1.0033396E-09  1.2398990E-08  1.1395651E-08  2.0803674E-09  1.9121502E-09  3.6618024E-02
   zr93     93   0.0000000E+00  0.0000000E+00  0.0000000E+00  0.0000000E+00  0.0000000E+00  0.0000000E+00
   zr94     94   9.1906838E-10  1.2718729E-08  1.1799661E-08  2.1340150E-09  1.9799418E-09  3.2545064E-02
   zr95     95   2.3553201E-18  2.3553201E-18  0.0000000E+00  3.9518794E-19  0.0000000E+00  0.0000000E+00
   zr96     96   8.7500740E-10  2.8164340E-09  1.9414266E-09  4.7255605E-10  3.2576458E-10  1.6154946E-01
   nb93     93   3.0615332E-10  5.4015845E-09  5.0954312E-09  9.0630614E-10  8.5499552E-10  2.5311070E-02
   nb94     94   1.1447249E-14  1.1447249E-14  0.0000000E+00  1.9206794E-15  0.0000000E+00  0.0000000E+00
   nb95     95   2.8395824E-18  2.8395824E-18  0.0000000E+00  4.7644001E-19  0.0000000E+00  0.0000000E+00
   mo94     94   4.8119730E-11  1.6450551E-09  1.5969354E-09  2.7601596E-10  2.6796015E-10  1.2863953E-02
   mo95     95   1.8340973E-10  2.9766909E-09  2.7932812E-09  4.9944476E-10  4.6870280E-10  2.7589902E-02
   mo96     96   3.3939296E-10  3.3106695E-09  2.9712766E-09  5.5548144E-10  4.9856980E-10  4.6943590E-02
   mo97     97   1.0428480E-10  1.8328488E-09  1.7285640E-09  3.0752495E-10  2.9004696E-10  2.5412060E-02
   mo98     98   2.7478508E-10  4.7124287E-09  4.4376436E-09  7.9067597E-10  7.4462103E-10  2.6063249E-02
   tc99     99   0.0000000E+00  0.0000000E+00  0.0000000E+00  0.0000000E+00  0.0000000E+00  0.0000000E+00
   ru99     99   1.0931145E-11  1.5603693E-09  1.5494381E-09  2.6180694E-10  2.5999028E-10  3.0240591E-03
  ru100    100   1.2451007E-10  1.6699643E-09  1.5454542E-09  2.8019534E-10  2.5932181E-10  3.3621851E-02
  ru101    101  -4.4433346E-11  2.0690076E-09  2.1134410E-09  3.4714892E-10  3.5462799E-10 -9.2571964E-03
  ru102    102   1.2975487E-10  4.0768930E-09  3.9471382E-09  6.8404243E-10  6.6231598E-10  1.4017817E-02
  rh103    103  -4.0913051E-11  2.4798184E-09  2.5207314E-09  4.1607690E-10  4.2296988E-10 -7.1358387E-03
  pd104    104   1.0772983E-10  1.2108200E-09  1.1030902E-09  2.0315771E-10  1.8509468E-10  4.0439375E-02
  pd105    105  -5.6610716E-11  2.1757574E-09  2.2323681E-09  3.6505995E-10  3.7458353E-10 -1.1184475E-02
  pd106    106   7.7648776E-11  2.8359015E-09  2.7582527E-09  4.7582238E-10  4.6282517E-10  1.2027912E-02
  pd107    107   0.0000000E+00  0.0000000E+00  0.0000000E+00  0.0000000E+00  0.0000000E+00  0.0000000E+00
  pd108    108   4.0101256E-11  2.7609410E-09  2.7208398E-09  4.6324514E-10  4.5654736E-10  6.3250307E-03
  ag107    107  -2.1188939E-11  1.8526448E-09  1.8738338E-09  3.1084643E-10  3.1442277E-10 -4.9681021E-03
  ag108    108   0.0000000E+00  0.0000000E+00  0.0000000E+00  0.0000000E+00  0.0000000E+00  0.0000000E+00
  ag109    109  -1.5505930E-11  1.7578943E-09  1.7734002E-09  2.9494870E-10  2.9757036E-10 -3.8431855E-03
  cd108    108   3.8414744E-11  1.4348990E-10  1.0507516E-10  2.4075486E-11  1.7631244E-11  1.3529211E-01
  cd109    109  -1.2313567E-21 -1.2313567E-21  0.0000000E+00 -2.0660347E-22  0.0000000E+00  0.0000000E+00
  cd110    110   7.2119533E-11  1.5740318E-09  1.5019123E-09  2.6409930E-10  2.5201560E-10  2.0339834E-02
  cd111    111  -1.4242607E-11  1.5389263E-09  1.5531689E-09  2.5820912E-10  2.6061631E-10 -4.0300079E-03
  cd112    112   5.0913940E-11  3.0052718E-09  2.9543579E-09  5.0424026E-10  4.9573090E-10  7.3915380E-03
  cd113    113  -2.6576519E-12  1.5068506E-09  1.5095083E-09  2.5282729E-10  2.5329019E-10 -7.9444173E-04
  cd114    114   6.9970474E-11  3.6503296E-09  3.5803591E-09  6.1247141E-10  6.0077171E-10  8.3763702E-03
  in115    115  -7.3017148E-12  1.3427331E-09  1.3500349E-09  2.2529080E-10  2.2653111E-10 -2.3843928E-03
  sn116    116   8.7890584E-11  4.3117030E-09  4.2238124E-09  7.2344009E-10  7.0874095E-10  8.9150462E-03
  sn117    117   2.8330671E-12  2.2531073E-09  2.2502742E-09  3.7803813E-10  3.7758816E-10  5.1725592E-04
  sn118    118   8.7904795E-11  6.9496564E-09  6.8617516E-09  1.1660497E-09  1.1513779E-09  5.4991976E-03
  sn119    119   1.7742696E-11  2.5776843E-09  2.5599416E-09  4.3249737E-10  4.2954923E-10  2.9705353E-03
  sn120    120   1.3146551E-10  9.9222621E-09  9.7907966E-09  1.6648091E-09  1.6428614E-09  5.7635121E-03
  sb121    121  -7.2460926E-12  1.5026335E-09  1.5098796E-09  2.5211971E-10  2.5335251E-10 -2.1183852E-03
  te122    122   3.1143199E-11  1.0347923E-09  1.0036491E-09  1.7362287E-10  1.6840879E-10  1.3242152E-02
  te123    123   9.5994046E-12  3.6276823E-10  3.5316883E-10  6.0867152E-11  5.9260492E-11  1.1617705E-02
  te124    124   3.0997871E-11  1.9272259E-09  1.8962281E-09  3.2336006E-10  3.1818043E-10  7.0128934E-03
  te125    125  -4.6164406E-11  2.8049707E-09  2.8511351E-09  4.7063264E-10  4.7841048E-10 -7.1186293E-03
  te126    126   4.9444893E-11  7.7078903E-09  7.6584454E-09  1.2932702E-09  1.2850603E-09  2.7657363E-03
   i127    127  -2.6484415E-10  9.3399173E-09  9.6047614E-09  1.5671002E-09  1.6116454E-09 -1.2172722E-02
   i128    128   0.0000000E+00  0.0000000E+00  0.0000000E+00  0.0000000E+00  0.0000000E+00  0.0000000E+00
   i129    129   3.6664289E-14  3.6664289E-14  0.0000000E+00  6.1517263E-15  0.0000000E+00  0.0000000E+00
  xe128    128   2.1882285E-10  1.2562336E-09  1.0374107E-09  2.1077744E-10  1.7407388E-10  8.3090514E-02
  xe129    129  -3.5322234E-10  1.2670174E-08  1.3023397E-08  2.1258681E-09  2.1852804E-09 -1.1970843E-02
  xe130    130   3.2308178E-10  2.4302835E-09  2.1072017E-09  4.0776568E-10  3.5358105E-10  6.1921708E-02
  xe131    131  -1.9839064E-10  1.0327916E-08  1.0526307E-08  1.7328718E-09  1.7662775E-09 -8.2924925E-03
  xe132    132   1.4988544E-10  1.3113931E-08  1.2964046E-08  2.2003239E-09  2.1753215E-09  4.9631749E-03
  xe133    133   2.2365761E-27  2.2365761E-27  0.0000000E+00  3.7526444E-28  0.0000000E+00  0.0000000E+00
  xe134    134   8.1219920E-11  4.9404894E-09  4.8592694E-09  8.2894114E-10  8.1536833E-10  7.1698697E-03
  cs133    133  -4.1847859E-11  3.3664731E-09  3.4083210E-09  5.6484445E-10  5.7190430E-10 -5.3945044E-03
  cs134    134   3.5787142E-16  3.5787142E-16  0.0000000E+00  6.0045537E-17  0.0000000E+00  0.0000000E+00
  cs135    135   0.0000000E+00  0.0000000E+00  0.0000000E+00  0.0000000E+00  0.0000000E+00  0.0000000E+00
  cs136    136  -3.3618617E-26 -3.3618617E-26  0.0000000E+00 -5.6407075E-27  0.0000000E+00  0.0000000E+00
  cs137    137   0.0000000E+00  0.0000000E+00  0.0000000E+00  0.0000000E+00  0.0000000E+00  0.0000000E+00
  ba134    134   9.6963437E-11  1.1418402E-09  1.0448767E-09  1.9158392E-10  1.7532664E-10  3.8511131E-02
  ba135    135  -2.1591839E-11  2.8494402E-09  2.8710321E-09  4.7809401E-10  4.8174914E-10 -3.3076406E-03
  ba136    136   1.3999868E-10  3.5860157E-09  3.4460170E-09  6.0168048E-10  5.7822958E-10  1.7265638E-02
  ba137    137   2.9719827E-10  5.2615836E-09  4.9643853E-09  8.8281604E-10  8.3300644E-10  2.5221875E-02
  ba138    138   4.1353232E-10  3.2334537E-08  3.1921005E-08  5.4252580E-09  5.3562323E-09  5.5609979E-03
  la139    139   3.1821656E-11  4.4101856E-09  4.3783639E-09  7.3996403E-10  7.3467410E-10  3.1158724E-03
  ce140    140   6.8635764E-11  1.0103451E-08  1.0034816E-08  1.6952100E-09  1.6838070E-09  2.9311979E-03
  ce141    141  -5.2515944E-23 -5.2515944E-23  0.0000000E+00 -8.8113996E-24  0.0000000E+00  0.0000000E+00
  ce142    142   1.2334023E-11  1.2912795E-09  1.2789455E-09  2.1665764E-10  2.1460257E-10  4.1390532E-03
  pr141    141  -5.4274363E-12  1.7240234E-09  1.7294508E-09  2.8926567E-10  2.9019581E-10 -1.3942537E-03
  nd142    142   1.3933743E-11  2.3209348E-09  2.3070010E-09  3.8941858E-10  3.8710671E-10  2.5859564E-03
  nd143    143  -1.1241563E-11  1.0216255E-09  1.0328670E-09  1.7141366E-10  1.7331146E-10 -4.7818436E-03
  nd144    144   7.8448359E-12  2.0605655E-09  2.0527207E-09  3.4573247E-10  3.4443937E-10  1.6274008E-03
  nd145    145  -1.1254442E-11  7.5208884E-10  7.6334328E-10  1.2618941E-10  1.2808633E-10 -6.4798850E-03
  nd146    146   1.5081492E-11  1.5175401E-09  1.5024586E-09  2.5462082E-10  2.5210731E-10  4.3085036E-03
  nd147    147   4.9795251E-28  4.9795251E-28  0.0000000E+00  8.3549080E-29  0.0000000E+00  0.0000000E+00
  nd148    148  -5.0244253E-12  5.0318483E-10  5.0820925E-10  8.4426986E-11  8.5275731E-11 -4.3441714E-03
  pm147    147   3.2500294E-16  3.2500294E-16  0.0000000E+00  5.4530694E-17  0.0000000E+00  0.0000000E+00
  pm148    148   3.8330788E-29  3.8330788E-29  0.0000000E+00  6.4313399E-30  0.0000000E+00  0.0000000E+00
  sm147    147  -1.1301515E-11  3.9777895E-10  4.0908046E-10  6.6741432E-11  6.8642272E-11 -1.2196124E-02
  sm148    148   1.2159829E-11  3.2098790E-10  3.0882807E-10  5.3857030E-11  5.1820267E-11  1.6742757E-02
  sm149    149  -1.5960872E-11  3.6632197E-10  3.8228284E-10  6.1463418E-11  6.4145723E-11 -1.8551003E-02
  sm150    150   1.5811491E-11  2.2132383E-10  2.0551234E-10  3.7134872E-11  3.4484252E-11  3.2161102E-02
  sm151    151   1.4910914E-15  1.4910914E-15  0.0000000E+00  2.5018312E-16  0.0000000E+00  0.0000000E+00
  sm152    152  -6.2139183E-13  7.5423956E-10  7.5486095E-10  1.2655026E-10  1.2666303E-10 -3.8683094E-04
  eu151    151  -2.6239400E-11  4.7171089E-10  4.9795029E-10  7.9146120E-11  8.3554309E-11 -2.3539236E-02
  eu152    152   6.3393158E-19  6.3393158E-19  0.0000000E+00  1.0636436E-19  0.0000000E+00  0.0000000E+00
  eu153    153  -2.0289714E-11  5.3048016E-10  5.5076987E-10  8.9006739E-11  9.2417254E-11 -1.6330168E-02
  eu154    154   6.2274398E-17  6.2274398E-17  0.0000000E+00  1.0448725E-17  0.0000000E+00  0.0000000E+00
  eu155    155   1.6032506E-16  1.6032506E-16  0.0000000E+00  2.6900178E-17  0.0000000E+00  0.0000000E+00
  gd152    152   3.9614531E-12  1.1231995E-11  7.2705414E-12  1.8845628E-12  1.2199714E-12  1.8886098E-01
  gd153    153   1.2126606E-23  1.2126606E-23  0.0000000E+00  2.0346655E-24  0.0000000E+00  0.0000000E+00
  gd154    154   2.2051298E-11  1.0234359E-10  8.0292294E-11  1.7171743E-11  1.3472765E-11  1.0535768E-01
  gd155    155  -2.1011581E-11  5.2762916E-10  5.4864074E-10  8.8528379E-11  9.2059992E-11 -1.6988423E-02
  gd156    156   6.5247807E-12  7.7023476E-10  7.6370998E-10  1.2923403E-10  1.2814787E-10  3.6654726E-03
  gd157    157  -1.1796120E-11  5.7582628E-10  5.8762240E-10  9.6615146E-11  9.8600975E-11 -8.8359946E-03
  gd158    158   1.6433521E-11  9.5507635E-10  9.3864283E-10  1.6024770E-10  1.5750097E-10  7.5085876E-03
  gd159    159   2.0363587E-35  2.0363587E-35  0.0000000E+00  3.4167091E-36  0.0000000E+00  0.0000000E+00
  gd160    160  -1.3058832E-11  8.2343504E-10  8.3649387E-10  1.3816025E-10  1.4036075E-10 -6.8625929E-03
  tb159    159  -2.2875146E-11  6.8521910E-10  7.0809425E-10  1.1496964E-10  1.1881574E-10 -1.4290770E-02
  tb160    160   2.0612832E-22  2.0612832E-22  0.0000000E+00  3.4585287E-23  0.0000000E+00  0.0000000E+00
  tb161    161   5.2784756E-29  5.2784756E-29  0.0000000E+00  8.8565024E-30  0.0000000E+00  0.0000000E+00
  dy160    160   2.1411123E-11  1.2855784E-10  1.0714672E-10  2.1570109E-11  1.7978844E-11  7.9090565E-02
  dy161    161  -3.3507641E-11  8.4092960E-10  8.7443724E-10  1.4109557E-10  1.4672751E-10 -1.6998166E-02
  dy162    162   1.4243162E-11  1.2009000E-09  1.1866569E-09  2.0149329E-10  1.9911686E-10  5.1525640E-03
  dy163    163  -2.8534508E-11  1.1382992E-09  1.1668337E-09  1.9098981E-10  1.9579061E-10 -1.0781649E-02
  dy164    164   3.2571279E-11  1.3651741E-09  1.3326028E-09  2.2905605E-10  2.2360609E-10  1.0458146E-02
  ho165    165  -3.2128189E-11  1.0058154E-09  1.0379436E-09  1.6876098E-10  1.7416331E-10 -1.3684646E-02
  er166    166   9.1753272E-12  9.9519604E-10  9.8602071E-10  1.6697919E-10  1.6545082E-10  3.9934427E-03
  er167    167  -1.4936774E-11  6.6215983E-10  6.7709660E-10  1.1110064E-10  1.1361444E-10 -9.7169774E-03
  er168    168   2.4826863E-11  8.2836299E-10  8.0353613E-10  1.3898707E-10  1.3483055E-10  1.3186106E-02
  er169    169   1.6019659E-27  1.6019659E-27  0.0000000E+00  2.6878623E-28  0.0000000E+00  0.0000000E+00
  er170    170  -5.9511285E-12  4.4343046E-10  4.4938159E-10  7.4401083E-11  7.5404655E-11 -5.8189132E-03
  tm169    169  -1.0573570E-11  4.6429685E-10  4.7487042E-10  7.7902157E-11  7.9681595E-11 -9.8085264E-03
  tm170    170   1.0602711E-20  1.0602711E-20  0.0000000E+00  1.7789783E-21  0.0000000E+00  0.0000000E+00
  tm171    171   1.6922945E-16  1.6922945E-16  0.0000000E+00  2.8394202E-17  0.0000000E+00  0.0000000E+00
  yb170    170   1.6590819E-11  1.0640533E-10  8.9814510E-11  1.7853243E-11  1.5070561E-11  7.3587678E-02
  yb171    171  -6.2700678E-12  4.2089687E-10  4.2716694E-10  7.0620280E-11  7.1677116E-11 -6.4510885E-03
  yb172    172   9.0563668E-12  6.7050121E-10  6.6144484E-10  1.1250020E-10  1.1098814E-10  5.8767628E-03
  yb173    173  -6.4066530E-12  4.8740412E-10  4.9381077E-10  8.1779215E-11  8.2859719E-11 -5.7005296E-03
  yb174    174   1.4028889E-11  1.0021024E-09  9.8807351E-10  1.6813799E-10  1.6579528E-10  6.0936795E-03
  lu175    175  -1.3458346E-11  4.3250742E-10  4.4596576E-10  7.2568361E-11  7.4831488E-11 -1.3337067E-02
  lu176    176   8.5574482E-12  2.1574850E-11  1.3017401E-11  3.6199412E-12  2.1842742E-12  2.1939436E-01
  lu177    177   8.9726707E-28  8.9726707E-28  0.0000000E+00  1.5054816E-28  0.0000000E+00  0.0000000E+00
  hf176    176  -3.0957181E-12  9.7067590E-11  1.0016331E-10  1.6286509E-11  1.6807052E-11 -1.3663569E-02
  hf177    177  -8.0872808E-12  3.5192527E-10  3.6001255E-10  5.9047864E-11  6.0408838E-11 -9.8962802E-03
  hf178    178   1.2665535E-11  5.4380783E-10  5.3114230E-10  9.1242923E-11  8.9123812E-11  1.0205423E-02
  hf179    179  -1.4501456E-12  2.6523964E-10  2.6668978E-10  4.4503293E-11  4.4749610E-11 -2.3970946E-03
  hf180    180   1.3057888E-11  7.0371237E-10  6.9065448E-10  1.1807254E-10  1.1588940E-10  8.1052063E-03
  hf181    181  -2.3196759E-22 -2.3196759E-22  0.0000000E+00 -3.8920737E-23  0.0000000E+00  0.0000000E+00
  hf182    182   4.9649512E-12  4.9649512E-12  0.0000000E+00  8.3304549E-13  0.0000000E+00  0.0000000E+00
  ta181    181  -4.3326176E-12  2.8829428E-10  2.9262689E-10  4.8371522E-11  4.9101771E-11 -6.5073962E-03
  ta182    182   4.5531472E-20  4.5531472E-20  0.0000000E+00  7.6395089E-21  0.0000000E+00  0.0000000E+00
  ta183    183   7.7133603E-29  7.7133603E-29  0.0000000E+00  1.2941879E-29  0.0000000E+00  0.0000000E+00
   w182    182   4.9627247E-12  4.6416870E-10  4.5920598E-10  7.7880653E-11  7.7053156E-11  4.6391641E-03
   w183    183   1.2538581E-12  2.5058855E-10  2.4933469E-10  4.2045058E-11  4.1837488E-11  2.1493689E-03
   w184    184   5.5904725E-12  5.4236715E-10  5.3677668E-10  9.1001200E-11  9.0069244E-11  4.4706110E-03
   w185    185   1.3713087E-20  1.3713087E-20  0.0000000E+00  2.3008536E-21  0.0000000E+00  0.0000000E+00
   w186    186  -2.8745339E-12  5.0060034E-10  5.0347487E-10  8.3993347E-11  8.4481318E-11 -2.5158043E-03
  re185    185  -5.0209004E-12  2.5087513E-10  2.5589603E-10  4.2093141E-11  4.2938458E-11 -8.6351046E-03
  re186    186   6.2677428E-29  6.2677428E-29  0.0000000E+00  1.0516347E-29  0.0000000E+00  0.0000000E+00
  re187    187  -1.6275120E-11  4.5038148E-10  4.6665660E-10  7.5567365E-11  7.8303343E-11 -1.5446036E-02
  os186    186   8.3848622E-12  1.5021681E-10  1.4183195E-10  2.5204163E-11  2.3798902E-11  2.4915375E-02
  os187    187  -1.2704351E-12  1.1214550E-10  1.1341594E-10  1.8816360E-11  1.9030796E-11 -4.9213399E-03
  os188    188   5.4538596E-12  1.2019162E-09  1.1964624E-09  2.0166380E-10  2.0076218E-10  1.9460378E-03
  os189    189  -5.7492233E-11  1.4090437E-09  1.4665359E-09  2.3641672E-10  2.4607960E-10 -1.7397430E-02
  os190    190   1.9343416E-11  2.4168922E-09  2.3975488E-09  4.0551884E-10  4.0230028E-10  3.4606932E-03
  os191    191  -5.6864866E-26 -5.6864866E-26  0.0000000E+00 -9.5410847E-27  0.0000000E+00  0.0000000E+00
  os192    192  -6.3807182E-11  3.6990278E-09  3.7628349E-09  6.2064226E-10  6.3139055E-10 -7.4567348E-03
  ir191    191  -1.2866130E-10  3.0440732E-09  3.1727345E-09  5.1075055E-10  5.3237376E-10 -1.8007787E-02
  ir192    192  -2.2458014E-21 -2.2458014E-21  0.0000000E+00 -3.7681232E-22  0.0000000E+00  0.0000000E+00
  ir193    193  -1.7001556E-10  5.2190763E-09  5.3890918E-09  8.7568391E-10  9.0427077E-10 -1.3951126E-02
  pt192    192   9.7447578E-11  2.3085756E-10  1.3340998E-10  3.8734488E-11  2.2385725E-11  2.3812667E-01
  pt193    193   3.9953139E-16  3.9953139E-16  0.0000000E+00  6.7035465E-17  0.0000000E+00  0.0000000E+00
  pt194    194   6.3930194E-11  5.7468332E-09  5.6829030E-09  9.6423380E-10  9.5357122E-10  4.8292065E-03
  pt195    195  -1.2312640E-10  5.7391416E-09  5.8622680E-09  9.6294317E-10  9.8366804E-10 -9.2479149E-03
  pt196    196   1.2989521E-10  4.5260178E-09  4.3961226E-09  7.5939893E-10  7.3765399E-10  1.2617302E-02
  au197    197  -4.0936809E-11  2.6085274E-09  2.6494642E-09  4.3767237E-10  4.4457080E-10 -6.7918035E-03
  hg198    198   8.3458407E-11  7.0584116E-10  6.2238276E-10  1.1842972E-10  1.0443365E-10  5.4620247E-02
  hg199    199  -8.6904928E-12  1.0497234E-09  1.0584139E-09  1.7612808E-10  1.7759814E-10 -3.6098231E-03
  hg200    200   2.5007552E-11  1.4815542E-09  1.4565467E-09  2.4858293E-10  2.4440344E-10  7.3640007E-03
  hg201    201   4.7162274E-13  8.3566221E-10  8.3519058E-10  1.4021177E-10  1.4014206E-10  2.1599059E-04
  hg202    202   2.8804514E-11  1.9304229E-09  1.9016184E-09  3.2389647E-10  3.1908490E-10  6.4999545E-03
  tl203    203   1.5199841E-11  7.6743145E-10  7.5223161E-10  1.2876367E-10  1.2622182E-10  8.6588860E-03
  tl204    204   1.3851401E-15  1.3851401E-15  0.0000000E+00  2.3240604E-16  0.0000000E+00  0.0000000E+00
  tl205    205   3.9225734E-11  1.8526078E-09  1.8133821E-09  3.1084024E-10  3.0427916E-10  9.2650261E-03
  pb204    204   7.9125595E-12  9.6005182E-10  9.5213926E-10  1.6108252E-10  1.5976563E-10  3.5650465E-03
  pb205    205   0.0000000E+00  0.0000000E+00  0.0000000E+00  0.0000000E+00  0.0000000E+00  0.0000000E+00
  pb206    206   1.1101964E-10  9.0573611E-09  8.9463414E-09  1.5196915E-09  1.5011649E-09  5.3270403E-03
  pb207    207   1.1966694E-10  1.0067869E-08  9.9482023E-09  1.6892397E-09  1.6692735E-09  5.1637688E-03
  pb208    208   2.0318147E-10  2.8815544E-08  2.8612362E-08  4.8348228E-09  4.8010542E-09  3.0439554E-03
  bi209    209   8.8093977E-12  1.9987429E-09  1.9899336E-09  3.3535955E-10  3.3390390E-10  1.8891849E-03
  bi210    210   0.0000000E+00  0.0000000E+00  0.0000000E+00  0.0000000E+00  0.0000000E+00  0.0000000E+00
  po210    210   0.0000000E+00  0.0000000E+00  0.0000000E+00  0.0000000E+00  0.0000000E+00  0.0000000E+00
