  species    A      yield       mass(i)_lost    mass(i)_0        <X(i)>          X0(i)   log10(<X(i)>/X0(i)) 
      n      1  -1.1210388E-42 -1.1210388E-42  0.0000000E+00 -1.2555634E-42  0.0000000E+00  0.0000000E+00
      p      1  -1.4760971E-02  5.8389980E-01  5.9866077E-01  6.5386313E-01  6.7046791E-01 -1.0891153E-02
      d      2  -8.3432242E-05  1.7634483E-06  8.5195687E-05  1.9747461E-06  9.5414587E-05 -1.6841035E+00
    he3      3   3.3376913E-05  5.7528104E-04  5.4190413E-04  6.4421166E-04  6.0690352E-04  2.5908908E-02
    he4      4   1.4593244E-02  2.8265032E-01  2.6805708E-01  3.1651771E-01  3.0020952E-01  2.2973565E-02
    li7      7  -1.4693153E-08  3.5556946E-10  1.5048723E-08  3.9817408E-10  1.6853761E-08 -1.6266239E+00
    be7      7   3.5748041E-18  3.5748041E-18  0.0000000E+00  4.0031402E-18  0.0000000E+00  0.0000000E+00
     b8      8   4.9986568E-28  4.9986568E-28  0.0000000E+00  5.5975998E-28  0.0000000E+00  0.0000000E+00
    c12     12  -1.3237314E-03  3.1537868E-03  4.4775181E-03  3.5316760E-03  5.0145797E-03 -1.5225369E-01
    c13     13   9.6497854E-05  1.5075528E-04  5.4257431E-05  1.6881891E-04  6.0765407E-05  4.4376469E-01
    c14     14   9.0954737E-16  9.0954737E-16  0.0000000E+00  1.0185301E-15  0.0000000E+00  0.0000000E+00
    n13     13   0.0000000E+00  0.0000000E+00  0.0000000E+00  0.0000000E+00  0.0000000E+00  0.0000000E+00
    n14     14   1.4459573E-03  2.7696947E-03  1.3237373E-03  3.1015617E-03  1.4825147E-03  3.2058144E-01
    n15     15  -1.3290910E-06  1.8396117E-06  3.1687027E-06  2.0600355E-06  3.5487767E-06 -2.3620398E-01
    o14     14   0.0000000E+00  0.0000000E+00  0.0000000E+00  0.0000000E+00  0.0000000E+00  0.0000000E+00
    o15     15   0.0000000E+00  0.0000000E+00  0.0000000E+00  0.0000000E+00  0.0000000E+00  0.0000000E+00
    o16     16  -6.1728060E-06  1.0952858E-02  1.0959031E-02  1.2265239E-02  1.2273526E-02 -2.9333530E-04
    o17     17   6.0581788E-06  1.0481782E-05  4.4236031E-06  1.1737718E-05  4.9541977E-06  3.7461033E-01
    o18     18  -5.2322703E-06  1.9484736E-05  2.4717006E-05  2.1819413E-05  2.7681719E-05 -1.0335000E-01
    o19     19   0.0000000E+00  0.0000000E+00  0.0000000E+00  0.0000000E+00  0.0000000E+00  0.0000000E+00
    f17     17   0.0000000E+00  0.0000000E+00  0.0000000E+00  0.0000000E+00  0.0000000E+00  0.0000000E+00
    f18     18   0.0000000E+00  0.0000000E+00  0.0000000E+00  0.0000000E+00  0.0000000E+00  0.0000000E+00
    f19     19   2.6137741E-09  7.0316759E-07  7.0055381E-07  7.8742170E-07  7.8458260E-07  1.5687007E-03
    f20     20   0.0000000E+00  0.0000000E+00  0.0000000E+00  0.0000000E+00  0.0000000E+00  0.0000000E+00
   ne19     19   0.0000000E+00  0.0000000E+00  0.0000000E+00  0.0000000E+00  0.0000000E+00  0.0000000E+00
   ne20     20  -1.6530976E-08  2.2178877E-03  2.2179042E-03  2.4836368E-03  2.4839337E-03 -5.1904470E-05
   ne21     21   3.3151082E-10  5.5826204E-06  5.5822888E-06  6.2515346E-06  6.2518634E-06 -2.2832024E-05
   ne22     22  -2.3598695E-06  1.7702680E-04  1.7938667E-04  1.9823830E-04  2.0090342E-04 -5.7997876E-03
   ne23     23   0.0000000E+00  0.0000000E+00  0.0000000E+00  0.0000000E+00  0.0000000E+00  0.0000000E+00
   na21     21   0.0000000E+00  0.0000000E+00  0.0000000E+00  0.0000000E+00  0.0000000E+00  0.0000000E+00
   na22     22   9.5327693E-37  9.5327693E-37  0.0000000E+00  1.0674994E-36  0.0000000E+00  0.0000000E+00
   na23     23   2.4712863E-06  6.2507046E-05  6.0035760E-05  6.9996691E-05  6.7236826E-05  1.7470326E-02
   na24     24   0.0000000E+00  0.0000000E+00  0.0000000E+00  0.0000000E+00  0.0000000E+00  0.0000000E+00
   mg23     23   0.0000000E+00  0.0000000E+00  0.0000000E+00  0.0000000E+00  0.0000000E+00  0.0000000E+00
   mg24     24  -1.5133992E-09  1.0579661E-03  1.0579677E-03  1.1847325E-03  1.1848669E-03 -4.9237904E-05
   mg25     25  -1.3387762E-09  1.3951566E-04  1.3951700E-04  1.5623253E-04  1.5625154E-04 -5.2836476E-05
   mg26     26   2.5756890E-09  1.5975475E-04  1.5975218E-04  1.7889669E-04  1.7891386E-04 -4.1678410E-05
   mg27     27   0.0000000E+00  0.0000000E+00  0.0000000E+00  0.0000000E+00  0.0000000E+00  0.0000000E+00
   al25     25   0.0000000E+00  0.0000000E+00  0.0000000E+00  0.0000000E+00  0.0000000E+00  0.0000000E+00
   al-6     26   0.0000000E+00  0.0000000E+00  0.0000000E+00  0.0000000E+00  0.0000000E+00  0.0000000E+00
   al*6     26   0.0000000E+00  0.0000000E+00  0.0000000E+00  0.0000000E+00  0.0000000E+00  0.0000000E+00
   al27     27  -9.6770236E-10  1.0186982E-04  1.0187079E-04  1.1407595E-04  1.1408982E-04 -5.2784697E-05
   al28     28   0.0000000E+00  0.0000000E+00  0.0000000E+00  0.0000000E+00  0.0000000E+00  0.0000000E+00
   si27     27   0.0000000E+00  0.0000000E+00  0.0000000E+00  0.0000000E+00  0.0000000E+00  0.0000000E+00
   si28     28  -1.3154931E-08  1.1714105E-03  1.1714237E-03  1.3117699E-03  1.3119316E-03 -5.3535481E-05
   si29     29   5.8935257E-10  6.1606806E-05  6.1606217E-05  6.8988586E-05  6.8995651E-05 -4.4474375E-05
   si30     30   8.0399332E-10  4.2013387E-05  4.2012583E-05  4.7047466E-05  4.7051835E-05 -4.0332212E-05
    p31     31   2.5647751E-10  1.1696534E-05  1.1696277E-05  1.3098022E-05  1.3099202E-05 -3.9115461E-05
    p32     32   0.0000000E+00  0.0000000E+00  0.0000000E+00  0.0000000E+00  0.0000000E+00  0.0000000E+00
    p33     33   0.0000000E+00  0.0000000E+00  0.0000000E+00  0.0000000E+00  0.0000000E+00  0.0000000E+00
    s32     32  -8.7311491E-10  5.6136068E-04  5.6136155E-04  6.2862335E-04  6.2869478E-04 -4.9341459E-05
    s33     33   6.5028871E-11  4.6347186E-06  4.6346536E-06  5.1900543E-06  5.1905627E-06 -4.2532731E-05
    s34     34   2.8558134E-10  2.6954158E-05  2.6953872E-05  3.0183826E-05  3.0186888E-05 -4.4034263E-05
    s35     35   1.5742276E-36  1.5742276E-36  0.0000000E+00  1.7628528E-36  0.0000000E+00  0.0000000E+00
    s36     36   7.2475359E-13  1.3305245E-07  1.3305173E-07  1.4899490E-07  1.4901079E-07 -4.6312467E-05
   cl35     35  -4.0017767E-11  5.7583175E-06  5.7583575E-06  6.4482838E-06  6.4490509E-06 -5.1671468E-05
   cl36     36   0.0000000E+00  0.0000000E+00  0.0000000E+00  0.0000000E+00  0.0000000E+00  0.0000000E+00
   cl37     37   6.8212103E-12  1.9456427E-06  1.9456359E-06  2.1787712E-06  2.1790077E-06 -4.7140908E-05
   ar36     36   1.0259100E-09  1.0723565E-04  1.0723462E-04  1.2008471E-04  1.2009701E-04 -4.4500259E-05
   ar37     37   1.1322415E-37  1.1322415E-37  0.0000000E+00  1.2679076E-37  0.0000000E+00  0.0000000E+00
   ar38     38  -1.1277734E-10  2.0580024E-05  2.0580137E-05  2.3045939E-05  2.3048646E-05 -5.0998355E-05
   ar39     39   1.5530587E-18  1.5530587E-18  0.0000000E+00  1.7391474E-18  0.0000000E+00  0.0000000E+00
   ar40     40   8.3669960E-11  3.4731656E-08  3.4647986E-08  3.8893230E-08  3.8803879E-08  9.9887711E-04
    k39     39  -6.1390892E-11  5.5828436E-06  5.5829050E-06  6.2517847E-06  6.2525537E-06 -5.3406042E-05
    k40     40  -9.0377972E-10  0.0000000E+00  9.0377972E-10  0.0000000E+00  1.0121847E-09  0.0000000E+00
    k41     41  -4.9737992E-12  4.2352607E-07  4.2353105E-07  4.7427332E-07  4.7433201E-07 -5.3742595E-05
   ca40     40  -3.2741809E-10  9.6661053E-05  9.6661381E-05  1.0824306E-04  1.0825555E-04 -5.0118128E-05
   ca41     41   0.0000000E+00  0.0000000E+00  0.0000000E+00  0.0000000E+00  0.0000000E+00  0.0000000E+00
   ca42     42   5.5706550E-12  6.7738574E-07  6.7738017E-07  7.5855064E-07  7.5862943E-07 -4.5095698E-05
   ca43     43   2.0179414E-12  1.4470898E-07  1.4470696E-07  1.6204812E-07  1.6206401E-07 -4.2584506E-05
   ca44     44  -3.1377567E-11  2.2879467E-06  2.2879781E-06  2.5620905E-06  2.5624124E-06 -5.4571046E-05
   ca45     45   5.4078061E-35  5.4078061E-35  0.0000000E+00  6.0557738E-35  0.0000000E+00  0.0000000E+00
   ca46     46   1.4210855E-14  4.5865960E-09  4.5865818E-09  5.1361657E-09  5.1367248E-09 -4.7270350E-05
   ca47     47   0.0000000E+00  0.0000000E+00  0.0000000E+00  0.0000000E+00  0.0000000E+00  0.0000000E+00
   ca48     48   2.8137492E-12  2.2375542E-07  2.2375261E-07  2.5056599E-07  2.5059089E-07 -4.3154054E-05
   sc45     45   9.4502184E-13  6.4551763E-08  6.4550818E-08  7.2286412E-08  7.2293453E-08 -4.2299733E-05
   sc46     46   3.2293217E-39  3.2293217E-39  0.0000000E+00  3.6162623E-39  0.0000000E+00  0.0000000E+00
   sc47     47   0.0000000E+00  0.0000000E+00  0.0000000E+00  0.0000000E+00  0.0000000E+00  0.0000000E+00
   sc48     48  -1.6851887E-34  4.0711863E-29  4.0712031E-29  4.5589991E-29  4.5595290E-29  0.0000000E+00
   ti46     46  -5.4853899E-12  3.9435668E-07  3.9436216E-07  4.4160882E-07  4.4166444E-07 -5.4700497E-05
   ti47     47  -4.5758952E-12  3.6337082E-07  3.6337539E-07  4.0691020E-07  4.0696094E-07 -5.4130935E-05
   ti48     48   3.0695446E-11  3.6771733E-06  3.6771426E-06  4.1177750E-06  4.1182020E-06 -4.5043922E-05
   ti49     49   2.9558578E-12  2.7547469E-07  2.7547173E-07  3.0848230E-07  3.0851351E-07 -4.3930711E-05
   ti50     50   2.6716407E-12  2.6914535E-07  2.6914267E-07  3.0139455E-07  3.0142536E-07 -4.4396704E-05
    v51     51   5.2295945E-12  5.9314050E-07  5.9313527E-07  6.6421109E-07  6.6427958E-07 -4.4785036E-05
   cr52     52  -3.7289283E-10  2.4314761E-05  2.4315133E-05  2.7228176E-05  2.7231643E-05 -5.5295950E-05
   cr53     53  -2.0008883E-11  2.8101297E-06  2.8101497E-06  3.1468417E-06  3.1472164E-06 -5.1723247E-05
   cr54     54  -7.1622708E-12  7.1269761E-07  7.1270478E-07  7.9809365E-07  7.9819102E-07 -5.2991811E-05
   mn55     55   3.2014214E-10  2.1234864E-05  2.1234544E-05  2.3779243E-05  2.3781547E-05 -4.2092626E-05
   fe54     54  -1.2514647E-09  1.3991489E-04  1.3991614E-04  1.5667961E-04  1.5669856E-04 -5.2525807E-05
   fe55     55   9.4093880E-27  9.4093880E-27  0.0000000E+00  1.0536829E-26  0.0000000E+00  0.0000000E+00
   fe56     56   1.8160790E-08  2.2777170E-03  2.2776988E-03  2.5506350E-03  2.5509002E-03 -4.5147477E-05
   fe57     57   7.7852746E-10  5.3544376E-05  5.3543597E-05  5.9960108E-05  5.9965951E-05 -4.2325624E-05
   fe58     58   6.2755134E-11  7.2502917E-06  7.2502289E-06  8.1190274E-06  8.1198668E-06 -4.4888591E-05
   fe59     59   6.1281315E-38  6.1281315E-38  0.0000000E+00  6.8624091E-38  0.0000000E+00  0.0000000E+00
   fe60     60   0.0000000E+00  0.0000000E+00  0.0000000E+00  0.0000000E+00  0.0000000E+00  0.0000000E+00
   co59     59  -4.2291504E-11  5.5917444E-06  5.5917867E-06  6.2617519E-06  6.2625008E-06 -5.1930361E-05
   co60     60   9.7566699E-31  9.7566699E-31  0.0000000E+00  1.0925723E-30  0.0000000E+00  0.0000000E+00
   ni58     58   8.2945917E-10  8.0007288E-05  8.0006459E-05  8.9593828E-05  8.9602931E-05 -4.4111930E-05
   ni59     59   0.0000000E+00  0.0000000E+00  0.0000000E+00  0.0000000E+00  0.0000000E+00  0.0000000E+00
   ni60     60   2.2191671E-10  3.1880249E-05  3.1880027E-05  3.5700166E-05  3.5703917E-05 -4.5613473E-05
   ni61     61  -2.0349944E-11  1.4088778E-06  1.4088981E-06  1.5776907E-06  1.5778902E-06 -5.4907610E-05
   ni62     62   6.0481398E-11  4.5658908E-06  4.5658303E-06  5.1129796E-06  5.1134848E-06 -4.2921056E-05
   ni63     63   0.0000000E+00  0.0000000E+00  0.0000000E+00  0.0000000E+00  0.0000000E+00  0.0000000E+00
   ni64     64   1.7735147E-11  1.2002844E-06  1.2002666E-06  1.3441035E-06  1.3442341E-06 -4.2196181E-05
   cu63     63  -5.2295945E-12  9.9067734E-07  9.9068257E-07  1.1093811E-06  1.1095112E-06 -5.0946575E-05
   cu64     64   0.0000000E+00  0.0000000E+00  0.0000000E+00  0.0000000E+00  0.0000000E+00  0.0000000E+00
   cu65     65   4.7464255E-12  4.5559412E-07  4.5558937E-07  5.1018378E-07  5.1023562E-07 -4.4137822E-05
   zn64     64  -2.1827873E-11  1.6973013E-06  1.6973231E-06  1.9006733E-06  1.9009107E-06 -5.4234493E-05
   zn65     65   9.1762551E-32  9.1762551E-32  0.0000000E+00  1.0275761E-31  0.0000000E+00  0.0000000E+00
   zn66     66  -8.4128260E-12  1.0042352E-06  1.0042436E-06  1.1245635E-06  1.1246990E-06 -5.2318694E-05
   zn67     67   8.9528385E-13  1.4980978E-07  1.4980888E-07  1.6776011E-07  1.6777788E-07 -4.6027693E-05
   zn68     68  -8.2422957E-12  6.9532462E-07  6.9533286E-07  7.7863899E-07  7.7873545E-07 -5.3794374E-05
   zn69     69   0.0000000E+00  0.0000000E+00  0.0000000E+00  0.0000000E+00  0.0000000E+00  0.0000000E+00
   zn70     70   4.9382720E-13  2.3669397E-08  2.3668903E-08  2.6505484E-08  2.6507900E-08 -3.9581450E-05
   ga69     69  -4.2632564E-14  6.3749290E-08  6.3749333E-08  7.1387781E-08  7.1395824E-08 -4.8927235E-05
   ga70     70   0.0000000E+00  0.0000000E+00  0.0000000E+00  0.0000000E+00  0.0000000E+00  0.0000000E+00
   ga71     71   6.8922645E-13  4.3534605E-08  4.3533916E-08  4.8750959E-08  4.8755648E-08 -4.1781965E-05
   ge70     70   4.1922021E-13  7.0903305E-08  7.0902885E-08  7.9398994E-08  7.9407421E-08 -4.6079469E-05
   ge71     71   0.0000000E+00  0.0000000E+00  0.0000000E+00  0.0000000E+00  0.0000000E+00  0.0000000E+00
   ge72     72  -1.5063506E-12  9.6376809E-08  9.6378315E-08  1.0792476E-07  1.0793853E-07 -5.5425400E-05
   ge73     73   3.4461323E-13  2.7427740E-08  2.7427395E-08  3.0714155E-08  3.0717207E-08 -4.3154054E-05
   ge74     74   1.7479351E-12  1.3049103E-07  1.3048928E-07  1.4612657E-07  1.4614099E-07 -4.2869280E-05
   as75     75  -1.8296475E-13  1.9131049E-08  1.9131232E-08  2.1423347E-08  2.1425953E-08 -5.2836476E-05
   se76     76  -7.1054274E-14  1.9917284E-08  1.9917355E-08  2.2303789E-08  2.2306367E-08 -5.0195795E-05
   se77     77  -3.9079850E-14  1.6432466E-08  1.6432505E-08  1.8401417E-08  1.8403522E-08 -4.9678016E-05
   se78     78  -1.7408297E-13  5.1856965E-08  5.1857139E-08  5.8070508E-08  5.8077209E-08 -5.0118128E-05
   se79     79   0.0000000E+00  0.0000000E+00  0.0000000E+00  0.0000000E+00  0.0000000E+00  0.0000000E+00
   se80     80   5.0448534E-13  1.1100472E-07  1.1100422E-07  1.2430540E-07  1.2431876E-07 -4.6674912E-05
   br79     79  -2.2026825E-13  1.7751340E-08  1.7751560E-08  1.9878319E-08  1.9880794E-08 -5.4053264E-05
   br80     80   0.0000000E+00  0.0000000E+00  0.0000000E+00  0.0000000E+00  0.0000000E+00  0.0000000E+00
   br81     81  -2.4691360E-13  1.7704950E-08  1.7705197E-08  1.9826372E-08  1.9828869E-08 -5.4700497E-05
   kr80     80  -4.7961635E-14  4.2303934E-09  4.2304413E-09  4.7372826E-09  4.7378670E-09 -5.3561376E-05
   kr81     81   0.0000000E+00  0.0000000E+00  0.0000000E+00  0.0000000E+00  0.0000000E+00  0.0000000E+00
   kr82     82  -2.6290081E-13  2.1727638E-08  2.1727901E-08  2.4331062E-08  2.4334081E-08 -5.3897929E-05
   kr83     83   1.8296475E-13  2.1786887E-08  2.1786704E-08  2.4397410E-08  2.4399938E-08 -4.4992146E-05
   kr84     84  -4.9027449E-13  1.0866555E-07  1.0866604E-07  1.2168594E-07  1.2170013E-07 -5.0610019E-05
   kr-5     85   5.2759449E-26  5.2759449E-26  0.0000000E+00  5.9081127E-26  0.0000000E+00  0.0000000E+00
   kr*5     85   0.0000000E+00  0.0000000E+00  0.0000000E+00  0.0000000E+00  0.0000000E+00  0.0000000E+00
   kr86     86   3.8014036E-13  3.3644561E-08  3.3644181E-08  3.7675878E-08  3.7679676E-08 -4.3775381E-05
   rb85     85  -2.2204460E-13  1.7636012E-08  1.7636234E-08  1.9749173E-08  1.9751633E-08 -5.4105043E-05
   rb86     86   0.0000000E+00  0.0000000E+00  0.0000000E+00  0.0000000E+00  0.0000000E+00  0.0000000E+00
   rb87     87  -3.6902392E-10  7.0600246E-09  7.4290485E-09  7.9059621E-09  8.3201348E-09 -2.2175647E-02
   sr86     86  -2.6645353E-15  8.2298852E-09  8.2298879E-09  9.2159969E-09  9.2170325E-09 -4.8797796E-05
   sr87     87   3.6913672E-10  6.1875620E-09  5.8184253E-09  6.9289610E-09  6.5163239E-09  2.6665460E-02
   sr88     88  -5.2580162E-13  7.0559743E-08  7.0560269E-08  7.9014271E-08  7.9023707E-08 -5.1852694E-05
   sr89     89   2.8128825E-40  2.8128825E-40  0.0000000E+00  3.1499228E-40  0.0000000E+00  0.0000000E+00
   sr90     90   4.9937316E-32  4.9937316E-32  0.0000000E+00  5.5920846E-32  0.0000000E+00  0.0000000E+00
    y89     89  -1.1191048E-13  1.6829468E-08  1.6829580E-08  1.8845988E-08  1.8848224E-08 -5.1542022E-05
    y90     90   1.2626722E-35  1.2626722E-35  0.0000000E+00  1.4139666E-35  0.0000000E+00  0.0000000E+00
    y91     91   0.0000000E+00  0.0000000E+00  0.0000000E+00  0.0000000E+00  0.0000000E+00  0.0000000E+00
   zr90     90   8.5265128E-14  2.0059330E-08  2.0059245E-08  2.2462856E-08  2.2465278E-08 -4.6804354E-05
   zr91     91   5.9952043E-14  4.4231148E-09  4.4230548E-09  4.9530962E-09  4.9535838E-09 -4.2739841E-05
   zr92     92   2.6201263E-14  6.8349739E-09  6.8349477E-09  7.6539459E-09  7.6547746E-09 -4.7011465E-05
   zr93     93   0.0000000E+00  0.0000000E+00  0.0000000E+00  0.0000000E+00  0.0000000E+00  0.0000000E+00
   zr94     94  -1.7319479E-14  7.0771660E-09  7.0771833E-09  7.9251574E-09  7.9260651E-09 -4.9729795E-05
   zr95     95   2.6353632E-39  2.6353632E-39  0.0000000E+00  2.9511346E-39  0.0000000E+00  0.0000000E+00
   zr96     96   6.9944051E-15  1.1644470E-09  1.1644400E-09  1.3039719E-09  1.3041102E-09 -4.6027693E-05
   nb93     93   2.9976022E-14  3.0561136E-09  3.0560836E-09  3.4222996E-09  3.4226495E-09 -4.4396704E-05
   nb94     94   5.6138530E-19  5.6138530E-19  0.0000000E+00  6.2865096E-19  0.0000000E+00  0.0000000E+00
   nb95     95   3.1583207E-39  3.1583207E-39  0.0000000E+00  3.5367540E-39  0.0000000E+00  0.0000000E+00
   mo94     94   3.5527137E-15  9.5783936E-10  9.5783581E-10  1.0726084E-09  1.0727247E-09 -4.7063240E-05
   mo95     95  -1.5432100E-14  1.6753546E-09  1.6753701E-09  1.8760971E-09  1.8763244E-09 -5.2629362E-05
   mo96     96  -8.5487173E-15  1.7821208E-09  1.7821293E-09  1.9956559E-09  1.9958890E-09 -5.0739462E-05
   mo97     97  -6.7723605E-15  1.0367612E-09  1.0367680E-09  1.1609869E-09  1.1611244E-09 -5.1464354E-05
   mo98     98   4.8183679E-14  2.6615958E-09  2.6615476E-09  2.9805105E-09  2.9807905E-09 -4.0798201E-05
   tc99     99   0.0000000E+00  0.0000000E+00  0.0000000E+00  0.0000000E+00  0.0000000E+00  0.0000000E+00
   ru99     99  -7.7715612E-15  9.2934066E-10  9.2934843E-10  1.0406950E-09  1.0408203E-09 -5.2292806E-05
  ru100    100  -1.3100632E-14  9.2692831E-10  9.2694141E-10  1.0379936E-09  1.0381246E-09 -5.4804052E-05
  ru101    101   3.4416914E-15  1.2675970E-09  1.2675936E-09  1.4194815E-09  1.4196366E-09 -4.7451573E-05
  ru102    102  -3.5527137E-15  2.3674336E-09  2.3674371E-09  2.6511013E-09  2.6514024E-09 -4.9315571E-05
  rh103    103  -1.2323476E-14  1.5119046E-09  1.5119169E-09  1.6930622E-09  1.6932657E-09 -5.2189247E-05
  pd104    104  -3.6082248E-15  6.6160488E-10  6.6160849E-10  7.4087891E-10  7.4096596E-10 -5.1024243E-05
  pd105    105   7.9936058E-15  1.3389128E-09  1.3389048E-09  1.4993424E-09  1.4995014E-09 -4.6053581E-05
  pd106    106  -1.4321877E-14  1.6543464E-09  1.6543608E-09  1.8525715E-09  1.8527950E-09 -5.2396361E-05
  pd107    107   0.0000000E+00  0.0000000E+00  0.0000000E+00  0.0000000E+00  0.0000000E+00  0.0000000E+00
  pd108    108  -1.8318680E-14  1.6319024E-09  1.6319207E-09  1.8274383E-09  1.8276636E-09 -5.3535481E-05
  ag107    107   5.7731597E-15  1.1238663E-09  1.1238606E-09  1.2585289E-09  1.2586634E-09 -4.6390134E-05
  ag108    108   0.0000000E+00  0.0000000E+00  0.0000000E+00  0.0000000E+00  0.0000000E+00  0.0000000E+00
  ag109    109  -1.3433699E-14  1.0636272E-09  1.0636406E-09  1.1910719E-09  1.1912203E-09 -5.4130935E-05
  cd108    108  -3.4694470E-16  6.3022233E-11  6.3022580E-11  7.0573609E-11  7.0581894E-11 -5.0972467E-05
  cd109    109   8.2190905E-34  8.2190905E-34  0.0000000E+00  9.2039086E-34  0.0000000E+00  0.0000000E+00
  cd110    110   6.8833828E-15  9.0083235E-10  9.0082547E-10  1.0087708E-09  1.0088761E-09 -4.5302808E-05
  cd111    111   8.2156504E-15  9.3158670E-10  9.3157848E-10  1.0432102E-09  1.0433179E-09 -4.4836812E-05
  cd112    112   1.8873791E-14  1.7720405E-09  1.7720216E-09  1.9843678E-09  1.9845690E-09 -4.4034263E-05
  cd113    113   2.6090241E-15  9.0539420E-10  9.0539160E-10  1.0138793E-09  1.0139899E-09 -4.7373909E-05
  cd114    114  -1.0880186E-14  2.1474371E-09  2.1474480E-09  2.4047448E-09  2.4050264E-09 -5.0843020E-05
  in115    115   1.6653345E-15  8.0973328E-10  8.0973162E-10  9.0675617E-10  9.0685587E-10 -4.7736350E-05
  sn116    116  -1.5099033E-14  2.5333673E-09  2.5333824E-09  2.8369174E-09  2.8372522E-09 -5.1257244E-05
  sn117    117   1.7097435E-14  1.3496576E-09  1.3496405E-09  1.5113747E-09  1.5115248E-09 -4.3128166E-05
  sn118    118  -4.1300297E-14  4.1155390E-09  4.1155803E-09  4.6086663E-09  4.6092290E-09 -5.3017699E-05
  sn119    119  -1.4210855E-14  1.5353809E-09  1.5353951E-09  1.7193516E-09  1.7195600E-09 -5.2655254E-05
  sn120    120  -6.8389738E-14  5.8723115E-09  5.8723799E-09  6.5759367E-09  6.5767498E-09 -5.3690819E-05
  sb121    121  -1.2212453E-14  9.0560281E-10  9.0561503E-10  1.0141129E-09  1.0142401E-09 -5.4493383E-05
  te122    122   4.9960036E-15  6.0199024E-10  6.0198524E-10  6.7412120E-10  6.7419115E-10 -4.5069810E-05
  te123    123   1.2906343E-15  2.1182910E-10  2.1182781E-10  2.3721064E-10  2.3723576E-10 -4.5975914E-05
  te124    124  -1.5321078E-14  1.1373151E-09  1.1373305E-09  1.2735891E-09  1.2737490E-09 -5.4519271E-05
  te125    125  -2.4091840E-14  1.7100684E-09  1.7100925E-09  1.9149702E-09  1.9152118E-09 -5.4778167E-05
  te126    126   6.7057471E-14  4.5934931E-09  4.5934261E-09  5.1438893E-09  5.1443902E-09 -4.2299733E-05
   i127    127  -5.5067062E-14  5.7608571E-09  5.7609122E-09  6.4511276E-09  6.4519119E-09 -5.2784697E-05
   i128    128   0.0000000E+00  0.0000000E+00  0.0000000E+00  0.0000000E+00  0.0000000E+00  0.0000000E+00
   i129    129   8.3177494E-27  8.3177494E-27  0.0000000E+00  9.3143889E-27  0.0000000E+00  0.0000000E+00
  xe128    128   1.5765167E-14  6.2222838E-10  6.2221261E-10  6.9678430E-10  6.9684469E-10 -3.7639831E-05
  xe129    129  -3.4638958E-14  7.8112130E-09  7.8112476E-09  8.7471586E-09  8.7481773E-09 -5.0584127E-05
  xe130    130  -1.6653345E-14  1.2638993E-09  1.2639160E-09  1.4153407E-09  1.4155179E-09 -5.4363936E-05
  xe131    131  -6.9277917E-14  6.3134591E-09  6.3135284E-09  7.0699429E-09  7.0708124E-09 -5.3406042E-05
  xe132    132   5.6843419E-14  7.7757063E-09  7.7756495E-09  8.7073975E-09  8.7083096E-09 -4.5484030E-05
  xe133    133   0.0000000E+00  0.0000000E+00  0.0000000E+00  0.0000000E+00  0.0000000E+00  0.0000000E+00
  xe134    134  -2.9309888E-14  2.9144909E-09  2.9145202E-09  3.2637075E-09  3.2641059E-09 -5.2991811E-05
  cs133    133  -3.9968029E-15  2.0442581E-09  2.0442621E-09  2.2892028E-09  2.2894637E-09 -4.9496794E-05
  cs134    134   5.2742269E-31  5.2742269E-31  0.0000000E+00  5.9061891E-31  0.0000000E+00  0.0000000E+00
  cs135    135   0.0000000E+00  0.0000000E+00  0.0000000E+00  0.0000000E+00  0.0000000E+00  0.0000000E+00
  cs136    136   0.0000000E+00  0.0000000E+00  0.0000000E+00  0.0000000E+00  0.0000000E+00  0.0000000E+00
  cs137    137   0.0000000E+00  0.0000000E+00  0.0000000E+00  0.0000000E+00  0.0000000E+00  0.0000000E+00
  ba134    134   1.0491608E-14  6.2672451E-10  6.2671401E-10  7.0181916E-10  7.0188605E-10 -4.1393636E-05
  ba135    135  -2.7533531E-14  1.7220246E-09  1.7220522E-09  1.9283590E-09  1.9286059E-09 -5.5606619E-05
  ba136    136   1.8429702E-14  2.0669386E-09  2.0669202E-09  2.3146010E-09  2.3148394E-09 -4.4733257E-05
  ba137    137  -1.8207658E-14  2.9775491E-09  2.9775673E-09  3.3343215E-09  3.3347154E-09 -5.1309020E-05
  ba138    138  -7.1054274E-14  1.9145689E-08  1.9145761E-08  2.1439742E-08  2.1442224E-08 -5.0273462E-05
  la139    139   2.7977620E-14  2.6261080E-09  2.6260800E-09  2.9407705E-09  2.9410685E-09 -4.4008379E-05
  ce140    140  -5.9063865E-14  6.0188055E-09  6.0188645E-09  6.7399837E-09  6.7408044E-09 -5.2888256E-05
  ce141    141   0.0000000E+00  0.0000000E+00  0.0000000E+00  0.0000000E+00  0.0000000E+00  0.0000000E+00
  ce142    142   7.0499162E-15  7.6708762E-10  7.6708057E-10  8.5900070E-10  8.5908897E-10 -4.4629705E-05
  pr141    141   1.8429702E-14  1.0373183E-09  1.0372999E-09  1.1616107E-09  1.1617202E-09 -4.0927644E-05
  nd142    142  -1.7541524E-14  1.3837396E-09  1.3837571E-09  1.5495404E-09  1.5497336E-09 -5.4130935E-05
  nd143    143  -5.7176486E-15  6.1948036E-10  6.1948607E-10  6.9370698E-10  6.9379108E-10 -5.2655254E-05
  nd144    144  -1.3988810E-14  1.2311785E-09  1.2311925E-09  1.3786993E-09  1.3788695E-09 -5.3613152E-05
  nd145    145   5.4123372E-15  4.5783485E-10  4.5782944E-10  5.1269300E-10  5.1274435E-10 -4.3490603E-05
  nd146    146  -1.1657342E-14  9.0112845E-10  9.0114011E-10  1.0091024E-09  1.0092285E-09 -5.4286269E-05
  nd147    147   0.0000000E+00  0.0000000E+00  0.0000000E+00  0.0000000E+00  0.0000000E+00  0.0000000E+00
  nd148    148  -3.5249581E-15  3.0481312E-10  3.0481664E-10  3.4133607E-10  3.4137826E-10 -5.3664931E-05
  pm147    147   1.2871222E-31  1.2871222E-31  0.0000000E+00  1.4413463E-31  0.0000000E+00  0.0000000E+00
  pm148    148   0.0000000E+00  0.0000000E+00  0.0000000E+00  0.0000000E+00  0.0000000E+00  0.0000000E+00
  sm147    147  -1.2490009E-15  2.4535676E-10  2.4535801E-10  2.7475561E-10  2.7478778E-10 -5.0843020E-05
  sm148    148  -9.5756736E-16  1.8522971E-10  1.8523066E-10  2.0742408E-10  2.0744838E-10 -5.0868908E-05
  sm149    149   2.3592239E-15  2.2928749E-10  2.2928513E-10  2.5676092E-10  2.5678701E-10 -4.4137822E-05
  sm150    150   8.7430063E-16  1.2326423E-10  1.2326336E-10  1.3803385E-10  1.3804835E-10 -4.5613473E-05
  sm151    151   1.1076816E-22  1.1076816E-22  0.0000000E+00  1.2404049E-22  0.0000000E+00  0.0000000E+00
  sm152    152  -2.7200464E-15  4.5273851E-10  4.5274123E-10  5.0698601E-10  5.0704585E-10 -5.1257244E-05
  eu151    151  -2.8033131E-15  2.9866065E-10  2.9866346E-10  3.3444642E-10  3.3448702E-10 -5.2732921E-05
  eu152    152   3.4782379E-25  3.4782379E-25  0.0000000E+00  3.8950032E-25  0.0000000E+00  0.0000000E+00
  eu153    153  -4.1910919E-15  3.3033970E-10  3.3034389E-10  3.6992126E-10  3.6996742E-10 -5.4182714E-05
  eu154    154   2.2264418E-27  2.2264418E-27  0.0000000E+00  2.4932159E-27  0.0000000E+00  0.0000000E+00
  eu155    155   3.6774549E-37  3.6774549E-37  0.0000000E+00  4.1180906E-37  0.0000000E+00  0.0000000E+00
  gd152    152   2.7755576E-16  4.3610441E-12  4.3607665E-12  4.8835879E-12  4.8838242E-12 -2.1019916E-05
  gd153    153   1.3619640E-35  1.3619640E-35  0.0000000E+00  1.5251557E-35  0.0000000E+00  0.0000000E+00
  gd154    154   1.3149204E-15  4.8158106E-11  4.8156791E-11  5.3928449E-11  5.3933018E-11 -3.6785521E-05
  gd155    155  -2.2482016E-15  3.2906458E-10  3.2906683E-10  3.6849337E-10  3.6853717E-10 -5.1619689E-05
  gd156    156   7.7993167E-15  4.5807014E-10  4.5806234E-10  5.1295646E-10  5.1300519E-10 -4.1264193E-05
  gd157    157  -2.3869795E-15  3.5244516E-10  3.5244754E-10  3.9467543E-10  3.9472228E-10 -5.1542022E-05
  gd158    158  -3.6082248E-15  5.6298088E-10  5.6298449E-10  6.3043770E-10  6.3051242E-10 -5.1464354E-05
  gd159    159   0.0000000E+00  0.0000000E+00  0.0000000E+00  0.0000000E+00  0.0000000E+00  0.0000000E+00
  gd160    160  -5.6066263E-15  5.0171145E-10  5.0171706E-10  5.6182692E-10  5.6189614E-10 -5.3509597E-05
  tb159    159   1.7208457E-15  4.2470649E-10  4.2470477E-10  4.7559517E-10  4.7564652E-10 -4.6882022E-05
  tb160    160   3.2692540E-38  3.2692540E-38  0.0000000E+00  3.6609786E-38  0.0000000E+00  0.0000000E+00
  tb161    161   0.0000000E+00  0.0000000E+00  0.0000000E+00  0.0000000E+00  0.0000000E+00  0.0000000E+00
  dy160    160  -2.4286129E-16  6.4264830E-11  6.4265072E-11  7.1965094E-11  7.1973427E-11 -5.0299350E-05
  dy161    161  -3.7192471E-15  5.2447119E-10  5.2447491E-10  5.8731375E-10  5.8738370E-10 -5.1723247E-05
  dy162    162  -7.4384943E-15  7.1171785E-10  7.1172529E-10  7.9699647E-10  7.9709406E-10 -5.3173037E-05
  dy163    163  -7.9380946E-15  6.9984224E-10  6.9985018E-10  7.8369788E-10  7.8379458E-10 -5.3587260E-05
  dy164    164   7.7160500E-15  7.9929852E-10  7.9929080E-10  8.9507113E-10  8.9516272E-10 -4.4448483E-05
  ho165    165  -8.3266727E-15  6.2253547E-10  6.2254379E-10  6.9712819E-10  6.9721562E-10 -5.4467491E-05
  er166    166  -4.2188475E-15  5.9139688E-10  5.9140109E-10  6.6225853E-10  6.6233746E-10 -5.1749135E-05
  er167    167   3.2196468E-15  4.0611609E-10  4.0611287E-10  4.5477724E-10  4.5482462E-10 -4.5251032E-05
  er168    168   7.4940054E-15  4.8195692E-10  4.8194942E-10  5.3970539E-10  5.3975746E-10 -4.1885516E-05
  er169    169   0.0000000E+00  0.0000000E+00  0.0000000E+00  0.0000000E+00  0.0000000E+00  0.0000000E+00
  er170    170   1.5543122E-15  2.6953115E-10  2.6952959E-10  3.0182659E-10  3.0185868E-10 -4.6157136E-05
  tm169    169  -4.0523140E-15  2.8482250E-10  2.8482655E-10  3.1895017E-10  3.1899042E-10 -5.4804052E-05
  tm170    170   9.9040296E-37  9.9040296E-37  0.0000000E+00  1.1090739E-36  0.0000000E+00  0.0000000E+00
  tm171    171   4.6786365E-32  4.6786365E-32  0.0000000E+00  5.2392347E-32  0.0000000E+00  0.0000000E+00
  yb170    170  -2.5326963E-16  5.3870727E-11  5.3870981E-11  6.0325564E-11  6.0332607E-11 -5.0713574E-05
  yb171    171  -6.3837824E-16  2.5620187E-10  2.5620250E-10  2.8690017E-10  2.8693303E-10 -4.9755683E-05
  yb172    172  -2.2759572E-15  3.9670756E-10  3.9670983E-10  4.4424139E-10  4.4429369E-10 -5.1127798E-05
  yb173    173  -4.4408921E-16  2.9617403E-10  2.9617447E-10  3.3166184E-10  3.3169947E-10 -4.9289680E-05
  yb174    174   2.9420910E-15  5.9265082E-10  5.9264788E-10  6.6366274E-10  6.6373379E-10 -4.6493689E-05
  lu175    175  -3.9135362E-15  2.6747682E-10  2.6748073E-10  2.9952610E-10  2.9956407E-10 -5.5062945E-05
  lu176    176  -5.0831648E-13  7.2993347E-12  7.8076512E-12  8.1739468E-12  8.7441495E-12 -2.9285770E-02
  lu177    177   0.0000000E+00  0.0000000E+00  0.0000000E+00  0.0000000E+00  0.0000000E+00  0.0000000E+00
  hf176    176   5.0854460E-13  6.0585065E-11  6.0076520E-11  6.7844418E-11  6.7282471E-11  3.6121819E-03
  hf177    177   1.9845237E-15  2.1592919E-10  2.1592721E-10  2.4180200E-10  2.4182686E-10 -4.4655593E-05
  hf178    178   1.8596236E-15  3.1858929E-10  3.1858743E-10  3.5676292E-10  3.5680081E-10 -4.6105357E-05
  hf179    179  -4.5796700E-16  1.5995624E-10  1.5995670E-10  1.7912233E-10  1.7914291E-10 -4.9885130E-05
  hf180    180   5.6066263E-15  4.1425030E-10  4.1424469E-10  4.6388612E-10  4.6393178E-10 -4.2739841E-05
  hf181    181   0.0000000E+00  0.0000000E+00  0.0000000E+00  0.0000000E+00  0.0000000E+00  0.0000000E+00
  hf182    182   1.6033593E-26  1.6033593E-26  0.0000000E+00  1.7954752E-26  0.0000000E+00  0.0000000E+00
  ta181    181   2.9698466E-15  1.7550994E-10  1.7550697E-10  1.9653969E-10  1.9655837E-10 -4.1264193E-05
  ta182    182   1.4708936E-34  1.4708936E-34  0.0000000E+00  1.6471372E-34  0.0000000E+00  0.0000000E+00
  ta183    183   0.0000000E+00  0.0000000E+00  0.0000000E+00  0.0000000E+00  0.0000000E+00  0.0000000E+00
   w182    182   3.9968029E-15  2.7543567E-10  2.7543168E-10  3.0843861E-10  3.0846867E-10 -4.2325624E-05
   w183    183  -1.1934898E-15  1.4954454E-10  1.4954574E-10  1.6746310E-10  1.6748318E-10 -5.2085692E-05
   w184    184  -5.4400928E-15  3.2193895E-10  3.2194439E-10  3.6051392E-10  3.6056041E-10 -5.5994959E-05
   w185    185   6.8737193E-39  6.8737193E-39  0.0000000E+00  7.6973339E-39  0.0000000E+00  0.0000000E+00
   w186    186   2.3314684E-15  3.0197936E-10  3.0197703E-10  3.3816278E-10  3.3819803E-10 -4.5276920E-05
  re185    185   1.1102230E-15  1.5348553E-10  1.5348442E-10  1.7187629E-10  1.7189432E-10 -4.5535806E-05
  re186    186   0.0000000E+00  0.0000000E+00  0.0000000E+00  0.0000000E+00  0.0000000E+00  0.0000000E+00
  re187    187  -1.6688623E-11  2.6320202E-10  2.7989064E-10  2.9473909E-10  3.1346245E-10 -2.6747776E-02
  os186    186  -1.0338952E-15  8.5069403E-11  8.5070437E-11  9.5262485E-11  9.5274309E-11 -5.3897929E-05
  os187    187   1.6685410E-11  8.4710662E-11  6.8025252E-11  9.4860765E-11  7.6184628E-11  9.5219254E-02
  os188    188  -6.1617378E-15  7.1763151E-10  7.1763767E-10  8.0361873E-10  8.0371565E-10 -5.2370473E-05
  os189    189   9.9920072E-16  8.7962515E-10  8.7962415E-10  9.8502251E-10  9.8513175E-10 -4.8176462E-05
  os190    190   1.3544721E-14  1.4380288E-09  1.4380153E-09  1.6103346E-09  1.6104998E-09 -4.4552038E-05
  os191    191   0.0000000E+00  0.0000000E+00  0.0000000E+00  0.0000000E+00  0.0000000E+00  0.0000000E+00
  os192    192  -2.8865799E-14  2.2567972E-09  2.2568261E-09  2.5272084E-09  2.5275240E-09 -5.4208602E-05
  ir191    191   1.0880186E-14  1.9029034E-09  1.9028925E-09  2.1309108E-09  2.1311375E-09 -4.6208912E-05
  ir192    192   1.8810887E-37  1.8810887E-37  0.0000000E+00  2.1064823E-37  0.0000000E+00  0.0000000E+00
  ir193    193   5.0626170E-14  3.2322822E-09  3.2322316E-09  3.6195769E-09  3.6199255E-09 -4.1833740E-05
  pt192    192   3.6706749E-15  8.0022780E-11  8.0019109E-11  8.9611173E-11  8.9617105E-11 -2.8760263E-05
  pt193    193   7.1416146E-24  7.1416146E-24  0.0000000E+00  7.9973291E-24  0.0000000E+00  0.0000000E+00
  pt194    194  -6.1950445E-14  3.4083927E-09  3.4084546E-09  3.8167891E-09  3.8172860E-09 -5.6538633E-05
  pt195    195   4.1078252E-14  3.5159715E-09  3.5159304E-09  3.9372581E-09  3.9376529E-09 -4.3542383E-05
  pt196    196  -2.4424907E-14  2.6367419E-09  2.6367664E-09  2.9526785E-09  2.9530367E-09 -5.2681142E-05
  au197    197  -1.3100632E-14  1.5890800E-09  1.5890931E-09  1.7794849E-09  1.7796988E-09 -5.2215139E-05
  hg198    198   8.4654506E-15  3.7330475E-10  3.7329628E-10  4.1803444E-10  4.1807177E-10 -3.8778911E-05
  hg199    199  -2.6645353E-15  6.3481886E-10  6.3482153E-10  7.1088341E-10  7.1096595E-10 -5.0428796E-05
  hg200    200   8.6597396E-15  8.7364238E-10  8.7363372E-10  9.7832298E-10  9.7842279E-10 -4.4293152E-05
  hg201    201   2.7755576E-16  5.0095361E-10  5.0095333E-10  5.6097826E-10  5.6104082E-10 -4.8435351E-05
  hg202    202   1.3100632E-14  1.1405946E-09  1.1405815E-09  1.2772616E-09  1.2773901E-09 -4.3671826E-05
  tl203    203   3.8580250E-15  4.5119974E-10  4.5119589E-10  5.0526289E-10  5.0531512E-10 -4.4888591E-05
  tl204    204   1.4046692E-33  1.4046692E-33  0.0000000E+00  1.5729778E-33  0.0000000E+00  0.0000000E+00
  tl205    205  -7.5495166E-15  1.0876148E-09  1.0876223E-09  1.2179336E-09  1.2180786E-09 -5.1697356E-05
  pb204    204  -4.7184479E-15  5.7107480E-10  5.7107952E-10  6.3950145E-10  6.3957839E-10 -5.2241026E-05
  pb205    205   0.0000000E+00  0.0000000E+00  0.0000000E+00  0.0000000E+00  0.0000000E+00  0.0000000E+00
  pb206    206  -5.2846616E-14  5.3658349E-09  5.3658877E-09  6.0087735E-09  6.0095058E-09 -5.2914143E-05
  pb207    207  -4.5297099E-14  5.9667444E-09  5.9667897E-09  6.6816845E-09  6.6824839E-09 -5.1956245E-05
  pb208    208   1.7763568E-15  1.7161472E-08  1.7161470E-08  1.9217774E-08  1.9219925E-08 -4.8616570E-05
  bi209    209  -1.3877788E-14  1.1935012E-09  1.1935151E-09  1.3365075E-09  1.3366728E-09 -5.3716711E-05
  bi210    210   0.0000000E+00  0.0000000E+00  0.0000000E+00  0.0000000E+00  0.0000000E+00  0.0000000E+00
  po210    210   0.0000000E+00  0.0000000E+00  0.0000000E+00  0.0000000E+00  0.0000000E+00  0.0000000E+00
