  species    A      yield       mass(i)_lost    mass(i)_0        <X(i)>          X0(i)   log10(<X(i)>/X0(i)) 
      n      1   0.0000000E+00  0.0000000E+00  0.0000000E+00  0.0000000E+00  0.0000000E+00  0.0000000E+00
      p      1  -1.0197282E-02  1.0551093E+00  1.0653065E+00  6.6400838E-01  6.7046791E-01 -4.2044423E-03
      d      2  -9.1309223E-05  6.0295017E-05  1.5160424E-04  3.7945258E-05  9.5414587E-05 -4.0045729E-01
    he3      3  -2.3925363E-04  7.2505546E-04  9.6430909E-04  4.5629669E-04  6.0690352E-04 -1.2387233E-01
    he4      4   1.0174572E-02  4.8717752E-01  4.7700295E-01  3.0659378E-01  3.0020952E-01  9.1388663E-03
    li7      7  -1.6031764E-08  1.0747179E-08  2.6778944E-08  6.7634858E-09  1.6853761E-08 -3.9652625E-01
    be7      7   8.4429730E-18  8.4429730E-18  0.0000000E+00  5.3133876E-18  0.0000000E+00  0.0000000E+00
     b8      8   1.1877618E-27  1.1877618E-27  0.0000000E+00  7.4749015E-28  0.0000000E+00  0.0000000E+00
    c12     12  -2.1035783E-03  5.8640875E-03  7.9676658E-03  3.6904265E-03  5.0145797E-03 -1.3315800E-01
    c13     13   1.3932245E-04  2.3587262E-04  9.6550160E-05  1.4844091E-04  6.0765407E-05  3.8789719E-01
    c14     14   1.0094705E-12  1.0094705E-12  0.0000000E+00  6.3528669E-13  0.0000000E+00  0.0000000E+00
    n13     13   0.0000000E+00  0.0000000E+00  0.0000000E+00  0.0000000E+00  0.0000000E+00  0.0000000E+00
    n14     14   2.3200824E-03  4.6756500E-03  2.3555676E-03  2.9425111E-03  1.4825147E-03  2.9771915E-01
    n15     15  -2.1051751E-06  3.5334765E-06  5.6386516E-06  2.2237109E-06  3.5487767E-06 -2.0300034E-01
    o14     14   0.0000000E+00  0.0000000E+00  0.0000000E+00  0.0000000E+00  0.0000000E+00  0.0000000E+00
    o15     15   0.0000000E+00  0.0000000E+00  0.0000000E+00  0.0000000E+00  0.0000000E+00  0.0000000E+00
    o16     16  -3.0424446E-05  1.9470982E-02  1.9501407E-02  1.2253608E-02  1.2273526E-02 -7.0536981E-04
    o17     17   3.4054032E-05  4.1925756E-05  7.8717248E-06  2.6384994E-05  4.9541977E-06  7.2638369E-01
    o18     18  -8.7016306E-06  3.5281853E-05  4.3983484E-05  2.2203809E-05  2.7681719E-05 -9.5765576E-02
    o19     19   0.0000000E+00  0.0000000E+00  0.0000000E+00  0.0000000E+00  0.0000000E+00  0.0000000E+00
    f17     17   0.0000000E+00  0.0000000E+00  0.0000000E+00  0.0000000E+00  0.0000000E+00  0.0000000E+00
    f18     18   0.0000000E+00  0.0000000E+00  0.0000000E+00  0.0000000E+00  0.0000000E+00  0.0000000E+00
    f19     19  -7.1343038E-09  1.2394889E-06  1.2466232E-06  7.8004337E-07  7.8458260E-07 -2.5199181E-03
    f20     20   0.0000000E+00  0.0000000E+00  0.0000000E+00  0.0000000E+00  0.0000000E+00  0.0000000E+00
   ne19     19   0.0000000E+00  0.0000000E+00  0.0000000E+00  0.0000000E+00  0.0000000E+00  0.0000000E+00
   ne20     20   1.1692755E-06  3.9478918E-03  3.9467225E-03  2.4845134E-03  2.4839337E-03  1.0135763E-04
   ne21     21   5.6052158E-09  9.9391909E-06  9.9335857E-06  6.2549975E-06  6.2518634E-06  2.1764645E-04
   ne22     22  -1.2415461E-05  3.0680001E-04  3.1921547E-04  1.9307742E-04  2.0090342E-04 -1.7255859E-02
   ne23     23   0.0000000E+00  0.0000000E+00  0.0000000E+00  0.0000000E+00  0.0000000E+00  0.0000000E+00
   na21     21   0.0000000E+00  0.0000000E+00  0.0000000E+00  0.0000000E+00  0.0000000E+00  0.0000000E+00
   na22     22   3.2656191E-27  3.2656191E-27  0.0000000E+00  2.0551412E-27  0.0000000E+00  0.0000000E+00
   na23     23   1.3118392E-05  1.1995099E-04  1.0683259E-04  7.5488351E-05  6.7236826E-05  5.0272752E-02
   na24     24   0.0000000E+00  0.0000000E+00  0.0000000E+00  0.0000000E+00  0.0000000E+00  0.0000000E+00
   mg23     23   0.0000000E+00  0.0000000E+00  0.0000000E+00  0.0000000E+00  0.0000000E+00  0.0000000E+00
   mg24     24   5.6310091E-07  1.8831983E-03  1.8826352E-03  1.1851469E-03  1.1848669E-03  1.0259986E-04
   mg25     25   5.8033038E-08  2.4832613E-04  2.4826810E-04  1.5627824E-04  1.5625154E-04  7.4234616E-05
   mg26     26   9.7585144E-08  2.8437382E-04  2.8427623E-04  1.7896402E-04  1.7891386E-04  1.2175053E-04
   mg27     27   0.0000000E+00  0.0000000E+00  0.0000000E+00  0.0000000E+00  0.0000000E+00  0.0000000E+00
   al25     25   0.0000000E+00  0.0000000E+00  0.0000000E+00  0.0000000E+00  0.0000000E+00  0.0000000E+00
   al-6     26   0.0000000E+00  0.0000000E+00  0.0000000E+00  0.0000000E+00  0.0000000E+00  0.0000000E+00
   al*6     26   0.0000000E+00  0.0000000E+00  0.0000000E+00  0.0000000E+00  0.0000000E+00  0.0000000E+00
   al27     27   5.8294972E-08  1.8133562E-04  1.8127733E-04  1.1411934E-04  1.1408982E-04  1.1233058E-04
   al28     28   0.0000000E+00  0.0000000E+00  0.0000000E+00  0.0000000E+00  0.0000000E+00  0.0000000E+00
   si27     27   0.0000000E+00  0.0000000E+00  0.0000000E+00  0.0000000E+00  0.0000000E+00  0.0000000E+00
   si28     28   6.2189065E-07  2.0851502E-03  2.0845283E-03  1.3122406E-03  1.3119316E-03  1.0228930E-04
   si29     29   3.2858225E-08  1.0966005E-04  1.0962720E-04  6.9011992E-05  6.8995651E-05  1.0285866E-04
   si30     30   2.2293534E-08  7.4782954E-05  7.4760661E-05  4.7062906E-05  4.7051835E-05  1.0218578E-04
    p31     31   6.2445906E-09  2.0819567E-05  2.0813322E-05  1.3102308E-05  1.3099202E-05  1.0296218E-04
    p32     32   0.0000000E+00  0.0000000E+00  0.0000000E+00  0.0000000E+00  0.0000000E+00  0.0000000E+00
    p33     33   0.0000000E+00  0.0000000E+00  0.0000000E+00  0.0000000E+00  0.0000000E+00  0.0000000E+00
    s32     32   2.9930379E-07  9.9923252E-04  9.9893322E-04  6.2884361E-04  6.2869478E-04  1.0280689E-04
    s33     33   2.4692781E-09  8.2497545E-06  8.2472852E-06  5.1917900E-06  5.1905627E-06  1.0270338E-04
    s34     34   1.4311809E-08  4.7978261E-05  4.7963949E-05  3.0193998E-05  3.0186888E-05  1.0228930E-04
    s35     35   3.4364682E-34  3.4364682E-34  0.0000000E+00  2.1626610E-34  0.0000000E+00  0.0000000E+00
    s36     36   7.0727424E-11  2.3683397E-07  2.3676324E-07  1.4904592E-07  1.4901079E-07  1.0239282E-04
   cl35     35   3.0604497E-09  1.0249958E-05  1.0246898E-05  6.4505716E-06  6.4490509E-06  1.0239282E-04
   cl36     36   0.0000000E+00  0.0000000E+00  0.0000000E+00  0.0000000E+00  0.0000000E+00  0.0000000E+00
   cl37     37   1.0375061E-09  3.4632631E-06  3.4622255E-06  2.1795236E-06  2.1790077E-06  1.0280689E-04
   ar36     36   5.6970748E-08  1.9087913E-04  1.9082216E-04  1.2012532E-04  1.2009701E-04  1.0234107E-04
   ar37     37   1.0031706E-35  1.0031706E-35  0.0000000E+00  6.3132197E-36  0.0000000E+00  0.0000000E+00
   ar38     38   1.0935764E-08  3.6632933E-05  3.6621997E-05  2.3054081E-05  2.3048646E-05  1.0239282E-04
   ar39     39   1.6214115E-14  1.6214115E-14  0.0000000E+00  1.0203974E-14  0.0000000E+00  0.0000000E+00
   ar40     40   8.8654417E-11  6.1744146E-08  6.1655491E-08  3.8857234E-08  3.8803879E-08  5.9672742E-04
    k39     39   2.9722287E-09  9.9376548E-06  9.9346826E-06  6.2540307E-06  6.2525537E-06  1.0259986E-04
    k40     40  -1.6082630E-09  0.0000000E+00  1.6082630E-09  0.0000000E+00  1.0121863E-09  0.0000000E+00
    k41     41   2.2566837E-10  7.5389187E-07  7.5366620E-07  4.7444422E-07  4.7433201E-07  1.0270338E-04
   ca40     40   5.3085387E-08  1.7206035E-04  1.7200726E-04  1.0828215E-04  1.0825555E-04  1.0668886E-04
   ca41     41   0.0000000E+00  0.0000000E+00  0.0000000E+00  0.0000000E+00  0.0000000E+00  0.0000000E+00
   ca42     42   3.5959147E-10  1.2057460E-06  1.2053864E-06  7.5880808E-07  7.5862943E-07  1.0228930E-04
   ca43     43   7.6909146E-11  2.5758044E-07  2.5750353E-07  1.6210222E-07  1.6206401E-07  1.0239282E-04
   ca44     44   1.2164492E-09  4.0726336E-06  4.0714172E-06  2.5630168E-06  2.5624124E-06  1.0239282E-04
   ca45     45   4.7730628E-32  4.7730628E-32  0.0000000E+00  3.0038154E-32  0.0000000E+00  0.0000000E+00
   ca46     46   2.4416025E-12  8.1641840E-09  8.1617424E-09  5.1379385E-09  5.1367248E-09  1.0259986E-04
   ca47     47   0.0000000E+00  0.0000000E+00  0.0000000E+00  0.0000000E+00  0.0000000E+00  0.0000000E+00
   ca48     48   1.1885959E-10  3.9828274E-07  3.9816388E-07  2.5064992E-07  2.5059089E-07  1.0228930E-04
   sc45     45   3.4390268E-11  1.1490147E-07  1.1486708E-07  7.2310556E-08  7.2293453E-08  1.0275514E-04
   sc46     46   1.7257162E-37  1.7257162E-37  0.0000000E+00  1.0860392E-37  0.0000000E+00  0.0000000E+00
   sc47     47   0.0000000E+00  0.0000000E+00  0.0000000E+00  0.0000000E+00  0.0000000E+00  0.0000000E+00
   sc48     48   3.7925774E-31  7.2468188E-29  7.2088930E-29  4.5606160E-29  4.5370335E-29  0.0000000E+00
   ti46     46   2.0941116E-10  7.0197007E-07  7.0176065E-07  4.4176846E-07  4.4166444E-07  1.0228930E-04
   ti47     47   1.9372237E-10  6.4681399E-07  6.4662026E-07  4.0705726E-07  4.0696094E-07  1.0275514E-04
   ti48     48   1.9504114E-09  6.5453619E-06  6.5434115E-06  4.1191706E-06  4.1182020E-06  1.0213403E-04
   ti49     49   1.4722445E-10  4.9034435E-07  4.9019712E-07  3.0858675E-07  3.0851351E-07  1.0311746E-04
   ti50     50   1.4290436E-10  4.7907764E-07  4.7893474E-07  3.0149633E-07  3.0142536E-07  1.0223754E-04
    v51     51   3.1491254E-10  1.0557889E-06  1.0554739E-06  6.6443602E-07  6.6427958E-07  1.0223754E-04
   cr52     52   1.2943929E-08  4.3281303E-05  4.3268359E-05  2.7238077E-05  2.7231643E-05  1.0259986E-04
   cr53     53   1.4956640E-09  5.0021081E-06  5.0006124E-06  3.1479599E-06  3.1472164E-06  1.0259986E-04
   cr54     54   3.7960035E-10  1.2686255E-06  1.2682459E-06  7.9837980E-07  7.9819102E-07  1.0270338E-04
   mn55     55   1.1314114E-08  3.7797818E-05  3.7786504E-05  2.3787174E-05  2.3781547E-05  1.0275514E-04
   fe54     54   7.4447598E-08  2.4905280E-04  2.4897835E-04  1.5673555E-04  1.5669856E-04  1.0249634E-04
   fe55     55   1.2353302E-22  1.2353302E-22  0.0000000E+00  7.7742615E-23  0.0000000E+00  0.0000000E+00
   fe56     56   1.2121163E-06  4.0543377E-03  4.0531256E-03  2.5515028E-03  2.5509002E-03  1.0259986E-04
   fe57     57   2.8529030E-08  9.5308431E-05  9.5279902E-05  5.9980131E-05  5.9965951E-05  1.0270338E-04
   fe58     58   3.8471626E-09  1.2905504E-05  1.2901657E-05  8.1217777E-06  8.1198668E-06  1.0218578E-04
   fe59     59   2.7815200E-36  2.7815200E-36  0.0000000E+00  1.7504846E-36  0.0000000E+00  0.0000000E+00
   fe60     60   0.0000000E+00  0.0000000E+00  0.0000000E+00  0.0000000E+00  0.0000000E+00  0.0000000E+00
   co59     59   2.9767762E-09  9.9534645E-06  9.9504878E-06  6.2639801E-06  6.2625008E-06  1.0259986E-04
   co60     60   1.2423542E-25  1.2423542E-25  0.0000000E+00  7.8184658E-26  0.0000000E+00  0.0000000E+00
   ni58     58   4.2506144E-08  1.4241262E-04  1.4237012E-04  8.9624053E-05  8.9602931E-05  1.0234107E-04
   ni59     59   0.0000000E+00  0.0000000E+00  0.0000000E+00  0.0000000E+00  0.0000000E+00  0.0000000E+00
   ni60     60   1.6982085E-08  5.6746940E-05  5.6729958E-05  3.5712361E-05  3.5703917E-05  1.0270338E-04
   ni61     61   7.5147000E-10  2.5078614E-06  2.5071099E-06  1.5782639E-06  1.5778902E-06  1.0285866E-04
   ni62     62   2.4283509E-09  8.1272447E-06  8.1248163E-06  5.1146912E-06  5.1134848E-06  1.0244458E-04
   ni63     63   0.0000000E+00  0.0000000E+00  0.0000000E+00  0.0000000E+00  0.0000000E+00  0.0000000E+00
   ni64     64   6.4051164E-10  2.1364942E-06  2.1358537E-06  1.3445527E-06  1.3442341E-06  1.0296218E-04
   cu63     63   5.2727955E-10  1.7634299E-06  1.7629026E-06  1.1097734E-06  1.1095112E-06  1.0259986E-04
   cu64     64   0.0000000E+00  0.0000000E+00  0.0000000E+00  0.0000000E+00  0.0000000E+00  0.0000000E+00
   cu65     65   2.4135716E-10  8.1095476E-07  8.1071340E-07  5.1035545E-07  5.1023562E-07  1.0197875E-04
   zn64     64   9.0267349E-10  3.0212598E-06  3.0203571E-06  1.9013593E-06  1.9009107E-06  1.0249634E-04
   zn65     65   4.2988026E-29  4.2988026E-29  0.0000000E+00  2.7053511E-29  0.0000000E+00  0.0000000E+00
   zn66     66   5.3501026E-10  1.7875693E-06  1.7870343E-06  1.1249649E-06  1.1246990E-06  1.0265162E-04
   zn67     67   7.9552365E-11  2.6666186E-07  2.6658230E-07  1.6781740E-07  1.6777788E-07  1.0228930E-04
   zn68     68   3.7164227E-10  1.2377045E-06  1.2373329E-06  7.7892042E-07  7.7873545E-07  1.0311746E-04
   zn69     69   0.0000000E+00  0.0000000E+00  0.0000000E+00  0.0000000E+00  0.0000000E+00  0.0000000E+00
   zn70     70   1.2686741E-11  4.2131092E-08  4.2118405E-08  2.6514218E-08  2.6507900E-08  1.0353154E-04
   ga69     69   3.3956837E-11  1.1347478E-07  1.1344083E-07  7.1412700E-08  7.1395824E-08  1.0265162E-04
   ga70     70   0.0000000E+00  0.0000000E+00  0.0000000E+00  0.0000000E+00  0.0000000E+00  0.0000000E+00
   ga71     71   2.3156588E-11  7.7491009E-08  7.7467853E-08  4.8767156E-08  4.8755648E-08  1.0249634E-04
   ge70     70   3.7744030E-11  1.2620821E-07  1.2617046E-07  7.9426187E-08  7.9407421E-08  1.0259986E-04
   ge71     71   0.0000000E+00  0.0000000E+00  0.0000000E+00  0.0000000E+00  0.0000000E+00  0.0000000E+00
   ge72     72   5.1329607E-11  1.7155487E-07  1.7150354E-07  1.0796405E-07  1.0793853E-07  1.0265162E-04
   ge73     73   1.4548363E-11  4.8821121E-08  4.8806573E-08  3.0724433E-08  3.0717207E-08  1.0213403E-04
   ge74     74   6.9604766E-11  2.3227304E-07  2.3220343E-07  1.4617561E-07  1.4614099E-07  1.0285866E-04
   as75     75   1.0164314E-11  3.4053862E-08  3.4043698E-08  2.1431003E-08  2.1425953E-08  1.0234107E-04
   se76     76   1.0604850E-11  3.5453194E-08  3.5442589E-08  2.2311639E-08  2.2306367E-08  1.0265162E-04
   se77     77   8.7592156E-12  2.9250117E-08  2.9241358E-08  1.8407878E-08  1.8403522E-08  1.0275514E-04
   se78     78   2.7519320E-11  9.2306408E-08  9.2278889E-08  5.8090880E-08  5.8077209E-08  1.0223754E-04
   se79     79   0.0000000E+00  0.0000000E+00  0.0000000E+00  0.0000000E+00  0.0000000E+00  0.0000000E+00
   se80     80   5.9003469E-11  1.9758909E-07  1.9753008E-07  1.2434808E-07  1.2431876E-07  1.0239282E-04
   br79     79   9.4360075E-12  3.1598031E-08  3.1588595E-08  1.9885482E-08  1.9880794E-08  1.0239282E-04
   br80     80   0.0000000E+00  0.0000000E+00  0.0000000E+00  0.0000000E+00  0.0000000E+00  0.0000000E+00
   br81     81   9.4146912E-12  3.1515505E-08  3.1506090E-08  1.9833546E-08  1.9828869E-08  1.0244458E-04
   kr80     80   2.2595259E-12  7.5302564E-09  7.5279969E-09  4.7389910E-09  4.7378670E-09  1.0301394E-04
   kr81     81   0.0000000E+00  0.0000000E+00  0.0000000E+00  0.0000000E+00  0.0000000E+00  0.0000000E+00
   kr82     82   1.1603163E-11  3.8676028E-08  3.8664425E-08  2.4339855E-08  2.4334081E-08  1.0301394E-04
   kr83     83   1.1571188E-11  3.8780634E-08  3.8769063E-08  2.4405685E-08  2.4399938E-08  1.0228930E-04
   kr84     84   5.7795546E-11  1.9342716E-07  1.9336936E-07  1.2172886E-07  1.2170013E-07  1.0254810E-04
   kr-5     85   3.1262706E-20  3.1262706E-20  0.0000000E+00  1.9674454E-20  0.0000000E+00  0.0000000E+00
   kr*5     85   0.0000000E+00  0.0000000E+00  0.0000000E+00  0.0000000E+00  0.0000000E+00  0.0000000E+00
   kr86     86   1.7834623E-11  5.9887078E-08  5.9869244E-08  3.7688533E-08  3.7679676E-08  1.0208226E-04
   rb85     85   9.3649533E-12  3.1392737E-08  3.1383372E-08  1.9756285E-08  1.9751633E-08  1.0228930E-04
   rb86     86   2.1501103E-40  2.1501103E-40  0.0000000E+00  1.3531218E-40  0.0000000E+00  0.0000000E+00
   rb87     87  -1.6879209E-10  1.3051072E-08  1.3219864E-08  8.2133873E-09  8.3201357E-09 -5.6081121E-03
   sr86     86   4.3716142E-12  1.4649316E-08  1.4644944E-08  9.2192041E-09  9.2170325E-09  1.0228930E-04
   sr87     87   1.7586288E-10  1.0529650E-08  1.0353787E-08  6.6265891E-09  6.5163239E-09  7.2873873E-03
   sr88     88   3.7502446E-11  1.2559828E-07  1.2556077E-07  7.9042337E-08  7.9023707E-08  1.0239282E-04
   sr89     89   1.1866362E-38  1.1866362E-38  0.0000000E+00  7.4678180E-39  0.0000000E+00  0.0000000E+00
   sr90     90   5.8651718E-24  5.8651718E-24  0.0000000E+00  3.6911086E-24  0.0000000E+00  0.0000000E+00
    y89     89   8.9492858E-12  2.9956894E-08  2.9947945E-08  1.8852671E-08  1.8848224E-08  1.0244458E-04
    y90     90   1.4832569E-27  1.4832569E-27  0.0000000E+00  9.3345308E-28  0.0000000E+00  0.0000000E+00
    y91     91   0.0000000E+00  0.0000000E+00  0.0000000E+00  0.0000000E+00  0.0000000E+00  0.0000000E+00
   zr90     90   1.0690115E-11  3.5705771E-08  3.5695081E-08  2.2470592E-08  2.2465278E-08  1.0275514E-04
   zr91     91   2.3510083E-12  7.8731013E-09  7.8707503E-09  4.9547522E-09  4.9535838E-09  1.0244458E-04
   zr92     92   3.6264325E-12  1.2166298E-08  1.2162672E-08  7.6565758E-09  7.6547746E-09  1.0218578E-04
   zr93     93   0.0000000E+00  0.0000000E+00  0.0000000E+00  0.0000000E+00  0.0000000E+00  0.0000000E+00
   zr94     94   3.7685410E-12  1.2597494E-08  1.2593725E-08  7.9279383E-09  7.9260651E-09  1.0259986E-04
   zr95     95   8.1071798E-38  8.1071798E-38  0.0000000E+00  5.1020638E-38  0.0000000E+00  0.0000000E+00
   zr96     96   6.1861627E-13  2.0727193E-09  2.0721007E-09  1.3044175E-09  1.3041102E-09  1.0234107E-04
   nb93     93   1.6213697E-12  5.4398694E-09  5.4382481E-09  3.4234546E-09  3.4226495E-09  1.0213403E-04
   nb94     94   2.2811725E-16  2.2811725E-16  0.0000000E+00  1.4356025E-16  0.0000000E+00  0.0000000E+00
   nb95     95   9.6047497E-38  9.6047497E-38  0.0000000E+00  6.0445245E-38  0.0000000E+00  0.0000000E+00
   mo94     94   5.1103566E-13  1.7049633E-09  1.7044522E-09  1.0729788E-09  1.0727247E-09  1.0285866E-04
   mo95     95   8.8995478E-13  2.9821821E-09  2.9812921E-09  1.8767665E-09  1.8763244E-09  1.0228930E-04
   mo96     96   9.4724228E-13  3.1722154E-09  3.1712681E-09  1.9963595E-09  1.9958890E-09  1.0239282E-04
   mo97     97   5.5155880E-13  1.8454622E-09  1.8449107E-09  1.1613985E-09  1.1611244E-09  1.0249634E-04
   mo98     98   1.4108714E-12  4.7375890E-09  4.7361781E-09  2.9814908E-09  2.9807905E-09  1.0203050E-04
   tc99     99   0.0000000E+00  0.0000000E+00  0.0000000E+00  0.0000000E+00  0.0000000E+00  0.0000000E+00
   ru99     99   4.9527049E-13  1.6542547E-09  1.6537595E-09  1.0410666E-09  1.0408203E-09  1.0275514E-04
  ru100    100   4.9293902E-13  1.6499692E-09  1.6494762E-09  1.0383695E-09  1.0381246E-09  1.0244458E-04
  ru101    101   6.7257311E-13  2.2563333E-09  2.2556608E-09  1.4199707E-09  1.4196366E-09  1.0218578E-04
  ru102    102   1.2589929E-12  4.2140726E-09  4.2128137E-09  2.6520282E-09  2.6514024E-09  1.0249634E-04
  rh103    103   8.0424556E-13  2.6912343E-09  2.6904301E-09  1.6936654E-09  1.6932657E-09  1.0249634E-04
  pd104    104   3.5160763E-13  1.1776724E-09  1.1773208E-09  7.4114059E-10  7.4096596E-10  1.0234107E-04
  pd105    105   7.1143091E-13  2.3832694E-09  2.3825579E-09  1.4998549E-09  1.4995014E-09  1.0239282E-04
  pd106    106   8.8351548E-13  2.9447897E-09  2.9439062E-09  1.8532346E-09  1.8527950E-09  1.0301394E-04
  pd107    107   0.0000000E+00  0.0000000E+00  0.0000000E+00  0.0000000E+00  0.0000000E+00  0.0000000E+00
  pd108    108   8.6974872E-13  2.9048444E-09  2.9039746E-09  1.8280959E-09  1.8276636E-09  1.0270338E-04
  ag107    107   5.9574568E-13  2.0004862E-09  1.9998905E-09  1.2589593E-09  1.2586634E-09  1.0208226E-04
  ag108    108   0.0000000E+00  0.0000000E+00  0.0000000E+00  0.0000000E+00  0.0000000E+00  0.0000000E+00
  ag109    109   5.6554761E-13  1.8932957E-09  1.8927302E-09  1.1915015E-09  1.1912203E-09  1.0249634E-04
  cd108    108   3.4194869E-14  1.1218178E-10  1.1214758E-10  7.0598978E-11  7.0581894E-11  1.0508432E-04
  cd109    109   1.6776992E-31  1.6776992E-31  0.0000000E+00  1.0558208E-31  0.0000000E+00  0.0000000E+00
  cd110    110   4.7839510E-13  1.6034818E-09  1.6030034E-09  1.0091138E-09  1.0088761E-09  1.0228930E-04
  cd111    111   4.9393822E-13  1.6582219E-09  1.6577280E-09  1.0435632E-09  1.0433179E-09  1.0213403E-04
  cd112    112   9.4080299E-13  3.1542227E-09  3.1532819E-09  1.9850364E-09  1.9845690E-09  1.0228930E-04
  cd113    113   4.8328008E-13  1.6116120E-09  1.6111287E-09  1.0142304E-09  1.0139899E-09  1.0296218E-04
  cd114    114   1.1444179E-12  3.8224912E-09  3.8213468E-09  2.4055955E-09  2.4050264E-09  1.0275514E-04
  in115    115   4.2899018E-13  1.4413324E-09  1.4409034E-09  9.0706886E-10  9.0685587E-10  1.0197875E-04
  sn116    116   1.3464785E-12  4.5094568E-09  4.5081103E-09  2.8379212E-09  2.8372522E-09  1.0239282E-04
  sn117    117   7.1476158E-13  2.4023767E-09  2.4016620E-09  1.5118796E-09  1.5115248E-09  1.0192698E-04
  sn118    118   2.1880275E-12  7.3257924E-09  7.3236044E-09  4.6103161E-09  4.6092290E-09  1.0244458E-04
  sn119    119   8.1845641E-13  2.7330276E-09  2.7322091E-09  1.7199671E-09  1.7195600E-09  1.0280689E-04
  sn120    120   3.1290526E-12  1.0452927E-08  1.0449798E-08  6.5783055E-09  6.5767498E-09  1.0270338E-04
  sb121    121   4.8194781E-13  1.6120082E-09  1.6115262E-09  1.0144797E-09  1.0142401E-09  1.0259986E-04
  te122    122   3.1974423E-13  1.0715421E-09  1.0712223E-09  6.7434996E-10  6.7419115E-10  1.0228930E-04
  te123    123   1.1285417E-13  3.7705677E-10  3.7694392E-10  2.3729188E-10  2.3723576E-10  1.0270338E-04
  te124    124   6.0618177E-13  2.0244662E-09  2.0238600E-09  1.2740504E-09  1.2737490E-09  1.0275514E-04
  te125    125   9.0949470E-13  3.0439895E-09  3.0430800E-09  1.9156636E-09  1.9152118E-09  1.0244458E-04
  te126    126   2.4460434E-12  8.1763680E-09  8.1739220E-09  5.1456062E-09  5.1443902E-09  1.0265162E-04
   i127    127   3.0730973E-12  1.0254516E-08  1.0251443E-08  6.4534400E-09  6.4519119E-09  1.0285866E-04
   i128    128   0.0000000E+00  0.0000000E+00  0.0000000E+00  0.0000000E+00  0.0000000E+00  0.0000000E+00
   i129    129   1.2292129E-21  1.2292129E-21  0.0000000E+00  7.7357639E-22  0.0000000E+00  0.0000000E+00
  xe128    128   3.3550940E-13  1.1075521E-09  1.1072165E-09  6.9701200E-10  6.9684469E-10  1.0425617E-04
  xe129    129   4.1495696E-12  1.3904130E-08  1.3899981E-08  8.7502396E-09  8.7481773E-09  1.0239282E-04
  xe130    130   6.7590378E-13  2.2497926E-09  2.2491167E-09  1.4158543E-09  1.4155179E-09  1.0322098E-04
  xe131    131   3.3555381E-12  1.1238170E-08  1.1234815E-08  7.0724799E-09  7.0708124E-09  1.0239282E-04
  xe132    132   4.1460169E-12  1.3840780E-08  1.3836634E-08  8.7103711E-09  8.7083096E-09  1.0280689E-04
  xe133    133   0.0000000E+00  0.0000000E+00  0.0000000E+00  0.0000000E+00  0.0000000E+00  0.0000000E+00
  xe134    134   1.5529800E-12  5.1878910E-09  5.1863380E-09  3.2648779E-09  3.2641059E-09  1.0270338E-04
  cs133    133   1.0897949E-12  3.6388190E-09  3.6377292E-09  2.2900057E-09  2.2894637E-09  1.0280689E-04
  cs134    134   1.5759733E-28  1.5759733E-28  0.0000000E+00  9.9180198E-29  0.0000000E+00  0.0000000E+00
  cs135    135   0.0000000E+00  0.0000000E+00  0.0000000E+00  0.0000000E+00  0.0000000E+00  0.0000000E+00
  cs136    136   0.0000000E+00  0.0000000E+00  0.0000000E+00  0.0000000E+00  0.0000000E+00  0.0000000E+00
  cs137    137   0.0000000E+00  0.0000000E+00  0.0000000E+00  0.0000000E+00  0.0000000E+00  0.0000000E+00
  ba134    134   3.3473224E-13  1.1155615E-09  1.1152268E-09  7.0205258E-10  7.0188605E-10  1.0301394E-04
  ba135    135   9.1437968E-13  3.0652765E-09  3.0643621E-09  1.9290600E-09  1.9286059E-09  1.0223754E-04
  ba136    136   1.0984547E-12  3.6791470E-09  3.6780485E-09  2.3153852E-09  2.3148394E-09  1.0239282E-04
  ba137    137   1.5885071E-12  5.3001177E-09  5.2985292E-09  3.3355052E-09  3.3347154E-09  1.0285866E-04
  ba138    138   1.0189183E-11  3.4079740E-08  3.4069551E-08  2.1447288E-08  2.1442224E-08  1.0254810E-04
  la139    139   1.3957724E-12  4.6744595E-09  4.6730637E-09  2.9417617E-09  2.9410685E-09  1.0234107E-04
  ce140    140   3.2152059E-12  1.0713680E-08  1.0710465E-08  6.7424040E-09  6.7408044E-09  1.0306570E-04
  ce141    141   0.0000000E+00  0.0000000E+00  0.0000000E+00  0.0000000E+00  0.0000000E+00  0.0000000E+00
  ce142    142   4.0722981E-13  1.3654138E-09  1.3650066E-09  8.5929125E-10  8.5908897E-10  1.0223754E-04
  pr141    141   5.5289107E-13  1.8464101E-09  1.8458572E-09  1.1619951E-09  1.1617202E-09  1.0275514E-04
  nd142    142   7.3852036E-13  2.4631104E-09  2.4623719E-09  1.5501009E-09  1.5497336E-09  1.0296218E-04
  nd143    143   3.2884806E-13  1.1026935E-09  1.1023646E-09  6.9395439E-10  6.9379108E-10  1.0223754E-04
  nd144    144   6.5614181E-13  2.1915421E-09  2.1908859E-09  1.3791958E-09  1.3788695E-09  1.0275514E-04
  nd145    145   2.4258373E-13  8.1494211E-10  8.1469953E-10  5.1286475E-10  5.1274435E-10  1.0197875E-04
  nd146    146   4.7861715E-13  1.6040418E-09  1.6035632E-09  1.0094662E-09  1.0092285E-09  1.0228930E-04
  nd147    147   0.0000000E+00  0.0000000E+00  0.0000000E+00  0.0000000E+00  0.0000000E+00  0.0000000E+00
  nd148    148   1.6225910E-13  5.4257815E-10  5.4241589E-10  3.4145889E-10  3.4137826E-10  1.0254810E-04
  pm147    147   1.1395723E-27  1.1395723E-27  0.0000000E+00  7.1716316E-28  0.0000000E+00  0.0000000E+00
  pm148    148   0.0000000E+00  0.0000000E+00  0.0000000E+00  0.0000000E+00  0.0000000E+00  0.0000000E+00
  sm147    147   1.2964629E-13  4.3673998E-10  4.3661033E-10  2.7485209E-10  2.7478778E-10  1.0161642E-04
  sm148    148   9.9170672E-14  3.2971392E-10  3.2961475E-10  2.0749776E-10  2.0744838E-10  1.0337625E-04
  sm149    149   1.2101431E-13  4.0812992E-10  4.0800890E-10  2.5684702E-10  2.5678701E-10  1.0146115E-04
  sm150    150   6.6543993E-14  2.1941157E-10  2.1934503E-10  1.3808155E-10  1.3804835E-10  1.0441145E-04
  sm151    151   3.6481072E-18  3.6481072E-18  0.0000000E+00  2.2958510E-18  0.0000000E+00  0.0000000E+00
  sm152    152   2.4258373E-13  8.0588775E-10  8.0564516E-10  5.0716664E-10  5.0704585E-10  1.0342801E-04
  eu151    151   1.5731860E-13  5.3162375E-10  5.3146643E-10  3.3456499E-10  3.3448702E-10  1.0120234E-04
  eu152    152   1.5099049E-19  1.5099049E-19  0.0000000E+00  9.5022334E-20  0.0000000E+00  0.0000000E+00
  eu153    153   1.7491564E-13  5.8801619E-10  5.8784128E-10  3.7005424E-10  3.6996742E-10  1.0192698E-04
  eu154    154   1.8421476E-21  1.8421476E-21  0.0000000E+00  1.1593125E-21  0.0000000E+00  0.0000000E+00
  eu155    155   1.7161714E-26  1.7161714E-26  0.0000000E+00  1.0800323E-26  0.0000000E+00  0.0000000E+00
  gd152    152   2.7755576E-15  7.7626846E-12  7.7599090E-12  4.8852641E-12  4.8838242E-12  1.2801313E-04
  gd153    153   6.4786453E-33  6.4786453E-33  0.0000000E+00  4.0771842E-33  0.0000000E+00  0.0000000E+00
  gd154    154   2.6784130E-14  8.5720965E-11  8.5694181E-11  5.3946486E-11  5.3933018E-11  1.0844867E-04
  gd155    155   1.7397195E-13  5.8574273E-10  5.8556876E-10  3.6862349E-10  3.6853717E-10  1.0171995E-04
  gd156    156   2.4497071E-13  8.1535900E-10  8.1511403E-10  5.1312715E-10  5.1300519E-10  1.0322098E-04
  gd157    157   1.8740565E-13  6.2736172E-10  6.2717431E-10  3.9481543E-10  3.9472228E-10  1.0249634E-04
  gd158    158   3.0009328E-13  1.0021213E-09  1.0018212E-09  6.3066158E-10  6.3051242E-10  1.0270338E-04
  gd159    159   0.0000000E+00  0.0000000E+00  0.0000000E+00  0.0000000E+00  0.0000000E+00  0.0000000E+00
  gd160    160   2.6673108E-13  8.9306362E-10  8.9279689E-10  5.6202870E-10  5.6189614E-10  1.0244458E-04
  tb159    159   2.2476465E-13  7.5597961E-10  7.5575485E-10  4.7575810E-10  4.7564652E-10  1.0187522E-04
  tb160    160   1.6860606E-36  1.6860606E-36  0.0000000E+00  1.0610828E-36  0.0000000E+00  0.0000000E+00
  tb161    161   0.0000000E+00  0.0000000E+00  0.0000000E+00  0.0000000E+00  0.0000000E+00  0.0000000E+00
  dy160    160   3.4916514E-14  1.1439351E-10  1.1435859E-10  7.1990879E-11  7.1973427E-11  1.0529136E-04
  dy161    161   2.7911007E-13  9.3357311E-10  9.3329400E-10  5.8752242E-10  5.8738370E-10  1.0254810E-04
  dy162    162   3.8047343E-13  1.2668833E-09  1.2665028E-09  7.9728335E-10  7.9709406E-10  1.0311746E-04
  dy163    163   3.7181369E-13  1.2457431E-09  1.2453713E-09  7.8397927E-10  7.8379458E-10  1.0234107E-04
  dy164    164   4.2388315E-13  1.4227479E-09  1.4223240E-09  8.9537316E-10  8.9516272E-10  1.0208226E-04
  ho165    165   3.3306691E-13  1.1081390E-09  1.1078060E-09  6.9738137E-10  6.9721562E-10  1.0322098E-04
  er166    166   3.1497027E-13  1.0527030E-09  1.0523881E-09  6.6249406E-10  6.6233746E-10  1.0265162E-04
  er167    167   2.1499469E-13  7.2288586E-10  7.2267087E-10  4.5493131E-10  4.5482462E-10  1.0187522E-04
  er168    168   2.5790481E-13  8.5787866E-10  8.5762075E-10  5.3988586E-10  5.3975746E-10  1.0327274E-04
  er169    169   0.0000000E+00  0.0000000E+00  0.0000000E+00  0.0000000E+00  0.0000000E+00  0.0000000E+00
  er170    170   1.4321877E-13  4.7976645E-10  4.7962323E-10  3.0192979E-10  3.0185868E-10  1.0228930E-04
  tm169    169   1.5154544E-13  5.0699545E-10  5.0684390E-10  3.1906575E-10  3.1899042E-10  1.0254810E-04
  tm170    170   8.5108879E-35  8.5108879E-35  0.0000000E+00  5.3561285E-35  0.0000000E+00  0.0000000E+00
  tm171    171   7.8739888E-29  7.8739888E-29  0.0000000E+00  4.9553109E-29  0.0000000E+00  0.0000000E+00
  yb170    170   2.8733960E-14  9.5891219E-11  9.5862485E-11  6.0346894E-11  6.0332607E-11  1.0280689E-04
  yb171    171   1.3658519E-13  4.5604454E-10  4.5590795E-10  2.8700098E-10  2.8693303E-10  1.0280689E-04
  yb172    172   2.1083135E-13  7.0614914E-10  7.0593831E-10  4.4439846E-10  4.4429369E-10  1.0239282E-04
  yb173    173   1.5765167E-13  5.2719495E-10  5.2703730E-10  3.3177783E-10  3.3169947E-10  1.0259986E-04
  yb174    174   3.1530334E-13  1.0549219E-09  1.0546066E-09  6.6389044E-10  6.6373379E-10  1.0249634E-04
  lu175    175   1.4227508E-13  4.7611964E-10  4.7597737E-10  2.9963476E-10  2.9956407E-10  1.0249634E-04
  lu176    176  -2.3491799E-13  1.3658664E-11  1.3893582E-11  8.5957613E-12  8.7441504E-12 -7.4332715E-03
  lu177    177   0.0000000E+00  0.0000000E+00  0.0000000E+00  0.0000000E+00  0.0000000E+00  0.0000000E+00
  hf176    176   2.7140096E-13  1.0717652E-10  1.0690512E-10  6.7449039E-11  6.7282471E-11  1.0738191E-03
  hf177    177   1.1435297E-13  3.8435310E-10  3.8423875E-10  2.4188365E-10  2.4182686E-10  1.0197875E-04
  hf178    178   1.6592283E-13  5.6708677E-10  5.6692084E-10  3.5688280E-10  3.5680081E-10  9.9804827E-05
  hf179    179   8.8623553E-14  2.8472882E-10  2.8464020E-10  1.7918743E-10  1.7914291E-10  1.0793108E-04
  hf180    180   2.2043478E-13  7.3736173E-10  7.3714129E-10  4.6404136E-10  4.6393178E-10  1.0254810E-04
  hf181    181   3.0863529E-39  3.0863529E-39  0.0000000E+00  1.9423244E-39  0.0000000E+00  0.0000000E+00
  hf182    182   2.0095444E-21  2.0095444E-21  0.0000000E+00  1.2646598E-21  0.0000000E+00  0.0000000E+00
  ta181    181   9.3286490E-14  3.1240488E-10  3.1231159E-10  1.9660470E-10  1.9655837E-10  1.0239282E-04
  ta182    182   1.8437288E-29  1.8437288E-29  0.0000000E+00  1.1603076E-29  0.0000000E+00  0.0000000E+00
  ta183    183   0.0000000E+00  0.0000000E+00  0.0000000E+00  0.0000000E+00  0.0000000E+00  0.0000000E+00
   w182    182   1.4671597E-13  4.9027260E-10  4.9012588E-10  3.0854161E-10  3.0846867E-10  1.0270338E-04
   w183    183   7.9325435E-14  2.6619337E-10  2.6611405E-10  1.6752258E-10  1.6748318E-10  1.0213403E-04
   w184    184   1.7147395E-13  5.7306593E-10  5.7289445E-10  3.6064565E-10  3.6056041E-10  1.0265162E-04
   w185    185   4.6969874E-37  4.6969874E-37  0.0000000E+00  2.9559393E-37  0.0000000E+00  0.0000000E+00
   w186    186   1.6114887E-13  5.3752403E-10  5.3736288E-10  3.3827818E-10  3.3819803E-10  1.0291042E-04
  re185    185   8.1323837E-14  2.7320421E-10  2.7312289E-10  1.7193469E-10  1.7189432E-10  1.0197875E-04
  re186    186   0.0000000E+00  0.0000000E+00  0.0000000E+00  0.0000000E+00  0.0000000E+00  0.0000000E+00
  re187    187  -7.6932904E-12  4.9036725E-10  4.9806054E-10  3.0860117E-10  3.1346245E-10 -6.7879651E-03
  os186    186   4.5574655E-14  1.5142693E-10  1.5138135E-10  9.5296999E-11  9.5274309E-11  1.0342801E-04
  os187    187   7.8771850E-12  1.2892692E-10  1.2104974E-10  8.1137146E-11  7.6184607E-11  2.7352499E-02
  os188    188   3.8336001E-13  1.2774072E-09  1.2770238E-09  8.0390633E-10  8.0371565E-10  1.0301394E-04
  os189    189   4.6551651E-13  1.5657415E-09  1.5652760E-09  9.8536279E-10  9.8513175E-10  1.0182346E-04
  os190    190   7.6783024E-13  2.5596911E-09  2.5589233E-09  1.6108818E-09  1.6104998E-09  1.0296218E-04
  os191    191   0.0000000E+00  0.0000000E+00  0.0000000E+00  0.0000000E+00  0.0000000E+00  0.0000000E+00
  os192    192   1.2017054E-12  4.0171848E-09  4.0159831E-09  2.5281213E-09  2.5275240E-09  1.0259986E-04
  ir191    191   1.0038637E-12  3.3871681E-09  3.3861642E-09  2.1316351E-09  2.1311375E-09  1.0140938E-04
  ir192    192   1.1124869E-35  1.1124869E-35  0.0000000E+00  7.0011766E-36  0.0000000E+00  0.0000000E+00
  ir193    193   1.7168489E-12  5.7534169E-09  5.7517000E-09  3.6207783E-09  3.6199255E-09  1.0228930E-04
  pt192    192   4.6587734E-14  1.4243921E-10  1.4239263E-10  8.9640788E-11  8.9617105E-11  1.1476322E-04
  pt193    193   5.0324143E-19  5.0324143E-19  0.0000000E+00  3.1670324E-19  0.0000000E+00  0.0000000E+00
  pt194    194   1.8149926E-12  6.0671015E-09  6.0652865E-09  3.8181884E-09  3.8172860E-09  1.0265162E-04
  pt195    195   1.8696156E-12  6.2584071E-09  6.2565375E-09  3.9385823E-09  3.9376529E-09  1.0249634E-04
  pt196    196   1.4055423E-12  4.6934860E-09  4.6920805E-09  2.9537357E-09  2.9530367E-09  1.0280689E-04
  au197    197   8.4465768E-13  2.8286085E-09  2.8277638E-09  1.7801186E-09  1.7796988E-09  1.0244458E-04
  hg198    198   2.0133895E-13  6.6447559E-10  6.6427425E-10  4.1817219E-10  4.1807177E-10  1.0430793E-04
  hg199    199   3.3750780E-13  1.1299914E-09  1.1296539E-09  7.1113371E-10  7.1096595E-10  1.0244458E-04
  hg200    200   4.6385118E-13  1.5550801E-09  1.5546162E-09  9.7865327E-10  9.7842279E-10  1.0228930E-04
  hg201    201   2.6578739E-13  8.9170360E-10  8.9143781E-10  5.6117283E-10  5.6104082E-10  1.0218578E-04
  hg202    202   6.0595973E-13  2.0302511E-09  2.0296451E-09  1.2776911E-09  1.2773901E-09  1.0234107E-04
  tl203    203   2.4052982E-13  8.0313578E-10  8.0289525E-10  5.0543475E-10  5.0531512E-10  1.0280689E-04
  tl204    204   2.8852104E-28  2.8852104E-28  0.0000000E+00  1.8157397E-28  0.0000000E+00  0.0000000E+00
  tl205    205   5.7909233E-13  1.9359843E-09  1.9354052E-09  1.2183664E-09  1.2180786E-09  1.0259986E-04
  pb204    204   3.0364600E-13  1.0165297E-09  1.0162261E-09  6.3972921E-10  6.3957839E-10  1.0239282E-04
  pb205    205   0.0000000E+00  0.0000000E+00  0.0000000E+00  0.0000000E+00  0.0000000E+00  0.0000000E+00
  pb206    206   2.8590463E-12  9.5513633E-09  9.5485042E-09  6.0109273E-09  6.0095058E-09  1.0270338E-04
  pb207    207   3.1663561E-12  1.0620965E-08  1.0617799E-08  6.6840564E-09  6.6824839E-09  1.0218578E-04
  pb208    208   9.1056052E-12  3.0547646E-08  3.0538541E-08  1.9224448E-08  1.9219925E-08  1.0218578E-04
  bi209    209   6.3349326E-13  2.1244730E-09  2.1238395E-09  1.3369874E-09  1.3366728E-09  1.0223754E-04
  bi210    210   0.0000000E+00  0.0000000E+00  0.0000000E+00  0.0000000E+00  0.0000000E+00  0.0000000E+00
  po210    210   0.0000000E+00  0.0000000E+00  0.0000000E+00  0.0000000E+00  0.0000000E+00  0.0000000E+00
