  species    A      yield       mass(i)_lost    mass(i)_0        <X(i)>          X0(i)   log10(<X(i)>/X0(i)) 
      n      1   0.0000000E+00  0.0000000E+00  0.0000000E+00  0.0000000E+00  0.0000000E+00  0.0000000E+00
      p      1  -5.5061102E-02  1.1852375E+00  1.2402986E+00  6.4066893E-01  6.7046791E-01 -1.9744329E-02
      d      2  -1.7621349E-04  2.9396699E-07  1.7650746E-04  1.5890107E-07  9.5414587E-05 -2.7784879E+00
    he3      3  -2.2024830E-04  9.0246258E-04  1.1227109E-03  4.8781760E-04  6.0690352E-04 -9.4862185E-02
    he4      4   3.9679646E-02  5.9503728E-01  5.5535764E-01  3.2164177E-01  3.0020952E-01  2.9947989E-02
    li7      7  -2.9222925E-08  1.9548532E-09  3.1177777E-08  1.0566774E-09  1.6853761E-08 -1.2027545E+00
    be7      7   2.0159083E-17  2.0159083E-17  0.0000000E+00  1.0896802E-17  0.0000000E+00  0.0000000E+00
     b8      8   1.0096214E-23  1.0096214E-23  0.0000000E+00  5.4574131E-24  0.0000000E+00  0.0000000E+00
    c12     12   9.4691999E-03  1.8745672E-02  9.2764720E-03  1.0132795E-02  5.0145797E-03  3.0549473E-01
    c13     13   1.3677700E-04  2.4918694E-04  1.1240994E-04  1.3469564E-04  6.0765407E-05  3.4569713E-01
    c14     14   1.4808760E-08  1.4808760E-08  0.0000000E+00  8.0047355E-09  0.0000000E+00  0.0000000E+00
    n13     13   0.0000000E+00  0.0000000E+00  0.0000000E+00  0.0000000E+00  0.0000000E+00  0.0000000E+00
    n14     14   3.1039647E-03  5.8464687E-03  2.7425040E-03  3.1602534E-03  1.4825147E-03  3.2872289E-01
    n15     15  -2.4741094E-06  4.0907730E-06  6.5648824E-06  2.2112285E-06  3.5487767E-06 -2.0544505E-01
    o14     14   0.0000000E+00  0.0000000E+00  0.0000000E+00  0.0000000E+00  0.0000000E+00  0.0000000E+00
    o15     15   0.0000000E+00  0.0000000E+00  0.0000000E+00  0.0000000E+00  0.0000000E+00  0.0000000E+00
    o16     16  -2.5202893E-04  2.2452768E-02  2.2704797E-02  1.2136631E-02  1.2273526E-02 -4.8712064E-03
    o17     17   5.0851042E-05  6.0015813E-05  9.1647707E-06  3.2440981E-05  4.9541977E-06  8.1612062E-01
    o18     18  -1.1997185E-05  3.9211231E-05  5.1208415E-05  2.1195259E-05  2.7681719E-05 -1.1595431E-01
    o19     19   0.0000000E+00  0.0000000E+00  0.0000000E+00  0.0000000E+00  0.0000000E+00  0.0000000E+00
    f17     17   0.0000000E+00  0.0000000E+00  0.0000000E+00  0.0000000E+00  0.0000000E+00  0.0000000E+00
    f18     18   0.0000000E+00  0.0000000E+00  0.0000000E+00  0.0000000E+00  0.0000000E+00  0.0000000E+00
    f19     19   4.1330127E-06  5.5844121E-06  1.4513994E-06  3.0186011E-06  7.8458260E-07  5.8516705E-01
    f20     20   0.0000000E+00  0.0000000E+00  0.0000000E+00  0.0000000E+00  0.0000000E+00  0.0000000E+00
   ne19     19   0.0000000E+00  0.0000000E+00  0.0000000E+00  0.0000000E+00  0.0000000E+00  0.0000000E+00
   ne20     20   1.2796372E-06  4.5963088E-03  4.5950292E-03  2.4844913E-03  2.4839337E-03  9.7475619E-05
   ne21     21   5.4375050E-07  1.2109072E-05  1.1565322E-05  6.5454446E-06  6.2518634E-06  1.9929694E-02
   ne22     22   3.1704335E-03  3.5420847E-03  3.7165126E-04  1.9146403E-03  2.0090342E-04  9.7909987E-01
   ne23     23   0.0000000E+00  0.0000000E+00  0.0000000E+00  0.0000000E+00  0.0000000E+00  0.0000000E+00
   na21     21   0.0000000E+00  0.0000000E+00  0.0000000E+00  0.0000000E+00  0.0000000E+00  0.0000000E+00
   na22     22   2.6847579E-19  2.6847579E-19  0.0000000E+00  1.4512204E-19  0.0000000E+00  0.0000000E+00
   na23     23   7.6630982E-05  2.0101239E-04  1.2438140E-04  1.0865535E-04  6.7236826E-05  2.0844391E-01
   na24     24   0.0000000E+00  0.0000000E+00  0.0000000E+00  0.0000000E+00  0.0000000E+00  0.0000000E+00
   mg23     23   0.0000000E+00  0.0000000E+00  0.0000000E+00  0.0000000E+00  0.0000000E+00  0.0000000E+00
   mg24     24   9.0401154E-06  2.2009255E-03  2.1918854E-03  1.1896894E-03  1.1848669E-03  1.7640101E-03
   mg25     25   1.7948332E-07  2.8922921E-04  2.8904973E-04  1.5634012E-04  1.5625154E-04  2.4610583E-04
   mg26     26  -1.1254451E-07  3.3086023E-04  3.3097278E-04  1.7884337E-04  1.7891386E-04 -1.7113997E-04
   mg27     27   0.0000000E+00  0.0000000E+00  0.0000000E+00  0.0000000E+00  0.0000000E+00  0.0000000E+00
   al25     25   0.0000000E+00  0.0000000E+00  0.0000000E+00  0.0000000E+00  0.0000000E+00  0.0000000E+00
   al-6     26   0.0000000E+00  0.0000000E+00  0.0000000E+00  0.0000000E+00  0.0000000E+00  0.0000000E+00
   al*6     26   0.0000000E+00  0.0000000E+00  0.0000000E+00  0.0000000E+00  0.0000000E+00  0.0000000E+00
   al27     27   9.1776601E-06  2.2023242E-04  2.1105476E-04  1.1904455E-04  1.1408982E-04  1.8462662E-02
   al28     28   0.0000000E+00  0.0000000E+00  0.0000000E+00  0.0000000E+00  0.0000000E+00  0.0000000E+00
   si27     27   0.0000000E+00  0.0000000E+00  0.0000000E+00  0.0000000E+00  0.0000000E+00  0.0000000E+00
   si28     28   1.0393560E-06  2.4279819E-03  2.4269426E-03  1.3124227E-03  1.3119316E-03  1.6253346E-04
   si29     29   2.2278982E-08  1.2765735E-04  1.2763507E-04  6.9003967E-05  6.8995651E-05  5.2338277E-05
   si30     30   8.0254540E-07  8.7843742E-05  8.7041197E-05  4.7483103E-05  4.7051835E-05  3.9625089E-03
    p31     31   1.7589246E-06  2.5991139E-05  2.4232215E-05  1.4049265E-05  1.3099202E-05  3.0408740E-02
    p32     32   6.1368077E-28  6.1368077E-28  0.0000000E+00  3.3171933E-28  0.0000000E+00  0.0000000E+00
    p33     33   7.6107528E-27  7.6107528E-27  0.0000000E+00  4.1139204E-27  0.0000000E+00  0.0000000E+00
    s32     32  -1.8295832E-06  1.1611930E-03  1.1630226E-03  6.2767189E-04  6.2869478E-04 -7.0715882E-04
    s33     33   2.0734751E-07  9.8093697E-06  9.6020221E-06  5.3023618E-06  5.1905627E-06  9.2549399E-03
    s34     34   1.0520307E-07  5.5947930E-05  5.5842727E-05  3.0242125E-05  3.0186888E-05  7.9397304E-04
    s35     35   1.6029912E-21  1.6029912E-21  0.0000000E+00  8.6648169E-22  0.0000000E+00  0.0000000E+00
    s36     36   6.0515987E-08  3.3617107E-07  2.7565508E-07  1.8171409E-07  1.4901079E-07  8.6170875E-02
   cl35     35  -6.5026143E-08  1.1865074E-05  1.1930100E-05  6.4135534E-06  6.4490509E-06 -2.3970946E-03
   cl36     36   0.0000000E+00  0.0000000E+00  0.0000000E+00  0.0000000E+00  0.0000000E+00  0.0000000E+00
   cl37     37   9.0938920E-07  4.9403357E-06  4.0309465E-06  2.6704517E-06  2.1790077E-06  8.8325985E-02
   ar36     36  -1.1926459E-06  2.2097483E-04  2.2216748E-04  1.1944585E-04  1.2009701E-04 -2.3611239E-03
   ar37     37   2.3131591E-21  2.3131591E-21  0.0000000E+00  1.2503562E-21  0.0000000E+00  0.0000000E+00
   ar38     38   4.9264418E-07  4.3130338E-05  4.2637694E-05  2.3313696E-05  2.3048646E-05  4.9657342E-03
   ar39     39   9.1067796E-12  9.1067796E-12  0.0000000E+00  4.9225836E-12  0.0000000E+00  0.0000000E+00
   ar40     40   6.7684311E-08  1.3946762E-07  7.1783305E-08  7.5387902E-08  3.8803879E-08  2.8842652E-01
    k39     39   1.2730106E-07  1.1693901E-05  1.1566600E-05  6.3210273E-06  6.2525537E-06  4.7302269E-03
    k40     40  -1.8724433E-09  0.0000000E+00  1.8724433E-09  0.0000000E+00  1.0121861E-09  0.0000000E+00
    k41     41   1.0859549E-07  9.8606233E-07  8.7746685E-07  5.3300664E-07  4.7433201E-07  5.0650209E-02
   ca40     40  -8.4008207E-07  1.9942189E-04  2.0026197E-04  1.0779562E-04  1.0825555E-04 -1.8490826E-03
   ca41     41   0.0000000E+00  0.0000000E+00  0.0000000E+00  0.0000000E+00  0.0000000E+00  0.0000000E+00
   ca42     42   7.2148964E-08  1.4755377E-06  1.4033888E-06  7.9758792E-07  7.5862943E-07  2.1748895E-02
   ca43     43   1.3421669E-08  3.1322392E-07  2.9980225E-07  1.6931023E-07  1.6206401E-07  1.8996611E-02
   ca44     44   7.8503945E-08  4.8187112E-06  4.7402073E-06  2.6047087E-06  2.5624124E-06  7.1101314E-03
   ca45     45   1.6724533E-21  1.6724533E-21  0.0000000E+00  9.0402874E-22  0.0000000E+00  0.0000000E+00
   ca46     46   4.8717588E-08  5.8220017E-08  9.5024282E-09  3.1470279E-08  5.1367248E-09  7.8721428E-01
   ca47     47  -3.9208320E-34 -3.9208320E-34  0.0000000E+00 -2.1193686E-34  0.0000000E+00  0.0000000E+00
   ca48     48  -5.6314775E-10  4.6300499E-07  4.6356814E-07  2.5027296E-07  2.5059089E-07 -5.5133266E-04
   sc45     45   1.2590746E-08  1.4632641E-07  1.3373567E-07  7.9095358E-08  7.2293453E-08  3.9052047E-02
   sc46     46   3.4564919E-23  3.4564919E-23  0.0000000E+00  1.8683740E-23  0.0000000E+00  0.0000000E+00
   sc47     47  -1.0853891E-33 -1.0853891E-33  0.0000000E+00 -5.8669681E-34  0.0000000E+00  0.0000000E+00
   sc48     48  -1.0088864E-31  8.4244317E-29  8.4345205E-29  4.5537467E-29  4.5594462E-29  0.0000000E+00
   ti46     46   1.2786074E-08  8.2982115E-07  8.1703507E-07  4.4855196E-07  4.4166444E-07  6.7203329E-03
   ti47     47  -6.1015726E-10  7.5222687E-07  7.5283702E-07  4.0660910E-07  4.0696094E-07 -3.7563837E-04
   ti48     48  -5.0097242E-08  7.5681651E-06  7.6182623E-06  4.0908999E-06  4.1182020E-06 -2.8888052E-03
   ti49     49   5.1004577E-08  6.2172376E-07  5.7071918E-07  3.3606690E-07  3.0851351E-07  3.7151560E-02
   ti50     50   1.1651201E-07  6.7411884E-07  5.5760682E-07  3.6438857E-07  3.0142536E-07  8.2384974E-02
    v51     51  -1.0881422E-08  1.2179695E-06  1.2288509E-06  6.5836190E-07  6.6427958E-07 -3.8862270E-03
   cr52     52  -1.9327854E-07  5.0182542E-05  5.0375820E-05  2.7125698E-05  2.7231643E-05 -1.6929243E-03
   cr53     53  -3.4071036E-08  5.7879652E-06  5.8220362E-06  3.1286297E-06  3.1472164E-06 -2.5724373E-03
   cr54     54   1.2350233E-07  1.6000761E-06  1.4765737E-06  8.6490599E-07  7.9819102E-07  3.4862086E-02
   mn55     55   6.1482206E-07  4.4608310E-05  4.3993488E-05  2.4112600E-05  2.3781547E-05  6.0039237E-03
   fe54     54  -2.7804344E-06  2.8709625E-04  2.8987668E-04  1.5518715E-04  1.5669856E-04 -4.2092255E-03
   fe55     55   2.6141528E-16  2.6141528E-16  0.0000000E+00  1.4130556E-16  0.0000000E+00  0.0000000E+00
   fe56     56  -2.0707957E-05  4.6982029E-03  4.7189109E-03  2.5395690E-03  2.5509002E-03 -1.9334493E-03
   fe57     57   4.8736038E-06  1.1580463E-04  1.1093103E-04  6.2597093E-05  5.9965951E-05  1.8649431E-02
   fe58     58   5.1793950E-06  2.0200338E-05  1.5020943E-05  1.0919101E-05  8.1198668E-06  1.2863800E-01
   fe59     59   5.8350499E-22  5.8350499E-22  0.0000000E+00  3.1540810E-22  0.0000000E+00  0.0000000E+00
   fe60     60   0.0000000E+00  0.0000000E+00  0.0000000E+00  0.0000000E+00  0.0000000E+00  0.0000000E+00
   co59     59   1.5614451E-06  1.3146446E-05  1.1585001E-05  7.1061868E-06  6.2625008E-06  5.4888833E-02
   co60     60   3.7449265E-14  3.7449265E-14  0.0000000E+00  2.0242846E-14  0.0000000E+00  0.0000000E+00
   ni58     58  -1.5216501E-06  1.6423484E-04  1.6575649E-04  8.8775589E-05  8.9602931E-05 -4.0286491E-03
   ni59     59   0.0000000E+00  0.0000000E+00  0.0000000E+00  0.0000000E+00  0.0000000E+00  0.0000000E+00
   ni60     60   9.5205905E-07  6.7000743E-05  6.6048684E-05  3.6216617E-05  3.5703917E-05  6.1920430E-03
   ni61     61   6.1130709E-07  3.5302464E-06  2.9189393E-06  1.9082413E-06  1.5778902E-06  8.2556501E-02
   ni62     62   9.0797948E-07  1.0367416E-05  9.4594361E-06  5.6040085E-06  5.1134848E-06  3.9781816E-02
   ni63     63   0.0000000E+00  0.0000000E+00  0.0000000E+00  0.0000000E+00  0.0000000E+00  0.0000000E+00
   ni64     64   2.6863993E-06  5.1730981E-06  2.4866988E-06  2.7962692E-06  1.3442341E-06  3.1810409E-01
   cu63     63   3.9181623E-07  2.4443011E-06  2.0524849E-06  1.3212439E-06  1.1095112E-06  7.5851284E-02
   cu64     64   0.0000000E+00  0.0000000E+00  0.0000000E+00  0.0000000E+00  0.0000000E+00  0.0000000E+00
   cu65     65   6.6763994E-07  1.6115249E-06  9.4388497E-07  8.7109453E-07  5.1023562E-07  2.3229453E-01
   zn64     64   1.8658056E-07  3.7030754E-06  3.5164949E-06  2.0016623E-06  1.9009107E-06  2.2429099E-02
   zn65     65   1.6154327E-19  1.6154327E-19  0.0000000E+00  8.7320682E-20  0.0000000E+00  0.0000000E+00
   zn66     66   7.1016780E-07  2.7907486E-06  2.0805808E-06  1.5085127E-06  1.1246990E-06  1.2751265E-01
   zn67     67   1.5677304E-07  4.6714538E-07  3.1037234E-07  2.5251103E-07  1.6777788E-07  1.7754565E-01
   zn68     68   8.7506669E-07  2.3156495E-06  1.4405828E-06  1.2517024E-06  7.7873545E-07  2.0611116E-01
   zn69     69   0.0000000E+00  0.0000000E+00  0.0000000E+00  0.0000000E+00  0.0000000E+00  0.0000000E+00
   zn70     70   3.8932306E-09  5.2930197E-08  4.9036966E-08  2.8610916E-08  2.6507900E-08  3.3156440E-02
   ga69     69   1.6324942E-07  2.9532455E-07  1.3207513E-07  1.5963489E-07  7.1395824E-08  3.4945500E-01
   ga70     70   0.0000000E+00  0.0000000E+00  0.0000000E+00  0.0000000E+00  0.0000000E+00  0.0000000E+00
   ga71     71   1.7657217E-07  2.6676526E-07  9.0193083E-08  1.4419743E-07  4.8755648E-08  4.7093260E-01
   ge70     70   2.9072464E-07  4.3762046E-07  1.4689580E-07  2.3655160E-07  7.9407421E-08  4.7406477E-01
   ge71     71   6.2420511E-28  6.2420511E-28  0.0000000E+00  3.3740817E-28  0.0000000E+00  0.0000000E+00
   ge72     72   3.1049041E-07  5.1016593E-07  1.9967551E-07  2.7576536E-07  1.0793853E-07  4.0736321E-01
   ge73     73   8.6232248E-08  1.4305601E-07  5.6823765E-08  7.7327577E-08  3.0717207E-08  4.0095270E-01
   ge74     74   4.0578240E-07  6.7612865E-07  2.7034625E-07  3.6547493E-07  1.4614099E-07  3.9808556E-01
   as75     75   3.6771542E-08  7.6407417E-08  3.9635875E-08  4.1301305E-08  2.1425953E-08  2.8502366E-01
   se76     76   1.4385790E-07  1.8512246E-07  4.1264553E-08  1.0006620E-07  2.2306367E-08  6.5185857E-01
   se77     77   5.8056063E-08  9.2100741E-08  3.4044678E-08  4.9784184E-08  1.8403522E-08  4.3219048E-01
   se78     78   3.7544342E-07  4.8288047E-07  1.0743704E-07  2.6101645E-07  5.8077209E-08  6.5266216E-01
   se79     79   0.0000000E+00  0.0000000E+00  0.0000000E+00  0.0000000E+00  0.0000000E+00  0.0000000E+00
   se80     80   4.8490733E-07  7.1488461E-07  2.2997727E-07  3.8642412E-07  1.2431876E-07  4.9252754E-01
   br79     79   7.9124888E-08  1.1590237E-07  3.6777482E-08  6.2649924E-08  1.9880794E-08  4.9848682E-01
   br80     80   0.0000000E+00  0.0000000E+00  0.0000000E+00  0.0000000E+00  0.0000000E+00  0.0000000E+00
   br81     81   6.6312538E-08  1.0299397E-07  3.6681428E-08  5.5672412E-08  1.9828869E-08  4.4834208E-01
   kr80     80   4.9065800E-09  1.3671160E-08  8.7645802E-09  7.3898163E-09  4.7378670E-09  1.9305077E-01
   kr81     81   0.0000000E+00  0.0000000E+00  0.0000000E+00  0.0000000E+00  0.0000000E+00  0.0000000E+00
   kr82     82   3.1717593E-07  3.6219154E-07  4.5015621E-08  1.9577921E-07  2.4334081E-08  9.0555161E-01
   kr83     83   9.0287990E-08  1.3542544E-07  4.5137448E-08  7.3202941E-08  2.4399938E-08  4.7713977E-01
   kr84     84   6.3160741E-07  8.5674048E-07  2.2513309E-07  4.6310296E-07  1.2170013E-07  5.8038652E-01
   kr-5     85   1.0344324E-16  1.0344324E-16  0.0000000E+00  5.5915265E-17  0.0000000E+00  0.0000000E+00
   kr*5     85   0.0000000E+00  0.0000000E+00  0.0000000E+00  0.0000000E+00  0.0000000E+00  0.0000000E+00
   kr86     86   5.3250425E-08  1.2295406E-07  6.9703638E-08  6.6461652E-08  3.7679676E-08  2.4646395E-01
   rb85     85   8.7245212E-08  1.2378376E-07  3.6538548E-08  6.6910140E-08  1.9751633E-08  5.2988893E-01
   rb86     86   1.0278599E-25  1.0278599E-25  0.0000000E+00  5.5559991E-26  0.0000000E+00  0.0000000E+00
   rb87     87   3.0333425E-09  1.8424762E-08  1.5391420E-08  9.9593311E-09  8.3201357E-09  7.8099787E-02
   sr86     86   2.5750847E-07  2.7455906E-07  1.7050590E-08  1.4841029E-07  9.2170325E-09  1.2068729E+00
   sr87     87   1.6481029E-07  1.7686483E-07  1.2054548E-08  9.5602608E-08  6.5163239E-09  1.1664671E+00
   sr88     88   2.0983528E-06  2.2445388E-06  1.4618597E-07  1.2132642E-06  7.9023707E-08  1.1861980E+00
   sr89     89   3.1892428E-24  3.1892428E-24  0.0000000E+00  1.7239149E-24  0.0000000E+00  0.0000000E+00
   sr90     90   4.8026593E-16  4.8026593E-16  0.0000000E+00  2.5960321E-16  0.0000000E+00  0.0000000E+00
    y89     89   4.9050027E-07  5.2536762E-07  3.4867334E-08  2.8398250E-07  1.8848224E-08  1.1780212E+00
    y90     90   1.2145552E-19  1.2145552E-19  0.0000000E+00  6.5651632E-20  0.0000000E+00  0.0000000E+00
    y91     91   4.8415438E-29  4.8415438E-29  0.0000000E+00  2.6170508E-29  0.0000000E+00  0.0000000E+00
   zr90     90   5.2312248E-07  5.6468099E-07  4.1558518E-08  3.0523296E-07  2.2465278E-08  1.1331196E+00
   zr91     91   1.1338050E-07  1.2254414E-07  9.1636352E-09  6.6240077E-08  4.9535838E-09  1.1262013E+00
   zr92     92   1.7368538E-07  1.8784594E-07  1.4160568E-08  1.0153835E-07  7.6547746E-09  1.1226977E+00
   zr93     93   0.0000000E+00  0.0000000E+00  0.0000000E+00  0.0000000E+00  0.0000000E+00  0.0000000E+00
   zr94     94   2.3177874E-07  2.4644118E-07  1.4662429E-08  1.3321144E-07  7.9260651E-09  1.2254839E+00
   zr95     95   1.5253743E-23  1.5253743E-23  0.0000000E+00  8.2452665E-24  0.0000000E+00  0.0000000E+00
   zr96     96   2.9789327E-10  2.7103668E-09  2.4124736E-09  1.4650632E-09  1.3041102E-09  5.0542060E-02
   nb93     93   5.8493164E-08  6.4824725E-08  6.3315593E-09  3.5040390E-08  3.4226495E-09  1.0102065E+00
   nb94     94   2.1144501E-11  2.1144501E-11  0.0000000E+00  1.1429460E-11  0.0000000E+00  0.0000000E+00
   nb95     95   1.7676757E-23  1.7676757E-23  0.0000000E+00  9.5550036E-24  0.0000000E+00  0.0000000E+00
   mo94     94   5.6169003E-10  2.5461235E-09  1.9844335E-09  1.3762830E-09  1.0727247E-09  1.0821947E-01
   mo95     95   2.3644807E-08  2.7115821E-08  3.4710130E-09  1.4657200E-08  1.8763244E-09  8.9274311E-01
   mo96     96   4.9274558E-08  5.2966755E-08  3.6921952E-09  2.8630678E-08  1.9958890E-09  1.1566952E+00
   mo97     97   1.6764723E-08  1.8912687E-08  2.1479643E-09  1.0223074E-08  1.1611244E-09  9.4470274E-01
   mo98     98   5.9870601E-08  6.5384768E-08  5.5141642E-09  3.5343117E-08  2.9807905E-09  1.0739734E+00
   tc99     99   0.0000000E+00  0.0000000E+00  0.0000000E+00  0.0000000E+00  0.0000000E+00  0.0000000E+00
   ru99     99   7.7668174E-09  9.6922310E-09  1.9254136E-09  5.2390439E-09  1.0408203E-09  7.0187628E-01
  ru100    100   2.9735126E-08  3.1655553E-08  1.9204267E-09  1.7111109E-08  1.0381246E-09  1.2170286E+00
  ru101    101   6.3515411E-09  8.9777270E-09  2.6261859E-09  4.8528253E-09  1.4196366E-09  5.3381747E-01
  ru102    102   3.8628610E-08  4.3533440E-08  4.9048299E-09  2.3531589E-08  2.6514024E-09  9.4817561E-01
  rh103    103   6.4645569E-09  9.5969295E-09  3.1323724E-09  5.1875295E-09  1.6932657E-09  4.8623544E-01
  pd104    104   2.1696415E-08  2.3067129E-08  1.3707129E-09  1.2468718E-08  7.4096596E-10  1.2260236E+00
  pd105    105   5.4360614E-09  8.2099891E-09  2.7739278E-09  4.4378319E-09  1.4995014E-09  4.7122395E-01
  pd106    106   2.4586722E-08  2.8014208E-08  3.4274856E-09  1.5142815E-08  1.8527950E-09  9.1237926E-01
  pd107    107   0.0000000E+00  0.0000000E+00  0.0000000E+00  0.0000000E+00  0.0000000E+00  0.0000000E+00
  pd108    108   3.0230950E-08  3.3611947E-08  3.3809950E-09  1.8168620E-08  1.8276636E-09  9.9742568E-01
  ag107    107   4.7925952E-09  7.1209967E-09  2.3284015E-09  3.8491872E-09  1.2586634E-09  4.8545945E-01
  ag108    108   0.0000000E+00  0.0000000E+00  0.0000000E+00  0.0000000E+00  0.0000000E+00  0.0000000E+00
  ag109    109   7.6412459E-09  9.8448840E-09  2.2036386E-09  5.3215587E-09  1.1912203E-09  6.5004677E-01
  cd108    108   4.5556420E-11  1.7612588E-10  1.3056946E-10  9.5203179E-11  7.0581894E-11  1.2995814E-01
  cd109    109   1.0837963E-22  1.0837963E-22  0.0000000E+00  5.8583581E-23  0.0000000E+00  0.0000000E+00
  cd110    110   2.5656048E-08  2.7522368E-08  1.8663200E-09  1.4876956E-08  1.0088761E-09  1.1686763E+00
  cd111    111   8.4537222E-09  1.0383756E-08  1.9300339E-09  5.6128409E-09  1.0433179E-09  7.3076606E-01
  cd112    112   3.0741923E-08  3.4413176E-08  3.6712544E-09  1.8601717E-08  1.9845690E-09  9.7188687E-01
  cd113    113   9.0375645E-09  1.0913345E-08  1.8757802E-09  5.8991052E-09  1.0139899E-09  7.6475251E-01
  cd114    114   4.2888640E-08  4.7337700E-08  4.4490585E-09  2.5587946E-08  2.4050264E-09  1.0269156E+00
  in115    115   8.2629459E-09  9.9405391E-09  1.6775927E-09  5.3732645E-09  9.0685587E-10  7.7269995E-01
  sn116    116   5.8347201E-08  6.3595834E-08  5.2486331E-09  3.4376125E-08  2.8372522E-09  1.0833590E+00
  sn117    117   1.7405940E-08  2.0202110E-08  2.7961700E-09  1.0920060E-08  1.5115248E-09  8.5880971E-01
  sn118    118   7.3426989E-08  8.1953601E-08  8.5266132E-09  4.4299242E-08  4.6092290E-09  9.8276800E-01
  sn119    119   2.2246390E-08  2.5427404E-08  3.1810143E-09  1.3744542E-08  1.7195600E-09  9.0271294E-01
  sn120    120   1.1044424E-07  1.2261057E-07  1.2166330E-08  6.6275987E-08  6.5767498E-09  1.0033449E+00
  sb121    121   8.2675014E-09  1.0143745E-08  1.8762429E-09  5.4831051E-09  1.0142401E-09  7.3288578E-01
  te122    122   1.4762461E-08  1.6009647E-08  1.2471862E-09  8.6538634E-09  6.7419115E-10  1.1084270E+00
  te123    123   5.4439750E-09  5.8828373E-09  4.3886247E-10  3.1799121E-09  2.3723576E-10  1.1272349E+00
  te124    124   2.7584427E-08  2.9940736E-08  2.3563085E-09  1.6184181E-08  1.2737490E-09  1.1040069E+00
  te125    125   9.2932062E-09  1.2836157E-08  3.5429504E-09  6.9384631E-09  1.9152118E-09  5.5904651E-01
  te126    126   4.8891952E-08  5.8408560E-08  9.5166079E-09  3.1572196E-08  5.1443902E-09  7.8797090E-01
   i127    127   6.1200787E-09  1.8055472E-08  1.1935393E-08  9.7597139E-09  6.4519119E-09  1.7974865E-01
   i128    128   0.0000000E+00  0.0000000E+00  0.0000000E+00  0.0000000E+00  0.0000000E+00  0.0000000E+00
   i129    129   2.0284028E-12  2.0284028E-12  0.0000000E+00  1.0964339E-12  0.0000000E+00  0.0000000E+00
  xe128    128   1.5943490E-08  1.7232583E-08  1.2890931E-09  9.3149097E-09  6.9684469E-10  1.1260426E+00
  xe129    129   5.8723941E-09  2.2055650E-08  1.6183256E-08  1.1921973E-08  8.7481773E-09  1.3443053E-01
  xe130    130   3.2585145E-08  3.5203712E-08  2.6185667E-09  1.9029033E-08  1.4155179E-09  1.1285013E+00
  xe131    131   1.1525942E-08  2.4606239E-08  1.3080297E-08  1.3300670E-08  7.0708124E-09  2.7440420E-01
  xe132    132   5.7856290E-08  7.3965793E-08  1.6109501E-08  3.9981508E-08  8.7083096E-09  6.6192532E-01
  xe133    133  -6.4602542E-32 -6.4602542E-32  0.0000000E+00 -3.4920293E-32  0.0000000E+00  0.0000000E+00
  xe134    134   1.7774671E-11  6.0560446E-09  6.0382699E-09  3.2735377E-09  3.2641059E-09  1.2530904E-03
  cs133    133   7.4149233E-09  1.1650203E-08  4.2352792E-09  6.2974066E-09  2.2894637E-09  4.3942797E-01
  cs134    134   2.9559771E-20  2.9559771E-20  0.0000000E+00  1.5978254E-20  0.0000000E+00  0.0000000E+00
  cs135    135   0.0000000E+00  0.0000000E+00  0.0000000E+00  0.0000000E+00  0.0000000E+00  0.0000000E+00
  cs136    136  -2.0391883E-29 -2.0391883E-29  0.0000000E+00 -1.1022639E-29  0.0000000E+00  0.0000000E+00
  cs137    137   0.0000000E+00  0.0000000E+00  0.0000000E+00  0.0000000E+00  0.0000000E+00  0.0000000E+00
  ba134    134   2.2895518E-08  2.4193938E-08  1.2984190E-09  1.3077804E-08  7.0188605E-10  1.2702682E+00
  ba135    135   8.7889198E-09  1.2356648E-08  3.5677283E-09  6.6792691E-09  1.9286059E-09  5.3948545E-01
  ba136    136   5.3472728E-08  5.7754949E-08  4.2822217E-09  3.1218892E-08  2.3148394E-09  1.1298966E+00
  ba137    137   4.1192166E-08  4.7361056E-08  6.1688903E-09  2.5600571E-08  3.3347154E-09  8.8519084E-01
  ba138    138   3.4002110E-07  3.7968707E-07  3.9665970E-08  2.0523625E-07  2.1442224E-08  9.8098421E-01
  la139    139   3.6826393E-08  4.2267075E-08  5.4406830E-09  2.2847068E-08  2.9410685E-09  8.9032537E-01
  ce140    140   8.9773124E-08  1.0224294E-07  1.2469815E-08  5.5266451E-08  6.7408044E-09  9.1374981E-01
  ce141    141   3.9576070E-26  3.9576070E-26  0.0000000E+00  2.1392470E-26  0.0000000E+00  0.0000000E+00
  ce142    142   3.5289771E-11  1.6245186E-09  1.5892289E-09  8.7811819E-10  8.5908897E-10  9.5148534E-03
  pr141    141   7.0573560E-09  9.2064223E-09  2.1490663E-09  4.9764446E-09  1.1617202E-09  6.3181764E-01
  nd142    142   2.2473056E-08  2.5339908E-08  2.8668523E-09  1.3697248E-08  1.5497336E-09  9.4637626E-01
  nd143    143   2.8712712E-09  4.1547152E-09  1.2834441E-09  2.2457920E-09  6.9379108E-10  5.1014078E-01
  nd144    144   9.1429175E-09  1.1693689E-08  2.5507709E-09  6.3209127E-09  1.3788695E-09  6.6125661E-01
  nd145    145   1.6200151E-09  2.5685409E-09  9.4852581E-10  1.3884005E-09  5.1274435E-10  4.3261391E-01
  nd146    146   8.7612726E-09  1.0628245E-08  1.8669719E-09  5.7449974E-09  1.0092285E-09  7.5530028E-01
  nd147    147  -8.2658009E-30 -8.2658009E-30  0.0000000E+00 -4.4680006E-30  0.0000000E+00  0.0000000E+00
  nd148    148   6.1250949E-11  6.9276662E-10  6.3151567E-10  3.7446843E-10  3.4137826E-10  4.0179349E-02
  pm147    147   3.8305345E-21  3.8305345E-21  0.0000000E+00  2.0705591E-21  0.0000000E+00  0.0000000E+00
  pm148    148   1.4651068E-37  1.4651068E-37  0.0000000E+00  7.9194960E-38  0.0000000E+00  0.0000000E+00
  sm147    147   9.0436669E-10  1.4126966E-09  5.0832993E-10  7.6361978E-10  2.7478778E-10  4.4387975E-01
  sm148    148   2.9572582E-09  3.3410170E-09  3.8375877E-10  1.8059552E-09  2.0744838E-10  9.3979692E-01
  sm149    149   3.8401454E-10  8.5904484E-10  4.7503029E-10  4.6434856E-10  2.5678701E-10  2.5727108E-01
  sm150    150   1.7594424E-09  2.0148181E-09  2.5537567E-10  1.0890908E-09  1.3804835E-10  8.9703286E-01
  sm151    151   1.8929633E-14  1.8929633E-14  0.0000000E+00  1.0232234E-14  0.0000000E+00  0.0000000E+00
  sm152    152   1.2982053E-09  2.2361895E-09  9.3798413E-10  1.2087510E-09  5.0704585E-10  3.7728962E-01
  eu151    151   2.3759461E-10  8.5636220E-10  6.1876759E-10  4.6289847E-10  3.3448702E-10  1.4110649E-01
  eu152    152   6.4189769E-19  6.4189769E-19  0.0000000E+00  3.4697171E-19  0.0000000E+00  0.0000000E+00
  eu153    153   2.3239866E-10  9.1680147E-10  6.8440281E-10  4.9556836E-10  3.6996742E-10  1.2694012E-01
  eu154    154   2.5504398E-19  2.5504398E-19  0.0000000E+00  1.3786160E-19  0.0000000E+00  0.0000000E+00
  eu155    155   1.4866940E-22  1.4866940E-22  0.0000000E+00  8.0361835E-23  0.0000000E+00  0.0000000E+00
  gd152    152   1.0306028E-11  1.9340614E-11  9.0345864E-12  1.0454386E-11  4.8838242E-12  3.3053845E-01
  gd153    153   2.5457444E-23  2.5457444E-23  0.0000000E+00  1.3760781E-23  0.0000000E+00  0.0000000E+00
  gd154    154   6.3847738E-10  7.3824807E-10  9.9770692E-11  3.9905301E-10  5.3933018E-11  8.6917591E-01
  gd155    155   2.3874369E-10  9.2050068E-10  6.8175698E-10  4.9756793E-10  3.6853717E-10  1.3037108E-01
  gd156    156   1.1200672E-09  2.0690756E-09  9.4900843E-10  1.1184192E-09  5.1300519E-10  3.3848286E-01
  gd157    157   5.2991345E-10  1.2601102E-09  7.3019679E-10  6.8114064E-10  3.9472228E-10  2.3694515E-01
  gd158    158   2.2130842E-09  3.3794691E-09  1.1663850E-09  1.8267401E-09  6.3051242E-10  4.6198308E-01
  gd159    159   0.0000000E+00  0.0000000E+00  0.0000000E+00  0.0000000E+00  0.0000000E+00  0.0000000E+00
  gd160    160  -1.2386869E-11  1.0270649E-09  1.0394517E-09  5.5517019E-10  5.6189614E-10 -5.2299136E-03
  tb159    159   4.5496984E-10  1.3348684E-09  8.7989860E-10  7.2155049E-10  4.7564652E-10  1.8098240E-01
  tb160    160   6.3570993E-23  6.3570993E-23  0.0000000E+00  3.4362699E-23  0.0000000E+00  0.0000000E+00
  tb161    161   1.3847521E-31  1.3847521E-31  0.0000000E+00  7.4851466E-32  0.0000000E+00  0.0000000E+00
  dy160    160   8.2366453E-10  9.5680819E-10  1.3314366E-10  5.1719362E-10  7.1973427E-11  8.5648096E-01
  dy161    161   3.4567960E-10  1.4322807E-09  1.0866011E-09  7.7420581E-10  5.8738370E-10  1.1993454E-01
  dy162    162   1.6600907E-09  3.1346352E-09  1.4745445E-09  1.6943974E-09  7.9709406E-10  3.2750571E-01
  dy163    163   6.7984729E-10  2.1297890E-09  1.4499417E-09  1.1512373E-09  7.8379458E-10  1.6696262E-01
  dy164    164   3.3468823E-09  5.0028439E-09  1.6559616E-09  2.7042399E-09  8.9516272E-10  4.8014325E-01
  ho165    165   5.9133698E-10  1.8811162E-09  1.2897792E-09  1.0168195E-09  6.9721562E-10  1.6387677E-01
  er166    166   1.3810038E-09  2.6062619E-09  1.2252581E-09  1.4087902E-09  6.6233746E-10  3.2776701E-01
  er167    167   5.4426136E-10  1.3856415E-09  8.4138013E-10  7.4899537E-10  4.5482462E-10  2.1663514E-01
  er168    168   2.1823729E-09  3.1808705E-09  9.9849740E-10  1.7193894E-09  5.3975746E-10  5.0317562E-01
  er169    169  -7.7624211E-31 -7.7624211E-31  0.0000000E+00 -4.1959031E-31  0.0000000E+00  0.0000000E+00
  er170    170   6.1953165E-11  6.2036154E-10  5.5840838E-10  3.3533057E-10  3.0185868E-10  4.5669485E-02
  tm169    169   5.2304738E-10  1.1131478E-09  5.9010041E-10  6.0170152E-10  3.1899042E-10  2.7560347E-01
  tm170    170   1.4347985E-22  1.4347985E-22  0.0000000E+00  7.7556677E-23  0.0000000E+00  0.0000000E+00
  tm171    171   3.6324704E-21  3.6324704E-21  0.0000000E+00  1.9634976E-21  0.0000000E+00  0.0000000E+00
  yb170    170   8.1081897E-10  9.2242824E-10  1.1160929E-10  4.9860988E-10  6.0332607E-11  9.1720879E-01
  yb171    171   7.3364109E-10  1.2644386E-09  5.3079746E-10  6.8348027E-10  2.8693303E-10  3.7694544E-01
  yb172    172   2.2864728E-09  3.1083718E-09  8.2189894E-10  1.6802010E-09  4.4429369E-10  5.7769108E-01
  yb173    173   1.0313822E-09  1.6449931E-09  6.1361094E-10  8.8918545E-10  3.3169947E-10  4.2824757E-01
  yb174    174   4.8838755E-09  6.1117165E-09  1.2278412E-09  3.3036305E-09  6.6373379E-10  6.9699752E-01
  lu175    175   6.2524341E-10  1.1794070E-09  5.5416360E-10  6.3751732E-10  2.9956407E-10  3.2800227E-01
  lu176    176   4.7597332E-10  4.9214910E-10  1.6175804E-11  2.6602653E-10  8.7441504E-12  1.4832073E+00
  lu177    177  -2.9987105E-31 -2.9987105E-31  0.0000000E+00 -1.6209245E-31  0.0000000E+00  0.0000000E+00
  hf176    176  -3.3280462E-12  1.2113781E-10  1.2446585E-10  6.5479892E-11  6.7282471E-11 -1.1793980E-02
  hf177    177   4.9160204E-10  9.3895758E-10  4.4735554E-10  5.0754462E-10  2.4182686E-10  3.2196966E-01
  hf178    178   2.3147448E-09  2.9747906E-09  6.6004585E-10  1.6079950E-09  3.5680081E-10  6.5385884E-01
  hf179    179   7.9758566E-10  1.1289821E-09  3.3139649E-10  6.1026062E-10  1.7914291E-10  5.3231573E-01
  hf180    180   4.7210325E-09  5.5792602E-09  8.5822749E-10  3.0158163E-09  4.6393178E-10  8.1295073E-01
  hf181    181   6.8669247E-25  6.8669247E-25  0.0000000E+00  3.7118511E-25  0.0000000E+00  0.0000000E+00
  hf182    182   9.4348598E-11  9.4348598E-11  0.0000000E+00  5.0999243E-11  0.0000000E+00  0.0000000E+00
  ta181    181   9.9650466E-10  1.3601180E-09  3.6361333E-10  7.3519890E-10  1.9655837E-10  5.7291335E-01
  ta182    182   8.6563438E-19  8.6563438E-19  0.0000000E+00  4.6791048E-19  0.0000000E+00  0.0000000E+00
  ta183    183  -2.9604332E-34 -2.9604332E-34  0.0000000E+00 -1.6002341E-34  0.0000000E+00  0.0000000E+00
   w182    182   2.4532028E-09  3.0238390E-09  5.7063626E-10  1.6345075E-09  3.0846867E-10  7.2417587E-01
   w183    183   1.2996505E-09  1.6094777E-09  3.0982716E-10  8.6998792E-10  1.6748318E-10  7.1554202E-01
   w184    184   3.0603884E-09  3.7273891E-09  6.6700079E-10  2.0148048E-09  3.6056041E-10  7.4725497E-01
   w185    185   1.3585057E-23  1.3585057E-23  0.0000000E+00  7.3432742E-24  0.0000000E+00  0.0000000E+00
   w186    186   4.2057297E-10  1.0462056E-09  6.2563260E-10  5.6551652E-10  3.3819803E-10  2.2327422E-01
  re185    185   5.4511190E-10  8.6309920E-10  3.1798730E-10  4.6654008E-10  1.7189432E-10  4.3362743E-01
  re186    186  -3.6632874E-34 -3.6632874E-34  0.0000000E+00 -1.9801554E-34  0.0000000E+00  0.0000000E+00
  re187    187   6.1228633E-11  6.4110284E-10  5.7987420E-10  3.4654207E-10  3.1346245E-10  4.3570448E-02
  os186    186   1.4558316E-09  1.6320795E-09  1.7624795E-10  8.8220509E-10  9.5274309E-11  9.6659374E-01
  os187    187   4.7848786E-10  6.1942179E-10  1.4093392E-10  3.3482259E-10  7.6184607E-11  6.4294749E-01
  os188    188   2.4458382E-09  3.9326320E-09  1.4867937E-09  2.1257469E-09  8.0371565E-10  4.2240912E-01
  os189    189   4.5746251E-10  2.2798579E-09  1.8223953E-09  1.2323556E-09  9.8513175E-10  9.7241729E-02
  os190    190   2.5387414E-09  5.5180056E-09  2.9792642E-09  2.9827056E-09  1.6104998E-09  2.6764971E-01
  os191    191   1.7417298E-27  1.7417298E-27  0.0000000E+00  9.4147554E-28  0.0000000E+00  0.0000000E+00
  os192    192   1.1179324E-10  4.7874602E-09  4.6756670E-09  2.5878162E-09  2.5275240E-09  1.0238140E-02
  ir191    191   3.8062309E-10  4.3230144E-09  3.9423913E-09  2.3367646E-09  2.1311375E-09  4.0003508E-02
  ir192    192   3.3587352E-22  3.3587352E-22  0.0000000E+00  1.8155326E-22  0.0000000E+00  0.0000000E+00
  ir193    193   3.8401593E-10  7.0805166E-09  6.6965007E-09  3.8273060E-09  3.6199255E-09  2.4193568E-02
  pt192    192   9.1548469E-10  1.0812674E-09  1.6578269E-10  5.8446886E-10  8.9617105E-11  8.1437045E-01
  pt193    193   3.2095523E-15  3.2095523E-15  0.0000000E+00  1.7348931E-15  0.0000000E+00  0.0000000E+00
  pt194    194   2.0374107E-09  9.0990087E-09  7.0615980E-09  4.9183830E-09  3.8172860E-09  1.1006766E-01
  pt195    195   6.9865491E-10  7.9829192E-09  7.2842643E-09  4.3150914E-09  3.9376529E-09  3.9752573E-02
  pt196    196   3.7135193E-09  9.1763424E-09  5.4628231E-09  4.9601852E-09  2.9530367E-09  2.2522905E-01
  au197    197   1.0984664E-09  4.3907318E-09  3.2922653E-09  2.3733684E-09  1.7796988E-09  1.2501866E-01
  hg198    198   3.6839132E-09  4.4573043E-09  7.7339102E-10  2.4093536E-09  4.1807177E-10  7.6064968E-01
  hg199    199   1.5125213E-09  2.8277374E-09  1.3152160E-09  1.5285067E-09  7.1096595E-10  3.3241853E-01
  hg200    200   5.2659028E-09  7.0758874E-09  1.8099845E-09  3.8248040E-09  9.7842279E-10  5.9208262E-01
  hg201    201   2.0844610E-09  3.1223304E-09  1.0378695E-09  1.6877462E-09  5.6104082E-10  4.7831267E-01
  hg202    202   8.9553156E-09  1.1318360E-08  2.3630440E-09  6.1180323E-09  1.2773901E-09  6.8028820E-01
  tl203    203   3.6740517E-09  4.6088342E-09  9.3478247E-10  2.4912616E-09  5.0531512E-10  6.9285703E-01
  tl204    204   6.7170250E-23  6.7170250E-23  0.0000000E+00  3.6308241E-23  0.0000000E+00  0.0000000E+00
  tl205    205   3.8211443E-09  6.0744680E-09  2.2533237E-09  3.2834961E-09  1.2180786E-09  4.3066120E-01
  pb204    204   5.2444964E-09  6.4276526E-09  1.1831561E-09  3.4744068E-09  6.3957839E-10  7.3498690E-01
  pb205    205   0.0000000E+00  0.0000000E+00  0.0000000E+00  0.0000000E+00  0.0000000E+00  0.0000000E+00
  pb206    206   3.0784282E-08  4.1901266E-08  1.1116986E-08  2.2649333E-08  6.0095058E-09  5.7621670E-01
  pb207    207   3.4293290E-08  4.6655217E-08  1.2361927E-08  2.5219036E-08  6.6824839E-09  5.7679057E-01
  pb208    208   4.7947044E-08  8.3501988E-08  3.5554944E-08  4.5136208E-08  1.9219925E-08  3.7077338E-01
  bi209    209   2.5588687E-10  2.7285978E-09  2.4727109E-09  1.4749177E-09  1.3366728E-09  4.2742688E-02
  bi210    210   0.0000000E+00  0.0000000E+00  0.0000000E+00  0.0000000E+00  0.0000000E+00  0.0000000E+00
  po210    210   0.0000000E+00  0.0000000E+00  0.0000000E+00  0.0000000E+00  0.0000000E+00  0.0000000E+00
