  species    A      yield       mass(i)_lost    mass(i)_0        <X(i)>          X0(i)   log10(<X(i)>/X0(i)) 
      n      1   0.0000000E+00  0.0000000E+00  0.0000000E+00  0.0000000E+00  0.0000000E+00  0.0000000E+00
      p      1  -7.0340157E-02  1.3241661E+00  1.3945062E+00  6.3661832E-01  6.7046791E-01 -2.2498859E-02
      d      2  -1.8622204E-04  1.2230765E-05  1.9845281E-04  5.8801756E-06  9.5414587E-05 -1.2102245E+00
    he3      3  -4.0348037E-04  8.5881830E-04  1.2622987E-03  4.1289342E-04  6.0690352E-04 -1.6728169E-01
    he4      4   5.3549290E-02  6.7795509E-01  6.2440580E-01  3.2593995E-01  3.0020952E-01  3.5713144E-02
    li7      7  -2.4778489E-08  1.0275651E-08  3.5054139E-08  4.9402167E-09  1.6853761E-08 -5.3295088E-01
    be7      7   2.0813758E-17  2.0813758E-17  0.0000000E+00  1.0006615E-17  0.0000000E+00  0.0000000E+00
     b8      8   5.7407455E-28  5.7407455E-28  0.0000000E+00  2.7599739E-28  0.0000000E+00  0.0000000E+00
    c12     12   9.4229653E-03  1.9852789E-02  1.0429824E-02  9.5446100E-03  5.0145797E-03  2.7952364E-01
    c13     13   1.8010239E-04  3.0648836E-04  1.2638597E-04  1.4735018E-04  6.0765407E-05  3.8469422E-01
    c14     14   1.7111315E-08  1.7111315E-08  0.0000000E+00  8.2265936E-09  0.0000000E+00  0.0000000E+00
    n13     13   0.0000000E+00  0.0000000E+00  0.0000000E+00  0.0000000E+00  0.0000000E+00  0.0000000E+00
    n14     14   4.3644067E-03  7.4478891E-03  3.0834822E-03  3.5807160E-03  1.4825147E-03  3.8297090E-01
    n15     15  -3.4357968E-06  3.9453034E-06  7.3811002E-06  1.8967805E-06  3.5487767E-06 -2.7206159E-01
    o14     14   0.0000000E+00  0.0000000E+00  0.0000000E+00  0.0000000E+00  0.0000000E+00  0.0000000E+00
    o15     15   0.0000000E+00  0.0000000E+00  0.0000000E+00  0.0000000E+00  0.0000000E+00  0.0000000E+00
    o16     16  -8.5400604E-04  2.4673700E-02  2.5527706E-02  1.1862356E-02  1.2273526E-02 -1.4798391E-02
    o17     17   5.8883885E-05  6.9188121E-05  1.0304236E-05  3.3263521E-05  4.9541977E-06  8.2699490E-01
    o18     18  -1.6952115E-05  4.0623090E-05  5.7575206E-05  1.9530333E-05  2.7681719E-05 -1.5148342E-01
    o19     19   0.0000000E+00  0.0000000E+00  0.0000000E+00  0.0000000E+00  0.0000000E+00  0.0000000E+00
    f17     17   0.0000000E+00  0.0000000E+00  0.0000000E+00  0.0000000E+00  0.0000000E+00  0.0000000E+00
    f18     18   0.0000000E+00  0.0000000E+00  0.0000000E+00  0.0000000E+00  0.0000000E+00  0.0000000E+00
    f19     19   4.3187674E-06  5.9506206E-06  1.6318534E-06  2.8608754E-06  7.8458260E-07  5.6186032E-01
    f20     20   0.0000000E+00  0.0000000E+00  0.0000000E+00  0.0000000E+00  0.0000000E+00  0.0000000E+00
   ne19     19   0.0000000E+00  0.0000000E+00  0.0000000E+00  0.0000000E+00  0.0000000E+00  0.0000000E+00
   ne20     20   6.1676838E-06  5.1725018E-03  5.1663341E-03  2.4867798E-03  2.4839337E-03  4.9734698E-04
   ne21     21   9.6033637E-07  1.3963587E-05  1.3003250E-05  6.7132632E-06  6.2518634E-06  3.0924207E-02
   ne22     22   4.0592025E-03  4.4770613E-03  4.1785903E-04  2.1524334E-03  2.0090342E-04  1.0299424E+00
   ne23     23   0.0000000E+00  0.0000000E+00  0.0000000E+00  0.0000000E+00  0.0000000E+00  0.0000000E+00
   na21     21   0.0000000E+00  0.0000000E+00  0.0000000E+00  0.0000000E+00  0.0000000E+00  0.0000000E+00
   na22     22   5.5862409E-23  5.5862409E-23  0.0000000E+00  2.6856927E-23  0.0000000E+00  0.0000000E+00
   na23     23   1.1499059E-04  2.5483646E-04  1.3984587E-04  1.2251754E-04  6.7236826E-05  2.6059106E-01
   na24     24   0.0000000E+00  0.0000000E+00  0.0000000E+00  0.0000000E+00  0.0000000E+00  0.0000000E+00
   mg23     23   0.0000000E+00  0.0000000E+00  0.0000000E+00  0.0000000E+00  0.0000000E+00  0.0000000E+00
   mg24     24   1.4128163E-05  2.4785330E-03  2.4644048E-03  1.1916024E-03  1.1848669E-03  2.4618059E-03
   mg25     25   6.3251064E-06  3.3131268E-04  3.2498757E-04  1.5928494E-04  1.5625154E-04  8.3504198E-03
   mg26     26   9.5510040E-07  3.7307804E-04  3.7212294E-04  1.7936445E-04  1.7891386E-04  1.0923591E-03
   mg27     27   0.0000000E+00  0.0000000E+00  0.0000000E+00  0.0000000E+00  0.0000000E+00  0.0000000E+00
   al25     25   0.0000000E+00  0.0000000E+00  0.0000000E+00  0.0000000E+00  0.0000000E+00  0.0000000E+00
   al-6     26   0.0000000E+00  0.0000000E+00  0.0000000E+00  0.0000000E+00  0.0000000E+00  0.0000000E+00
   al*6     26   0.0000000E+00  0.0000000E+00  0.0000000E+00  0.0000000E+00  0.0000000E+00  0.0000000E+00
   al27     27   1.1845885E-05  2.4914130E-04  2.3729542E-04  1.1977948E-04  1.1408982E-04  2.1135533E-02
   al28     28   0.0000000E+00  0.0000000E+00  0.0000000E+00  0.0000000E+00  0.0000000E+00  0.0000000E+00
   si27     27   0.0000000E+00  0.0000000E+00  0.0000000E+00  0.0000000E+00  0.0000000E+00  0.0000000E+00
   si28     28   1.2968667E-06  2.7299835E-03  2.7286867E-03  1.3124922E-03  1.3119316E-03  1.8551100E-04
   si29     29   1.3472163E-07  1.4363877E-04  1.4350405E-04  6.9057103E-05  6.8995651E-05  3.8666773E-04
   si30     30   1.0550430E-06  9.8918157E-05  9.7863114E-05  4.7556809E-05  4.7051835E-05  4.6361419E-03
    p31     31   2.2058430E-06  2.9450874E-05  2.7245031E-05  1.4159074E-05  1.3099202E-05  3.3790000E-02
    p32     32   6.6339782E-26  6.6339782E-26  0.0000000E+00  3.1894127E-26  0.0000000E+00  0.0000000E+00
    p33     33   6.0174231E-25  6.0174231E-25  0.0000000E+00  2.8929921E-25  0.0000000E+00  0.0000000E+00
    s32     32  -2.3506582E-06  1.3052716E-03  1.3076223E-03  6.2753446E-04  6.2869478E-04 -8.0227375E-04
    s33     33   2.9784223E-07  1.1093694E-05  1.0795851E-05  5.3335066E-06  5.1905627E-06  1.1798422E-02
    s34     34   1.7078855E-07  6.2956497E-05  6.2785708E-05  3.0267547E-05  3.0186888E-05  1.1588687E-03
    s35     35   8.4412218E-20  8.4412218E-20  0.0000000E+00  4.0582799E-20  0.0000000E+00  0.0000000E+00
    s36     36   7.4571659E-08  3.8449920E-07  3.0992754E-07  1.8485539E-07  1.4901079E-07  9.3614414E-02
   cl35     35  -7.7330697E-08  1.3336051E-05  1.3413382E-05  6.4115629E-06  6.4490509E-06 -2.5318952E-03
   cl36     36   0.0000000E+00  0.0000000E+00  0.0000000E+00  0.0000000E+00  0.0000000E+00  0.0000000E+00
   cl37     37   1.0469385E-06  5.5790565E-06  4.5321181E-06  2.6822388E-06  2.1790077E-06  9.0238690E-02
   ar36     36  -1.4303077E-06  2.4835949E-04  2.4978979E-04  1.1940360E-04  1.2009701E-04 -2.5147889E-03
   ar37     37   1.6389824E-19  1.6389824E-19  0.0000000E+00  7.8797232E-20  0.0000000E+00  0.0000000E+00
   ar38     38   5.7663419E-07  4.8515518E-05  4.7938884E-05  2.3324768E-05  2.3048646E-05  5.1719029E-03
   ar39     39   1.1304383E-11  1.1304383E-11  0.0000000E+00  5.4347997E-12  0.0000000E+00  0.0000000E+00
   ar40     40   9.1580425E-08  1.7228862E-07  8.0708197E-08  8.2831072E-08  3.8803879E-08  3.2931814E-01
    k39     39   1.4894340E-07  1.3153630E-05  1.3004686E-05  6.3238608E-06  6.2525537E-06  4.9248878E-03
    k40     40  -2.1052466E-09  0.0000000E+00  2.1052466E-09  0.0000000E+00  1.0121863E-09  0.0000000E+00
    k41     41   1.3190606E-07  1.1184693E-06  9.8656324E-07  5.3772567E-07  4.7433201E-07  5.4478336E-02
   ca40     40  -1.0147050E-06  2.2414603E-04  2.2516074E-04  1.0776252E-04  1.0825555E-04 -1.9824386E-03
   ca41     41   0.0000000E+00  0.0000000E+00  0.0000000E+00  0.0000000E+00  0.0000000E+00  0.0000000E+00
   ca42     42   8.7180752E-08  1.6650540E-06  1.5778733E-06  8.0050677E-07  7.5862943E-07  2.3335315E-02
   ca43     43   1.6428970E-08  3.5350592E-07  3.3707695E-07  1.6995477E-07  1.6206401E-07  2.0646766E-02
   ca44     44   9.5622454E-08  5.4251836E-06  5.3295612E-06  2.6082614E-06  2.5624124E-06  7.7021094E-03
   ca45     45   5.2681337E-20  5.2681337E-20  0.0000000E+00  2.5327566E-20  0.0000000E+00  0.0000000E+00
   ca46     46   6.1112459E-08  7.1796336E-08  1.0683874E-08  3.4517470E-08  5.1367248E-09  8.2735264E-01
   ca47     47   9.6300688E-32  9.6300688E-32  0.0000000E+00  4.6298408E-32  0.0000000E+00  0.0000000E+00
   ca48     48  -6.9883299E-10  5.2050518E-07  5.2120402E-07  2.5024289E-07  2.5059089E-07 -6.0353638E-04
   sc45     45   1.6286350E-08  1.6664950E-07  1.5036315E-07  8.0119953E-08  7.2293453E-08  4.4641718E-02
   sc46     46   2.3502069E-21  2.3502069E-21  0.0000000E+00  1.1299072E-21  0.0000000E+00  0.0000000E+00
   sc47     47   2.6739734E-31  2.6739734E-31  0.0000000E+00  1.2855642E-31  0.0000000E+00  0.0000000E+00
   sc48     48   2.9418580E-32  9.4706726E-29  9.4677308E-29  4.5532080E-29  4.5520128E-29  0.0000000E+00
   ti46     46   1.5697367E-08  9.3431521E-07  9.1861784E-07  4.4919003E-07  4.4166444E-07  7.3376838E-03
   ti47     47  -4.6588866E-10  8.4597218E-07  8.4643807E-07  4.0671742E-07  4.0696094E-07 -2.5994703E-04
   ti48     48  -6.2029358E-08  8.5034189E-06  8.5654483E-06  4.0881823E-06  4.1182020E-06 -3.1773972E-03
   ti49     49   6.7831934E-08  7.0950921E-07  6.4167727E-07  3.4111022E-07  3.0851351E-07  4.3620553E-02
   ti50     50   1.4359421E-07  7.7052880E-07  6.2693459E-07  3.7044654E-07  3.0142536E-07  8.9545764E-02
    v51     51  -1.3415274E-08  1.3682200E-06  1.3816352E-06  6.5779807E-07  6.6427958E-07 -4.2583160E-03
   cr52     52  -2.3824396E-07  5.6400851E-05  5.6639095E-05  2.7115795E-05  2.7231643E-05 -1.8515004E-03
   cr53     53  -3.7847713E-08  6.5080476E-06  6.5458953E-06  3.1288691E-06  3.1472164E-06 -2.5392117E-03
   cr54     54   1.4970362E-07  1.8098613E-06  1.6601576E-06  8.7012563E-07  7.9819102E-07  3.7475146E-02
   mn55     55   8.7689841E-07  5.0340139E-05  4.9463240E-05  2.4201991E-05  2.3781547E-05  7.6109553E-03
   fe54     54  -3.4530240E-06  3.2246433E-04  3.2591735E-04  1.5503094E-04  1.5669856E-04 -4.6466314E-03
   fe55     55   4.3984604E-15  4.3984604E-15  0.0000000E+00  2.1146444E-15  0.0000000E+00  0.0000000E+00
   fe56     56  -2.6026275E-05  5.2795913E-03  5.3056176E-03  2.5382652E-03  2.5509002E-03 -2.1564690E-03
   fe57     57   6.8407389E-06  1.3156392E-04  1.2472318E-04  6.3251886E-05  5.9965951E-05  2.3168761E-02
   fe58     58   5.9661143E-06  2.2854627E-05  1.6888513E-05  1.0987802E-05  8.1198668E-06  1.3136190E-01
   fe59     59   4.0743327E-20  4.0743327E-20  0.0000000E+00  1.9588139E-20  0.0000000E+00  0.0000000E+00
   fe60     60   0.0000000E+00  0.0000000E+00  0.0000000E+00  0.0000000E+00  0.0000000E+00  0.0000000E+00
   co59     59   1.7803422E-06  1.4805717E-05  1.3025375E-05  7.1181335E-06  6.2625008E-06  5.5618320E-02
   co60     60   2.1369681E-14  2.1369681E-14  0.0000000E+00  1.0273885E-14  0.0000000E+00  0.0000000E+00
   ni58     58  -1.9253202E-06  1.8443982E-04  1.8636514E-04  8.8672998E-05  8.9602931E-05 -4.5308173E-03
   ni59     59   0.0000000E+00  0.0000000E+00  0.0000000E+00  0.0000000E+00  0.0000000E+00  0.0000000E+00
   ni60     60   9.4725692E-07  7.5207834E-05  7.4260577E-05  3.6157613E-05  3.5703917E-05  5.4839123E-03
   ni61     61   6.8916142E-07  3.9710153E-06  3.2818539E-06  1.9091422E-06  1.5778902E-06  8.2761504E-02
   ni62     62   9.4024563E-07  1.1575783E-05  1.0635537E-05  5.5652804E-06  5.1134848E-06  3.6770079E-02
   ni63     63   0.0000000E+00  0.0000000E+00  0.0000000E+00  0.0000000E+00  0.0000000E+00  0.0000000E+00
   ni64     64   3.3353742E-06  6.1312467E-06  2.7958724E-06  2.9477148E-06  1.3442341E-06  3.4101054E-01
   cu63     63   3.8767143E-07  2.6953439E-06  2.3076725E-06  1.2958385E-06  1.1095112E-06  6.7419164E-02
   cu64     64   0.0000000E+00  0.0000000E+00  0.0000000E+00  0.0000000E+00  0.0000000E+00  0.0000000E+00
   cu65     65   8.1875623E-07  1.8799954E-06  1.0612391E-06  9.0384395E-07  5.1023562E-07  2.4832270E-01
   zn64     64   2.0018024E-07  4.1538842E-06  3.9537040E-06  1.9970598E-06  1.9009107E-06  2.1429386E-02
   zn65     65   5.0787918E-18  5.0787918E-18  0.0000000E+00  2.4417269E-18  0.0000000E+00  0.0000000E+00
   zn66     66   8.9092055E-07  3.2301818E-06  2.3392613E-06  1.5529721E-06  1.1246990E-06  1.4012733E-01
   zn67     67   1.9811168E-07  5.4707289E-07  3.4896121E-07  2.6301581E-07  1.6777788E-07  1.9524714E-01
   zn68     68   1.1598213E-06  2.7795131E-06  1.6196918E-06  1.3363044E-06  7.7873545E-07  2.3451546E-01
   zn69     69   0.0000000E+00  0.0000000E+00  0.0000000E+00  0.0000000E+00  0.0000000E+00  0.0000000E+00
   zn70     70   5.4174265E-09  6.0551208E-08  5.5133782E-08  2.9111160E-08  2.6507900E-08  4.0684208E-02
   ga69     69   2.1261569E-07  3.6111186E-07  1.4849617E-07  1.7361148E-07  7.1395824E-08  3.8590565E-01
   ga70     70   0.0000000E+00  0.0000000E+00  0.0000000E+00  0.0000000E+00  0.0000000E+00  0.0000000E+00
   ga71     71   2.4221643E-07  3.4362330E-07  1.0140688E-07  1.6520352E-07  4.8755648E-08  5.2999437E-01
   ge70     70   3.8892503E-07  5.5408452E-07  1.6515949E-07  2.6638679E-07  7.9407421E-08  5.2565157E-01
   ge71     71   6.9374553E-25  6.9374553E-25  0.0000000E+00  3.3353152E-25  0.0000000E+00  0.0000000E+00
   ge72     72   4.2966937E-07  6.5417072E-07  2.2450135E-07  3.1450517E-07  1.0793853E-07  4.6445128E-01
   ge73     73   1.2102626E-07  1.8491498E-07  6.3888720E-08  8.8901437E-08  3.0717207E-08  4.6152705E-01
   ge74     74   5.6943941E-07  8.7339805E-07  3.0395864E-07  4.1990293E-07  1.4614099E-07  4.5837688E-01
   as75     75   5.1906085E-08  9.6469925E-08  4.4563841E-08  4.6379775E-08  2.1425953E-08  3.3538848E-01
   se76     76   2.0064540E-07  2.4704042E-07  4.6395012E-08  1.1876944E-07  2.2306367E-08  7.2627586E-01
   se77     77   8.1291759E-08  1.1956925E-07  3.8277488E-08  5.7485220E-08  1.8403522E-08  4.9465525E-01
   se78     78   5.3447627E-07  6.5527104E-07  1.2079479E-07  3.1503416E-07  5.8077209E-08  7.3435193E-01
   se79     79   0.0000000E+00  0.0000000E+00  0.0000000E+00  0.0000000E+00  0.0000000E+00  0.0000000E+00
   se80     80   6.9225661E-07  9.5082720E-07  2.5857059E-07  4.5712846E-07  1.2431876E-07  5.6550163E-01
   br79     79   1.1405308E-07  1.5540314E-07  4.1350063E-08  7.4713050E-08  1.9880794E-08  5.7496274E-01
   br80     80   0.0000000E+00  0.0000000E+00  0.0000000E+00  0.0000000E+00  0.0000000E+00  0.0000000E+00
   br81     81   9.4865840E-08  1.3610790E-07  4.1242064E-08  6.5436495E-08  1.9828869E-08  5.1852208E-01
   kr80     80   5.8496052E-09  1.5703895E-08  9.8542898E-09  7.5499500E-09  4.7378670E-09  2.0236121E-01
   kr81     81   0.0000000E+00  0.0000000E+00  0.0000000E+00  0.0000000E+00  0.0000000E+00  0.0000000E+00
   kr82     82   4.3935000E-07  4.8996247E-07  5.0612460E-08  2.3555889E-07  2.4334081E-08  9.8588455E-01
   kr83     83   1.3197470E-07  1.8272414E-07  5.0749428E-08  8.7848143E-08  2.4399938E-08  5.5634385E-01
   kr84     84   8.9127332E-07  1.1443974E-06  2.5312411E-07  5.5019109E-07  1.2170013E-07  6.5522254E-01
   kr-5     85   4.0092555E-16  4.0092555E-16  0.0000000E+00  1.9275267E-16  0.0000000E+00  0.0000000E+00
   kr*5     85   0.0000000E+00  0.0000000E+00  0.0000000E+00  0.0000000E+00  0.0000000E+00  0.0000000E+00
   kr86     86   8.8212609E-08  1.6658257E-07  7.8369958E-08  8.0087773E-08  3.7679676E-08  3.2745907E-01
   rb85     85   1.2943208E-07  1.7051350E-07  4.1081424E-08  8.1977646E-08  1.9751633E-08  6.1809242E-01
   rb86     86   5.0204247E-23  5.0204247E-23  0.0000000E+00  2.4136659E-23  0.0000000E+00  0.0000000E+00
   rb87     87   7.9847720E-09  2.5289822E-08  1.7305050E-08  1.2158568E-08  8.3201357E-09  1.6475204E-01
   sr86     86   3.5592592E-07  3.7509642E-07  1.9170507E-08  1.8033482E-07  9.2170325E-09  1.2914884E+00
   sr87     87   2.2782793E-07  2.4138123E-07  1.3553302E-08  1.1604867E-07  6.5163239E-09  1.2506375E+00
   sr88     88   2.6970963E-06  2.8614577E-06  1.6436141E-07  1.3757009E-06  7.9023707E-08  1.2407666E+00
   sr89     89   1.5479998E-21  1.5479998E-21  0.0000000E+00  7.4423066E-22  0.0000000E+00  0.0000000E+00
   sr90     90   1.4688940E-15  1.4688940E-15  0.0000000E+00  7.0619911E-16  0.0000000E+00  0.0000000E+00
    y89     89   6.2864751E-07  6.6784992E-07  3.9202423E-08  3.2108170E-07  1.8848224E-08  1.2313451E+00
    y90     90   3.7147200E-19  3.7147200E-19  0.0000000E+00  1.7859231E-19  0.0000000E+00  0.0000000E+00
    y91     91   2.2242352E-25  2.2242352E-25  0.0000000E+00  1.0693439E-25  0.0000000E+00  0.0000000E+00
   zr90     90   6.4418430E-07  6.9090981E-07  4.6725528E-08  3.3216818E-07  2.2465278E-08  1.1698463E+00
   zr91     91   1.4227824E-07  1.5258119E-07  1.0302959E-08  7.3356347E-08  4.9535838E-09  1.1705182E+00
   zr92     92   2.1414148E-07  2.3006264E-07  1.5921165E-08  1.1060704E-07  7.6547746E-09  1.1598504E+00
   zr93     93   0.0000000E+00  0.0000000E+00  0.0000000E+00  0.0000000E+00  0.0000000E+00  0.0000000E+00
   zr94     94   2.7621496E-07  2.9270038E-07  1.6485423E-08  1.4072134E-07  7.9260651E-09  1.2493023E+00
   zr95     95   5.5242999E-21  5.5242999E-21  0.0000000E+00  2.6559136E-21  0.0000000E+00  0.0000000E+00
   zr96     96   1.3661898E-09  4.0786086E-09  2.7124187E-09  1.9608695E-09  1.3041102E-09  1.7713442E-01
   nb93     93   7.2306023E-08  7.9424794E-08  7.1187687E-09  3.8185000E-08  3.4226495E-09  1.0475304E+00
   nb94     94   1.3970698E-11  1.3970698E-11  0.0000000E+00  6.7166819E-12  0.0000000E+00  0.0000000E+00
   nb95     95   6.2515277E-21  6.2515277E-21  0.0000000E+00  3.0055424E-21  0.0000000E+00  0.0000000E+00
   mo94     94   6.7144912E-10  2.9026090E-09  2.2311599E-09  1.3954852E-09  1.0727247E-09  1.1423694E-01
   mo95     95   2.9075128E-08  3.2977695E-08  3.9025676E-09  1.5854662E-08  1.8763244E-09  9.2684907E-01
   mo96     96   5.9658475E-08  6.3809722E-08  4.1512491E-09  3.0677754E-08  1.9958890E-09  1.1866872E+00
   mo97     97   2.0066924E-08  2.2481947E-08  2.4150226E-09  1.0808629E-08  1.1611244E-09  9.6889180E-01
   mo98     98   7.1339464E-08  7.7539212E-08  6.1997460E-09  3.7278468E-08  2.9807905E-09  1.0971266E+00
   tc99     99   0.0000000E+00  0.0000000E+00  0.0000000E+00  0.0000000E+00  0.0000000E+00  0.0000000E+00
   ru99     99   9.1886552E-09  1.1353458E-08  2.1648021E-09  5.4583933E-09  1.0408203E-09  7.1968907E-01
  ru100    100   3.5137123E-08  3.7296317E-08  2.1591953E-09  1.7930923E-08  1.0381246E-09  1.2373532E+00
  ru101    101   7.4881852E-09  1.0440887E-08  2.9527023E-09  5.0196576E-09  1.4196366E-09  5.4849690E-01
  ru102    102   4.5947132E-08  5.1461782E-08  5.5146518E-09  2.4741242E-08  2.6514024E-09  9.6994585E-01
  rh103    103   7.6374089E-09  1.1159233E-08  3.5218235E-09  5.3650160E-09  1.6932657E-09  5.0084591E-01
  pd104    104   2.5561267E-08  2.7102402E-08  1.5411351E-09  1.3030001E-08  7.4096596E-10  1.2451463E+00
  pd105    105   6.3854189E-09  9.5042321E-09  3.1188132E-09  4.5693427E-09  1.4995014E-09  4.8390687E-01
  pd106    106   2.9089030E-08  3.2942658E-08  3.8536285E-09  1.5837816E-08  1.8527950E-09  9.3186790E-01
  pd107    107   0.0000000E+00  0.0000000E+00  0.0000000E+00  0.0000000E+00  0.0000000E+00  0.0000000E+00
  pd108    108   3.5863547E-08  3.9664904E-08  3.8013575E-09  1.9069667E-08  1.8276636E-09  1.0184468E+00
  ag107    107   5.6604290E-09  8.2783229E-09  2.6178939E-09  3.9799630E-09  1.2586634E-09  4.9996942E-01
  ag108    108   0.0000000E+00  0.0000000E+00  0.0000000E+00  0.0000000E+00  0.0000000E+00  0.0000000E+00
  ag109    109   8.9929157E-09  1.1470535E-08  2.4776192E-09  5.5146803E-09  1.1912203E-09  6.6552824E-01
  cd108    108   4.8727855E-11  1.9553115E-10  1.4680329E-10  9.4005359E-11  7.0581894E-11  1.2445930E-01
  cd109    109   3.2271032E-21  3.2271032E-21  0.0000000E+00  1.5514919E-21  0.0000000E+00  0.0000000E+00
  cd110    110   3.0478212E-08  3.2576573E-08  2.0983615E-09  1.5661815E-08  1.0088761E-09  1.1910043E+00
  cd111    111   1.0007839E-08  1.2177836E-08  2.1699968E-09  5.8547287E-09  1.0433179E-09  7.4909014E-01
  cd112    112   3.6721360E-08  4.0849066E-08  4.1277048E-09  1.9638975E-08  1.9845690E-09  9.9545264E-01
  cd113    113   1.0740498E-08  1.2849496E-08  2.1089976E-09  6.1776424E-09  1.0139899E-09  7.8478914E-01
  cd114    114   5.1188497E-08  5.6190711E-08  5.0022146E-09  2.7014766E-08  2.4050264E-09  1.0504813E+00
  in115    115   9.8098756E-09  1.1696045E-08  1.8861694E-09  5.6230989E-09  9.0685587E-10  7.9243743E-01
  sn116    116   6.9640585E-08  7.5541784E-08  5.9012009E-09  3.6318166E-08  2.8372522E-09  1.1072259E+00
  sn117    117   2.0567663E-08  2.3711484E-08  3.1438205E-09  1.1399752E-08  1.5115248E-09  8.7748015E-01
  sn118    118   8.8385960E-08  9.7972695E-08  9.5867350E-09  4.7102258E-08  4.6092290E-09  1.0094135E+00
  sn119    119   2.6380892E-08  2.9957405E-08  3.5765129E-09  1.4402599E-08  1.7195600E-09  9.2302352E-01
  sn120    120   1.3283453E-07  1.4651351E-07  1.3678982E-08  7.0439192E-08  6.5767498E-09  1.0298030E+00
  sb121    121   9.7893036E-09  1.1898821E-08  2.1095181E-09  5.7205876E-09  1.0142401E-09  7.5129986E-01
  te122    122   1.7488253E-08  1.8890503E-08  1.4022501E-09  9.0819734E-09  6.7419115E-10  1.1293972E+00
  te123    123   6.4469816E-09  6.9404082E-09  4.9342663E-10  3.3367349E-09  2.3723576E-10  1.1481415E+00
  te124    124   3.2947728E-08  3.5596997E-08  2.6492706E-09  1.7113942E-08  1.2737490E-09  1.1282662E+00
  te125    125   1.1055174E-08  1.5038623E-08  3.9834491E-09  7.2301072E-09  1.9152118E-09  5.7692796E-01
  te126    126   5.8833482E-08  6.9533300E-08  1.0699817E-08  3.3429473E-08  5.1443902E-09  8.1279564E-01
   i127    127   7.3425213E-09  2.0761853E-08  1.3419331E-08  9.9816599E-09  6.4519119E-09  1.8951437E-01
   i128    128   0.0000000E+00  0.0000000E+00  0.0000000E+00  0.0000000E+00  0.0000000E+00  0.0000000E+00
   i129    129   3.7361151E-12  3.7361151E-12  0.0000000E+00  1.7962092E-12  0.0000000E+00  0.0000000E+00
  xe128    128   1.9043883E-08  2.0493250E-08  1.4493673E-09  9.8525241E-09  6.9684469E-10  1.1504115E+00
  xe129    129   6.9764994E-09  2.5171834E-08  1.8195335E-08  1.2101844E-08  8.7481773E-09  1.4093399E-01
  xe130    130   3.9014736E-08  4.1958870E-08  2.9441356E-09  2.0172534E-08  1.4155179E-09  1.1538451E+00
  xe131    131   1.3964689E-08  2.8671272E-08  1.4706583E-08  1.3784265E-08  7.0708124E-09  2.8991431E-01
  xe132    132   7.0364692E-08  8.8477108E-08  1.8112413E-08  4.2537074E-08  8.7083096E-09  6.8883377E-01
  xe133    133   2.3865865E-29  2.3865865E-29  0.0000000E+00  1.1473974E-29  0.0000000E+00  0.0000000E+00
  xe134    134   1.6564705E-10  6.9546608E-09  6.7890138E-09  3.3435870E-09  3.2641059E-09  1.0448392E-02
  cs133    133   9.0677243E-09  1.3829580E-08  4.7618558E-09  6.6488370E-09  2.2894637E-09  4.6301192E-01
  cs134    134   1.4912044E-18  1.4912044E-18  0.0000000E+00  7.1692524E-19  0.0000000E+00  0.0000000E+00
  cs135    135   0.0000000E+00  0.0000000E+00  0.0000000E+00  0.0000000E+00  0.0000000E+00  0.0000000E+00
  cs136    136   1.7143582E-26  1.7143582E-26  0.0000000E+00  8.2421073E-27  0.0000000E+00  0.0000000E+00
  cs137    137   0.0000000E+00  0.0000000E+00  0.0000000E+00  0.0000000E+00  0.0000000E+00  0.0000000E+00
  ba134    134   2.7152746E-08  2.8612599E-08  1.4598527E-09  1.3756058E-08  7.0188605E-10  1.2922274E+00
  ba135    135   1.1074743E-08  1.5086050E-08  4.0113073E-09  7.2529089E-09  1.9286059E-09  5.7526875E-01
  ba136    136   6.6231074E-08  7.1045712E-08  4.8146345E-09  3.4156592E-08  2.3148394E-09  1.1689537E+00
  ba137    137   5.1163525E-08  5.8099399E-08  6.9358745E-09  2.7932405E-08  3.3347154E-09  9.2304957E-01
  ba138    138   4.5343026E-07  4.9802793E-07  4.4597680E-08  2.3943650E-07  2.1442224E-08  1.0479205E+00
  la139    139   4.9862535E-08  5.5979662E-08  6.1171281E-09  2.6913300E-08  2.9410685E-09  9.6146178E-01
  ce140    140   1.2561731E-07  1.3963751E-07  1.4020199E-08  6.7133421E-08  6.7408044E-09  9.9822706E-01
  ce141    141   2.1197958E-23  2.1197958E-23  0.0000000E+00  1.0191326E-23  0.0000000E+00  0.0000000E+00
  ce142    142   1.2231138E-10  1.9091306E-09  1.7868192E-09  9.1785129E-10  8.5908897E-10  2.8734183E-02
  pr141    141   1.0112653E-08  1.2528915E-08  2.4162616E-09  6.0235168E-09  1.1617202E-09  7.1474862E-01
  nd142    142   3.2088266E-08  3.5311558E-08  3.2232910E-09  1.6976712E-08  1.5497336E-09  1.0395966E+00
  nd143    143   4.1632067E-09  5.6062226E-09  1.4430162E-09  2.6952993E-09  6.9379108E-10  5.8937830E-01
  nd144    144   1.3199777E-08  1.6067688E-08  2.8679106E-09  7.7248501E-09  1.3788695E-09  7.4836689E-01
  nd145    145   2.3606150E-09  3.4270720E-09  1.0664569E-09  1.6476308E-09  5.1274435E-10  5.0695902E-01
  nd146    146   1.2608263E-08  1.4707357E-08  2.0990945E-09  7.0708452E-09  1.0092285E-09  8.4548187E-01
  nd147    147   1.4525496E-26  1.4525496E-26  0.0000000E+00  6.9834120E-27  0.0000000E+00  0.0000000E+00
  nd148    148   1.5119489E-10  8.6122753E-10  7.1003264E-10  4.1405171E-10  3.4137826E-10  8.3818741E-02
  pm147    147   3.7713188E-19  3.7713188E-19  0.0000000E+00  1.8131341E-19  0.0000000E+00  0.0000000E+00
  pm148    148   2.2905513E-34  2.2905513E-34  0.0000000E+00  1.1012266E-34  0.0000000E+00  0.0000000E+00
  sm147    147   1.3313715E-09  1.9029025E-09  5.7153110E-10  9.1485702E-10  2.7478778E-10  5.2235579E-01
  sm148    148   4.2246491E-09  4.6561208E-09  4.3147191E-10  2.2385198E-09  2.0744838E-10  1.0330509E+00
  sm149    149   5.5705385E-10  1.0911452E-09  5.3409133E-10  5.2458904E-10  2.5678701E-10  3.1024617E-01
  sm150    150   2.5784950E-09  2.8656217E-09  2.8712677E-10  1.3777028E-09  1.3804835E-10  9.9912435E-01
  sm151    151   1.3955011E-14  1.3955011E-14  0.0000000E+00  6.7091400E-15  0.0000000E+00  0.0000000E+00
  sm152    152   1.9553665E-09  3.0099712E-09  1.0546047E-09  1.4471015E-09  5.0704585E-10  4.5545179E-01
  eu151    151   3.5401493E-10  1.0497145E-09  6.9569961E-10  5.0467047E-10  3.3448702E-10  1.7862864E-01
  eu152    152   1.4535939E-17  1.4535939E-17  0.0000000E+00  6.9884321E-18  0.0000000E+00  0.0000000E+00
  eu153    153   3.5324887E-10  1.1227441E-09  7.6949525E-10  5.3978083E-10  3.6996742E-10  1.6405399E-01
  eu154    154   5.4982741E-18  5.4982741E-18  0.0000000E+00  2.6434010E-18  0.0000000E+00  0.0000000E+00
  eu155    155   2.6631476E-21  2.6631476E-21  0.0000000E+00  1.2803595E-21  0.0000000E+00  0.0000000E+00
  gd152    152   1.1095791E-11  2.1253657E-11  1.0157866E-11  1.0218105E-11  4.8838242E-12  3.2061034E-01
  gd153    153   1.5504594E-21  1.5504594E-21  0.0000000E+00  7.4541317E-22  0.0000000E+00  0.0000000E+00
  gd154    154   9.3003816E-10  1.0422134E-09  1.1217528E-10  5.0106419E-10  5.3933018E-11  9.6803862E-01
  gd155    155   3.4986114E-10  1.1163817E-09  7.6652051E-10  5.3672194E-10  3.6853717E-10  1.6326806E-01
  gd156    156   1.6119052E-09  2.6789047E-09  1.0669995E-09  1.2879350E-09  5.1300519E-10  3.9977217E-01
  gd157    157   7.6714918E-10  1.5881321E-09  8.2098289E-10  7.6352508E-10  3.9472228E-10  2.8653166E-01
  gd158    158   3.2147394E-09  4.5261421E-09  1.3114028E-09  2.1760300E-09  6.3051242E-10  5.3797126E-01
  gd159    159   0.0000000E+00  0.0000000E+00  0.0000000E+00  0.0000000E+00  0.0000000E+00  0.0000000E+00
  gd160    160  -8.4567908E-12  1.1602310E-09  1.1686878E-09  5.5780341E-10  5.6189614E-10 -3.1748677E-03
  tb159    159   6.6673689E-10  1.6560341E-09  9.8929720E-10  7.9617024E-10  4.7564652E-10  2.2372164E-01
  tb160    160   4.9397542E-21  4.9397542E-21  0.0000000E+00  2.3748820E-21  0.0000000E+00  0.0000000E+00
  tb161    161   6.3071672E-29  6.3071672E-29  0.0000000E+00  3.0322921E-29  0.0000000E+00  0.0000000E+00
  dy160    160   1.1918666E-09  1.3415642E-09  1.4969755E-10  6.4498279E-10  7.1973427E-11  9.5237595E-01
  dy161    161   5.0687110E-10  1.7285705E-09  1.2216994E-09  8.3104357E-10  5.8738370E-10  1.5070191E-01
  dy162    162   2.4090512E-09  4.0669272E-09  1.6578761E-09  1.9552535E-09  7.9709406E-10  3.8969350E-01
  dy163    163   9.9752462E-10  2.6277391E-09  1.6302145E-09  1.2633362E-09  7.8379458E-10  2.0731670E-01
  dy164    164   4.8999116E-09  6.7617605E-09  1.8618489E-09  3.2508465E-09  8.9516272E-10  5.6009448E-01
  ho165    165   8.7898211E-10  2.3291209E-09  1.4501388E-09  1.1197697E-09  6.9721562E-10  2.0576161E-01
  er166    166   2.0310049E-09  3.4086005E-09  1.3775956E-09  1.6387504E-09  6.6233746E-10  3.9343345E-01
  er167    167   8.0439033E-10  1.7503801E-09  9.4598973E-10  8.4152890E-10  4.5482462E-10  2.6722509E-01
  er168    168   3.2007046E-09  4.3233461E-09  1.1226415E-09  2.0785318E-09  5.3975746E-10  5.8555806E-01
  er169    169   3.0819166E-27  3.0819166E-27  0.0000000E+00  1.4816907E-27  0.0000000E+00  0.0000000E+00
  er170    170   1.4283935E-10  7.7067519E-10  6.2783584E-10  3.7051692E-10  3.0185868E-10  8.9004368E-02
  tm169    169   7.7071638E-10  1.4341845E-09  6.6346817E-10  6.8951184E-10  3.1899042E-10  3.3476409E-01
  tm170    170   3.5106906E-21  3.5106906E-21  0.0000000E+00  1.6878321E-21  0.0000000E+00  0.0000000E+00
  tm171    171   2.5861489E-19  2.5861489E-19  0.0000000E+00  1.2433409E-19  0.0000000E+00  0.0000000E+00
  yb170    170   1.1666277E-09  1.2921135E-09  1.2548579E-10  6.2120847E-10  6.0332607E-11  1.0126853E+00
  yb171    171   1.0964172E-09  1.6932091E-09  5.9679200E-10  8.1404289E-10  2.8693303E-10  4.5286673E-01
  yb172    172   3.3490120E-09  4.2730983E-09  9.2408642E-10  2.0543742E-09  4.4429369E-10  6.6500938E-01
  yb173    173   1.5199377E-09  2.2098394E-09  6.8990175E-10  1.0624228E-09  3.3169947E-10  5.0555265E-01
  yb174    174   7.2412600E-09  8.6217602E-09  1.3804999E-09  4.1450772E-09  6.6373379E-10  7.9553872E-01
  lu175    175   9.3269570E-10  1.5557590E-09  6.2306332E-10  7.4796108E-10  2.9956407E-10  3.9738926E-01
  lu176    176   7.0889378E-10  7.2708073E-10  1.8186959E-11  3.4955805E-10  8.7441504E-12  1.6018016E+00
  lu177    177   1.0034663E-28  1.0034663E-28  0.0000000E+00  4.8243573E-29  0.0000000E+00  0.0000000E+00
  hf176    176  -4.1875670E-12  1.3575326E-10  1.3994082E-10  6.5265994E-11  6.7282471E-11 -1.3214990E-02
  hf177    177   7.3954914E-10  1.2425249E-09  5.0297572E-10  5.9736777E-10  2.4182686E-10  3.9273724E-01
  hf178    178   3.4640011E-09  4.2061110E-09  7.4211004E-10  2.0221689E-09  3.5680081E-10  7.5339162E-01
  hf179    179   1.2051400E-09  1.5777394E-09  3.7259934E-10  7.5852857E-10  1.7914291E-10  6.2677234E-01
  hf180    180   7.0301831E-09  7.9951148E-09  9.6493169E-10  3.8438053E-09  4.6393178E-10  9.1830724E-01
  hf181    181   2.8998355E-22  2.8998355E-22  0.0000000E+00  1.3941517E-22  0.0000000E+00  0.0000000E+00
  hf182    182   2.1368285E-10  2.1368285E-10  0.0000000E+00  1.0273214E-10  0.0000000E+00  0.0000000E+00
  ta181    181   1.5160441E-09  1.9248658E-09  4.0882175E-10  9.2541630E-10  1.9655837E-10  6.7284560E-01
  ta182    182   1.9605694E-18  1.9605694E-18  0.0000000E+00  9.4258151E-19  0.0000000E+00  0.0000000E+00
  ta183    183   7.3490149E-32  7.3490149E-32  0.0000000E+00  3.5331804E-32  0.0000000E+00  0.0000000E+00
   w182    182   3.5970671E-09  4.2386512E-09  6.4158401E-10  2.0378133E-09  3.0846867E-10  8.1995332E-01
   w183    183   1.9327695E-09  2.2811177E-09  3.4834827E-10  1.0966913E-09  1.6748318E-10  8.1611317E-01
   w184    184   4.6293520E-09  5.3792819E-09  7.4992967E-10  2.5861933E-09  3.6056041E-10  8.5568291E-01
   w185    185   3.6828791E-21  3.6828791E-21  0.0000000E+00  1.7706150E-21  0.0000000E+00  0.0000000E+00
   w186    186   7.5226259E-10  1.4556807E-09  7.0341810E-10  6.9984651E-10  3.3819803E-10  3.1583175E-01
  re185    185   8.3537366E-10  1.1928967E-09  3.5752301E-10  5.7350802E-10  1.7189432E-10  5.2327800E-01
  re186    186   1.0974132E-31  1.0974132E-31  0.0000000E+00  5.2760254E-32  0.0000000E+00  0.0000000E+00
  re187    187   1.2745283E-10  7.7942341E-10  6.5197059E-10  3.7472281E-10  3.1346245E-10  7.7524602E-02
  os186    186   2.1472699E-09  2.3454310E-09  1.9816104E-10  1.1276111E-09  9.5274309E-11  1.0731835E+00
  os187    187   6.8903550E-10  8.4749185E-10  1.5845637E-10  4.0744802E-10  7.6184607E-11  7.2820497E-01
  os188    188   3.6647596E-09  5.3364078E-09  1.6716483E-09  2.5655809E-09  8.0371565E-10  5.0408328E-01
  os189    189   7.0036599E-10  2.7493416E-09  2.0489757E-09  1.3217989E-09  9.8513175E-10  1.2767108E-01
  os190    190   3.8178554E-09  7.1675346E-09  3.3496790E-09  3.4459302E-09  1.6104998E-09  3.3034581E-01
  os191    191   5.2619246E-25  5.2619246E-25  0.0000000E+00  2.5297714E-25  0.0000000E+00  0.0000000E+00
  os192    192   2.4614266E-10  5.5031393E-09  5.2569966E-09  2.6457401E-09  2.5275240E-09  1.9851901E-02
  ir191    191   6.0452576E-10  5.0370783E-09  4.4325525E-09  2.4216724E-09  2.1311375E-09  5.5503931E-02
  ir192    192   1.9041947E-20  1.9041947E-20  0.0000000E+00  9.1547827E-21  0.0000000E+00  0.0000000E+00
  ir193    193   6.1030114E-10  8.1393843E-09  7.5290831E-09  3.9131658E-09  3.6199255E-09  3.3828601E-02
  pt192    192   1.3119810E-09  1.4983756E-09  1.8639462E-10  7.2037293E-10  8.9617105E-11  9.0516645E-01
  pt193    193   2.1086828E-15  2.1086828E-15  0.0000000E+00  1.0137898E-15  0.0000000E+00  0.0000000E+00
  pt194    194   3.0228051E-09  1.0962379E-08  7.9395734E-09  5.2703744E-09  3.8172860E-09  1.4008676E-01
  pt195    195   1.0809016E-09  9.2708259E-09  8.1899243E-09  4.4571280E-09  3.9376529E-09  5.3817693E-02
  pt196    196   5.5749450E-09  1.1716966E-08  6.1420211E-09  5.6331571E-09  2.9530367E-09  2.8048301E-01
  au197    197   1.6862460E-09  5.3878417E-09  3.7015957E-09  2.5903086E-09  1.7796988E-09  1.6300499E-01
  hg198    198   5.6651071E-09  6.5346546E-09  8.6954743E-10  3.1416609E-09  4.1807177E-10  8.7590849E-01
  hg199    199   2.3447684E-09  3.8235064E-09  1.4787381E-09  1.8382244E-09  7.1096595E-10  4.1254970E-01
  hg200    200   8.0339744E-09  1.0068996E-08  2.0350217E-09  4.8408637E-09  9.7842279E-10  6.9439626E-01
  hg201    201   3.1921550E-09  4.3590638E-09  1.1669089E-09  2.0957038E-09  5.6104082E-10  5.7233548E-01
  hg202    202   1.3631222E-08  1.6288066E-08  2.6568436E-09  7.8308009E-09  1.2773901E-09  7.8748262E-01
  tl203    203   5.7234661E-09  6.7744712E-09  1.0510049E-09  3.2569574E-09  5.0531512E-10  8.0924976E-01
  tl204    204   2.2175747E-21  2.2175747E-21  0.0000000E+00  1.0661417E-21  0.0000000E+00  0.0000000E+00
  tl205    205   6.0945515E-09  8.6280334E-09  2.5334819E-09  4.1480930E-09  1.2180786E-09  5.3217316E-01
  pb204    204   8.0183327E-09  9.3485912E-09  1.3302590E-09  4.4945150E-09  6.3957839E-10  8.4678906E-01
  pb205    205   0.0000000E+00  0.0000000E+00  0.0000000E+00  0.0000000E+00  0.0000000E+00  0.0000000E+00
  pb206    206   4.7724527E-08  6.0223698E-08  1.2499171E-08  2.8953702E-08  6.0095058E-09  6.8286532E-01
  pb207    207   5.4534439E-08  6.8433337E-08  1.3898898E-08  3.2900644E-08  6.6824839E-09  6.9226646E-01
  pb208    208   8.4276635E-08  1.2425215E-07  3.9975522E-08  5.9736614E-08  1.9219925E-08  4.9248892E-01
  bi209    209   5.0627857E-10  3.2864242E-09  2.7801457E-09  1.5800117E-09  1.3366728E-09  7.2635189E-02
  bi210    210   0.0000000E+00  0.0000000E+00  0.0000000E+00  0.0000000E+00  0.0000000E+00  0.0000000E+00
  po210    210   0.0000000E+00  0.0000000E+00  0.0000000E+00  0.0000000E+00  0.0000000E+00  0.0000000E+00
