  species    A      yield       mass(i)_lost    mass(i)_0        <X(i)>          X0(i)   log10(<X(i)>/X0(i)) 
      n      1   0.0000000E+00  0.0000000E+00  0.0000000E+00  0.0000000E+00  0.0000000E+00  0.0000000E+00
      p      1  -3.0496955E-02  1.3485885E+00  1.3790854E+00  6.5560937E-01  6.7046791E-01 -9.7328601E-03
      d      2  -1.8116694E-04  1.5091331E-05  1.9625826E-04  7.3365736E-06  9.5414587E-05 -1.1141216E+00
    he3      3  -3.7359388E-04  8.7474601E-04  1.2483399E-03  4.2525330E-04  6.0690352E-04 -1.5447196E-01
    he4      4   2.7731717E-02  6.4523268E-01  6.1750096E-01  3.1367657E-01  3.0020952E-01  1.9057611E-02
    li7      7  -2.4016700E-08  1.0649802E-08  3.4666503E-08  5.1773470E-09  1.6853761E-08 -5.1258957E-01
    be7      7   1.2379087E-17  1.2379087E-17  0.0000000E+00  6.0180301E-18  0.0000000E+00  0.0000000E+00
     b8      8   3.3191800E-27  3.3191800E-27  0.0000000E+00  1.6136024E-27  0.0000000E+00  0.0000000E+00
    c12     12  -1.4022309E-03  8.9122579E-03  1.0314489E-02  4.3326486E-03  5.0145797E-03 -6.3481070E-02
    c13     13   1.8583283E-04  3.1082120E-04  1.2498836E-04  1.5110413E-04  6.0765407E-05  3.9561993E-01
    c14     14   2.0465803E-08  2.0465803E-08  0.0000000E+00  9.9493453E-09  0.0000000E+00  0.0000000E+00
    n13     13   0.0000000E+00  0.0000000E+00  0.0000000E+00  0.0000000E+00  0.0000000E+00  0.0000000E+00
    n14     14   4.4724871E-03  7.5218715E-03  3.0493843E-03  3.6567193E-03  1.4825147E-03  3.9209265E-01
    n15     15  -3.3314400E-06  3.9680385E-06  7.2994785E-06  1.9290417E-06  3.5487767E-06 -2.6473707E-01
    o14     14   0.0000000E+00  0.0000000E+00  0.0000000E+00  0.0000000E+00  0.0000000E+00  0.0000000E+00
    o15     15   0.0000000E+00  0.0000000E+00  0.0000000E+00  0.0000000E+00  0.0000000E+00  0.0000000E+00
    o16     16  -6.9858879E-04  2.4546826E-02  2.5245415E-02  1.1933314E-02  1.2273526E-02 -1.2208290E-02
    o17     17   5.9812788E-05  7.0003080E-05  1.0190290E-05  3.4031640E-05  4.9541977E-06  8.3690953E-01
    o18     18  -1.5597761E-05  4.1340765E-05  5.6938527E-05  2.0097601E-05  2.7681719E-05 -1.3904883E-01
    o19     19   0.0000000E+00  0.0000000E+00  0.0000000E+00  0.0000000E+00  0.0000000E+00  0.0000000E+00
    f17     17   0.0000000E+00  0.0000000E+00  0.0000000E+00  0.0000000E+00  0.0000000E+00  0.0000000E+00
    f18     18   0.0000000E+00  0.0000000E+00  0.0000000E+00  0.0000000E+00  0.0000000E+00  0.0000000E+00
    f19     19   4.6594243E-07  2.0797504E-06  1.6138080E-06  1.0110600E-06  7.8458260E-07  1.1013829E-01
    f20     20   0.0000000E+00  0.0000000E+00  0.0000000E+00  0.0000000E+00  0.0000000E+00  0.0000000E+00
   ne19     19   0.0000000E+00  0.0000000E+00  0.0000000E+00  0.0000000E+00  0.0000000E+00  0.0000000E+00
   ne20     20  -1.4635734E-06  5.1077395E-03  5.1092030E-03  2.4831013E-03  2.4839337E-03 -1.4555531E-04
   ne21     21   3.8952294E-07  1.3248980E-05  1.2859457E-05  6.4409242E-06  6.2518634E-06  1.2938684E-02
   ne22     22   6.6897389E-04  1.0822121E-03  4.1323822E-04  5.2611186E-04  2.0090342E-04  4.1809076E-01
   ne23     23   0.0000000E+00  0.0000000E+00  0.0000000E+00  0.0000000E+00  0.0000000E+00  0.0000000E+00
   na21     21   0.0000000E+00  0.0000000E+00  0.0000000E+00  0.0000000E+00  0.0000000E+00  0.0000000E+00
   na22     22   1.5983554E-22  1.5983554E-22  0.0000000E+00  7.7703228E-23  0.0000000E+00  0.0000000E+00
   na23     23   4.4831890E-05  1.8313131E-04  1.3829942E-04  8.9028355E-05  6.7236826E-05  1.2192114E-01
   na24     24   0.0000000E+00  0.0000000E+00  0.0000000E+00  0.0000000E+00  0.0000000E+00  0.0000000E+00
   mg23     23   0.0000000E+00  0.0000000E+00  0.0000000E+00  0.0000000E+00  0.0000000E+00  0.0000000E+00
   mg24     24   2.4067704E-06  2.4395594E-03  2.4371527E-03  1.1859793E-03  1.1848669E-03  4.0756448E-04
   mg25     25  -6.0681487E-08  3.2133312E-04  3.2139380E-04  1.5621446E-04  1.5625154E-04 -1.0306427E-04
   mg26     26   7.0990063E-07  3.6871783E-04  3.6800792E-04  1.7925029E-04  1.7891386E-04  8.1588369E-04
   mg27     27   0.0000000E+00  0.0000000E+00  0.0000000E+00  0.0000000E+00  0.0000000E+00  0.0000000E+00
   al25     25   0.0000000E+00  0.0000000E+00  0.0000000E+00  0.0000000E+00  0.0000000E+00  0.0000000E+00
   al-6     26   0.0000000E+00  0.0000000E+00  0.0000000E+00  0.0000000E+00  0.0000000E+00  0.0000000E+00
   al*6     26   0.0000000E+00  0.0000000E+00  0.0000000E+00  0.0000000E+00  0.0000000E+00  0.0000000E+00
   al27     27   2.1930900E-06  2.3686443E-04  2.3467134E-04  1.1515043E-04  1.1408982E-04  4.0186807E-03
   al28     28   0.0000000E+00  0.0000000E+00  0.0000000E+00  0.0000000E+00  0.0000000E+00  0.0000000E+00
   si27     27   0.0000000E+00  0.0000000E+00  0.0000000E+00  0.0000000E+00  0.0000000E+00  0.0000000E+00
   si28     28   3.1013042E-07  2.6988224E-03  2.6985123E-03  1.3120187E-03  1.3119316E-03  2.8836012E-05
   si29     29   1.6880222E-09  1.4191885E-04  1.4191716E-04  6.8993126E-05  6.8995651E-05 -1.5894275E-05
   si30     30   1.6076956E-07  9.6941687E-05  9.6780917E-05  4.7127705E-05  4.7051835E-05  6.9970323E-04
    p31     31   4.8260154E-07  2.7426351E-05  2.6943750E-05  1.3333181E-05  1.3099202E-05  7.6889358E-03
    p32     32   9.0063283E-25  9.0063283E-25  0.0000000E+00  4.3783807E-25  0.0000000E+00  0.0000000E+00
    p33     33   1.0267690E-23  1.0267690E-23  0.0000000E+00  4.9915852E-24  0.0000000E+00  0.0000000E+00
    s32     32  -4.2316969E-07  1.2927392E-03  1.2931623E-03  6.2845857E-04  6.2869478E-04 -1.6318991E-04
    s33     33   4.0067789E-08  1.0716536E-05  1.0676468E-05  5.2097894E-06  5.1905627E-06  1.6057373E-03
    s34     34   1.9630534E-08  6.2111038E-05  6.2091407E-05  3.0194964E-05  3.0186888E-05  1.1616069E-04
    s35     35   2.0889857E-18  2.0889857E-18  0.0000000E+00  1.0155497E-18  0.0000000E+00  0.0000000E+00
    s36     36   1.5429521E-08  3.2192980E-07  3.0650028E-07  1.5650453E-07  1.4901079E-07  2.1309178E-02
   cl35     35  -1.3686076E-08  1.3251367E-05  1.3265053E-05  6.4420842E-06  6.4490509E-06 -4.6941091E-04
   cl36     36   0.0000000E+00  0.0000000E+00  0.0000000E+00  0.0000000E+00  0.0000000E+00  0.0000000E+00
   cl37     37   1.8659239E-07  4.6685932E-06  4.4820008E-06  2.2696127E-06  2.1790077E-06  1.7692965E-02
   ar36     36  -2.5756890E-07  2.4676998E-04  2.4702755E-04  1.1996597E-04  1.2009701E-04 -4.7415320E-04
   ar37     37   3.3615501E-18  3.3615501E-18  0.0000000E+00  1.6342005E-18  0.0000000E+00  0.0000000E+00
   ar38     38   1.0514850E-07  4.7513910E-05  4.7408761E-05  2.3098644E-05  2.3048646E-05  9.4107358E-04
   ar39     39   4.8312951E-12  4.8312951E-12  0.0000000E+00  2.3487093E-12  0.0000000E+00  0.0000000E+00
   ar40     40   2.3200094E-08  1.0301579E-07  7.9815699E-08  5.0080601E-08  3.8803879E-08  1.1079437E-01
    k39     39   3.0076080E-08  1.2890954E-05  1.2860878E-05  6.2668714E-06  6.2525537E-06  9.9335029E-04
    k40     40  -2.0819662E-09  0.0000000E+00  2.0819662E-09  0.0000000E+00  1.0121863E-09  0.0000000E+00
    k41     41   2.1015012E-08  9.9666852E-07  9.7565351E-07  4.8452529E-07  4.7433201E-07  9.2340093E-03
   ca40     40  -1.8742867E-07  2.2248342E-04  2.2267085E-04  1.0815918E-04  1.0825555E-04 -3.8680504E-04
   ca41     41   0.0000000E+00  0.0000000E+00  0.0000000E+00  0.0000000E+00  0.0000000E+00  0.0000000E+00
   ca42     42   1.6659897E-08  1.5770847E-06  1.5604248E-06  7.6669170E-07  7.5862943E-07  4.5910641E-03
   ca43     43   3.1780019E-09  3.3652748E-07  3.3334948E-07  1.6360111E-07  1.6206401E-07  4.0996675E-03
   ca44     44   2.0988864E-08  5.2916153E-06  5.2706264E-06  2.5724917E-06  2.5624124E-06  1.7049676E-03
   ca45     45   1.3743645E-18  1.3743645E-18  0.0000000E+00  6.6814030E-19  0.0000000E+00  0.0000000E+00
   ca46     46   1.3587108E-08  2.4152838E-08  1.0565730E-08  1.1741779E-08  5.1367248E-09  3.5904759E-01
   ca47     47   1.3821870E-31  1.3821870E-31  0.0000000E+00  6.7194319E-32  0.0000000E+00  0.0000000E+00
   ca48     48  -1.4131274E-10  5.1529912E-07  5.1544043E-07  2.5051003E-07  2.5059089E-07 -1.4016924E-04
   sc45     45   2.9897791E-09  1.5169019E-07  1.4870041E-07  7.3743408E-08  7.2293453E-08  8.6242221E-03
   sc46     46   4.7068044E-20  4.7068044E-20  0.0000000E+00  2.2881889E-20  0.0000000E+00  0.0000000E+00
   sc47     47   3.8574733E-31  3.8574733E-31  0.0000000E+00  1.8752909E-31  0.0000000E+00  0.0000000E+00
   sc48     48   1.2910953E-31  9.3759458E-29  9.3630348E-29  4.5580680E-29  4.5520128E-29  0.0000000E+00
   ti46     46   3.7228460E-09  9.1218243E-07  9.0845958E-07  4.4345282E-07  4.4166444E-07  1.7549866E-03
   ti47     47   4.2967940E-10  8.3750763E-07  8.3707795E-07  4.0715005E-07  4.0696094E-07  2.0176015E-04
   ti48     48  -8.9812602E-09  8.4617486E-06  8.4707299E-06  4.1136359E-06  4.1182020E-06 -4.8179794E-04
   ti49     49   1.1302973E-08  6.4588443E-07  6.3458145E-07  3.1399341E-07  3.0851351E-07  7.6463609E-03
   ti50     50   3.3196045E-08  6.5319790E-07  6.2000186E-07  3.1754882E-07  3.0142536E-07  2.2630731E-02
    v51     51  -1.9512072E-09  1.3644055E-06  1.3663567E-06  6.6329881E-07  6.6427958E-07 -6.4169517E-04
   cr52     52  -4.2935426E-08  5.5969831E-05  5.6012766E-05  2.7209448E-05  2.7231643E-05 -3.5410907E-04
   cr53     53  -7.0531314E-09  6.4664564E-06  6.4735095E-06  3.1436348E-06  3.1472164E-06 -4.9452228E-04
   cr54     54   2.3291818E-08  1.6650911E-06  1.6417993E-06  8.0947552E-07  7.9819102E-07  6.0968958E-03
   mn55     55   1.0938675E-07  4.9025650E-05  4.8916263E-05  2.3833569E-05  2.3781547E-05  9.4897748E-04
   fe54     54  -5.5602868E-07  3.2175722E-04  3.2231325E-04  1.5642063E-04  1.5669856E-04 -7.7097269E-04
   fe55     55   1.2041514E-13  1.2041514E-13  0.0000000E+00  5.8539206E-14  0.0000000E+00  0.0000000E+00
   fe56     56  -4.6999194E-06  5.2422471E-03  5.2469471E-03  2.5484916E-03  2.5509002E-03 -4.1027926E-04
   fe57     57   9.0364483E-07  1.2424760E-04  1.2334395E-04  6.0402337E-05  5.9965951E-05  3.1490254E-03
   fe58     58   8.9826426E-07  1.7600019E-05  1.6701755E-05  8.5561596E-06  8.1198668E-06  2.2729989E-02
   fe59     59   7.1818142E-19  7.1818142E-19  0.0000000E+00  3.4914022E-19  0.0000000E+00  0.0000000E+00
   fe60     60   0.0000000E+00  0.0000000E+00  0.0000000E+00  0.0000000E+00  0.0000000E+00  0.0000000E+00
   co59     59   2.7243914E-07  1.3153776E-05  1.2881337E-05  6.3946413E-06  6.2625008E-06  9.0683969E-03
   co60     60   7.2954207E-16  7.2954207E-16  0.0000000E+00  3.5466315E-16  0.0000000E+00  0.0000000E+00
   ni58     58  -3.0770025E-07  1.8399657E-04  1.8430427E-04  8.9448993E-05  8.9602931E-05 -7.4675289E-04
   ni59     59   0.0000000E+00  0.0000000E+00  0.0000000E+00  0.0000000E+00  0.0000000E+00  0.0000000E+00
   ni60     60   1.6787817E-07  7.3607262E-05  7.3439383E-05  3.5783793E-05  3.5703917E-05  9.7051874E-04
   ni61     61   1.1113548E-07  3.3566978E-06  3.2455623E-06  1.6318414E-06  1.5778902E-06  1.4601161E-02
   ni62     62   1.6195827E-07  1.0679885E-05  1.0517927E-05  5.1919715E-06  5.1134848E-06  6.6153076E-03
   ni63     63   0.0000000E+00  0.0000000E+00  0.0000000E+00  0.0000000E+00  0.0000000E+00  0.0000000E+00
   ni64     64   6.6688949E-07  3.4318446E-06  2.7649551E-06  1.6683737E-06  1.3442341E-06  9.3818441E-02
   cu63     63   7.0007900E-08  2.3521616E-06  2.2821537E-06  1.1434913E-06  1.1095112E-06  1.3101170E-02
   cu64     64   0.0000000E+00  0.0000000E+00  0.0000000E+00  0.0000000E+00  0.0000000E+00  0.0000000E+00
   cu65     65   1.6329352E-07  1.2127972E-06  1.0495037E-06  5.8959517E-07  5.1023562E-07  6.2783144E-02
   zn64     64   4.0436589E-08  3.9504198E-06  3.9099832E-06  1.9204765E-06  1.9009107E-06  4.4472958E-03
   zn65     65   1.3363360E-16  1.3363360E-16  0.0000000E+00  6.4965290E-17  0.0000000E+00  0.0000000E+00
   zn66     66   1.7915931E-07  2.4925528E-06  2.3133935E-06  1.2117418E-06  1.1246990E-06  3.2373790E-02
   zn67     67   3.9702542E-08  3.8480488E-07  3.4510234E-07  1.8707092E-07  1.6777788E-07  4.7271576E-02
   zn68     68   2.3643372E-07  1.8382148E-06  1.6017810E-06  8.9363868E-07  7.7873545E-07  5.9772022E-02
   zn69     69   0.0000000E+00  0.0000000E+00  0.0000000E+00  0.0000000E+00  0.0000000E+00  0.0000000E+00
   zn70     70   1.1450467E-09  5.5669148E-08  5.4524101E-08  2.7063271E-08  2.6507900E-08  9.0049636E-03
   ga69     69   4.4007876E-08  1.9086195E-07  1.4685408E-07  9.2786564E-08  7.1395824E-08  1.1381230E-01
   ga70     70   0.0000000E+00  0.0000000E+00  0.0000000E+00  0.0000000E+00  0.0000000E+00  0.0000000E+00
   ga71     71   5.0038892E-08  1.5032438E-07  1.0028549E-07  7.3079427E-08  4.8755648E-08  1.7577019E-01
   ge70     70   8.0331034E-08  2.4366415E-07  1.6333311E-07  1.1845608E-07  7.9407421E-08  1.7369626E-01
   ge71     71   3.5166693E-24  3.5166693E-24  0.0000000E+00  1.7096109E-24  0.0000000E+00  0.0000000E+00
   ge72     72   8.8797776E-08  3.1081655E-07  2.2201877E-07  1.5110187E-07  1.0793853E-07  1.4609334E-01
   ge73     73   2.4907436E-08  8.8089664E-08  6.3182227E-08  4.2824340E-08  3.0717207E-08  1.4430895E-01
   ge74     74   1.1888955E-07  4.1948695E-07  3.0059741E-07  2.0393144E-07  1.4614099E-07  1.4471214E-01
   as75     75   1.0852148E-08  5.4923191E-08  4.4071044E-08  2.6700629E-08  2.1425953E-08  9.5581338E-02
   se76     76   4.2140453E-08  8.8022418E-08  4.5881965E-08  4.2791648E-08  2.2306367E-08  2.8293017E-01
   se77     77   1.7111866E-08  5.4966073E-08  3.7854207E-08  2.6721475E-08  1.8403522E-08  1.6195945E-01
   se78     78   1.1281206E-07  2.3227108E-07  1.1945902E-07  1.1291740E-07  5.8077209E-08  2.8875512E-01
   se79     79   0.0000000E+00  0.0000000E+00  0.0000000E+00  0.0000000E+00  0.0000000E+00  0.0000000E+00
   se80     80   1.4920246E-07  4.0491372E-07  2.5571126E-07  1.9684674E-07  1.2431876E-07  1.9959156E-01
   br79     79   2.4275710E-08  6.5168514E-08  4.0892804E-08  3.1681338E-08  1.9880794E-08  2.0236981E-01
   br80     80   0.0000000E+00  0.0000000E+00  0.0000000E+00  0.0000000E+00  0.0000000E+00  0.0000000E+00
   br81     81   2.0261499E-08  6.1047501E-08  4.0786002E-08  2.9677931E-08  1.9828869E-08  1.7513567E-01
   kr80     80   9.6661257E-10  1.0711930E-08  9.7453174E-09  5.2075499E-09  4.7378670E-09  4.1050583E-02
   kr81     81   0.0000000E+00  0.0000000E+00  0.0000000E+00  0.0000000E+00  0.0000000E+00  0.0000000E+00
   kr82     82   9.5432469E-08  1.4548525E-07  5.0052773E-08  7.0726905E-08  2.4334081E-08  4.6336973E-01
   kr83     83   2.8213964E-08  7.8402195E-08  5.0188230E-08  3.8114827E-08  2.4399938E-08  1.9370523E-01
   kr84     84   1.9705902E-07  4.4738402E-07  2.5032500E-07  2.1749345E-07  1.2170013E-07  2.5215518E-01
   kr-5     85   3.9753715E-16  3.9753715E-16  0.0000000E+00  1.9326065E-16  0.0000000E+00  0.0000000E+00
   kr*5     85   0.0000000E+00  0.0000000E+00  0.0000000E+00  0.0000000E+00  0.0000000E+00  0.0000000E+00
   kr86     86   2.4244585E-08  1.0174791E-07  7.7503330E-08  4.9464230E-08  3.7679676E-08  1.1818407E-01
   rb85     85   2.7616057E-08  6.8243196E-08  4.0627139E-08  3.3176082E-08  1.9751633E-08  2.2522210E-01
   rb86     86   2.8627331E-22  2.8627331E-22  0.0000000E+00  1.3917031E-22  0.0000000E+00  0.0000000E+00
   rb87     87   1.0434889E-09  1.8157177E-08  1.7113688E-08  8.8270191E-09  8.3201357E-09  2.5683662E-02
   sr86     86   8.1013894E-08  9.9972411E-08  1.8958515E-08  4.8601077E-08  9.2170325E-09  7.2205478E-01
   sr87     87   5.2266596E-08  6.5670022E-08  1.3403427E-08  3.1925147E-08  6.5163239E-09  6.9013023E-01
   sr88     88   6.4923870E-07  8.1178257E-07  1.6254387E-07  3.9464396E-07  7.9023707E-08  6.9844806E-01
   sr89     89   5.5935048E-21  5.5935048E-21  0.0000000E+00  2.7192537E-21  0.0000000E+00  0.0000000E+00
   sr90     90   5.2657794E-16  5.2657794E-16  0.0000000E+00  2.5599318E-16  0.0000000E+00  0.0000000E+00
    y89     89   1.5532852E-07  1.9409744E-07  3.8768913E-08  9.4359478E-08  1.8848224E-08  6.9951510E-01
    y90     90   1.3316752E-19  1.3316752E-19  0.0000000E+00  6.4738709E-20  0.0000000E+00  0.0000000E+00
    y91     91   3.0953756E-24  3.0953756E-24  0.0000000E+00  1.5048010E-24  0.0000000E+00  0.0000000E+00
   zr90     90   1.6404920E-07  2.1025802E-07  4.6208825E-08  1.0221586E-07  2.2465278E-08  6.5800649E-01
   zr91     91   3.6133706E-08  4.6322732E-08  1.0189027E-08  2.2519560E-08  4.9535838E-09  6.5764034E-01
   zr92     92   5.5168623E-08  7.0913728E-08  1.5745105E-08  3.4474347E-08  7.6547746E-09  6.5356362E-01
   zr93     93   0.0000000E+00  0.0000000E+00  0.0000000E+00  0.0000000E+00  0.0000000E+00  0.0000000E+00
   zr94     94   7.2780772E-08  8.9083898E-08  1.6303124E-08  4.3307683E-08  7.9260651E-09  7.3750728E-01
   zr95     95   2.1619703E-20  2.1619703E-20  0.0000000E+00  1.0510308E-20  0.0000000E+00  0.0000000E+00
   zr96     96   1.0587242E-10  2.7882967E-09  2.6824243E-09  1.3555161E-09  1.3041102E-09  1.6790425E-02
   nb93     93   1.8836753E-08  2.5876801E-08  7.0400481E-09  1.2579875E-08  3.4226495E-09  5.6531394E-01
   nb94     94   9.9130721E-12  9.9130721E-12  0.0000000E+00  4.8191893E-12  0.0000000E+00  0.0000000E+00
   nb95     95   2.4688950E-20  2.4688950E-20  0.0000000E+00  1.2002407E-20  0.0000000E+00  0.0000000E+00
   mo94     94   1.1311330E-10  2.3196007E-09  2.2064874E-09  1.1276621E-09  1.0727247E-09  2.1690685E-02
   mo95     95   7.4312880E-09  1.1290700E-08  3.8594119E-09  5.4889160E-09  1.8763244E-09  4.6617866E-01
   mo96     96   1.5693860E-08  1.9799204E-08  4.1053441E-09  9.6252819E-09  1.9958890E-09  6.8327707E-01
   mo97     97   5.2925206E-09  7.6808373E-09  2.3883167E-09  3.7339998E-09  1.1611244E-09  5.0729555E-01
   mo98     98   1.8904316E-08  2.5035504E-08  6.1311880E-09  1.2170882E-08  2.9807905E-09  6.1099058E-01
   tc99     99   0.0000000E+00  0.0000000E+00  0.0000000E+00  0.0000000E+00  0.0000000E+00  0.0000000E+00
   ru99     99   2.4350719E-09  4.5759352E-09  2.1408633E-09  2.2245674E-09  1.0408203E-09  3.2986981E-01
  ru100    100   9.3456443E-09  1.1480963E-08  2.1353184E-09  5.5814113E-09  1.0381246E-09  7.3049450E-01
  ru101    101   2.0000688E-09  4.9201194E-09  2.9200506E-09  2.3918909E-09  1.4196366E-09  2.2656420E-01
  ru102    102   1.2235336E-08  1.7689006E-08  5.4536695E-09  8.5994198E-09  2.6514024E-09  5.1099348E-01
  rh103    103   2.0397031E-09  5.5225815E-09  3.4828784E-09  2.6847748E-09  1.6932657E-09  2.0018275E-01
  pd104    104   6.8162720E-09  8.3403648E-09  1.5240929E-09  4.0546260E-09  7.4096596E-10  7.3815250E-01
  pd105    105   1.7099657E-09  4.7942903E-09  3.0843246E-09  2.3307196E-09  1.4995014E-09  1.9154316E-01
  pd106    106   7.7655553E-09  1.1576569E-08  3.8110142E-09  5.6278897E-09  1.8527950E-09  4.8251823E-01
  pd107    107   0.0000000E+00  0.0000000E+00  0.0000000E+00  0.0000000E+00  0.0000000E+00  0.0000000E+00
  pd108    108   9.5787795E-09  1.3338100E-08  3.7593209E-09  6.4842491E-09  1.8276636E-09  5.4996341E-01
  ag107    107   1.5149093E-09  4.1038541E-09  2.5889448E-09  1.9950677E-09  1.2586634E-09  2.0004803E-01
  ag108    108   0.0000000E+00  0.0000000E+00  0.0000000E+00  0.0000000E+00  0.0000000E+00  0.0000000E+00
  ag109    109   2.4035887E-09  4.8538098E-09  2.4502211E-09  2.3596549E-09  1.1912203E-09  2.9685640E-01
  cd108    108   8.9400987E-12  1.5412001E-10  1.4517991E-10  7.4924657E-11  7.0581894E-11  2.5931440E-02
  cd109    109   7.3156984E-20  7.3156984E-20  0.0000000E+00  3.5564895E-20  0.0000000E+00  0.0000000E+00
  cd110    110   8.1466869E-09  1.0221844E-08  2.0751572E-09  4.9692970E-09  1.0088761E-09  6.9245714E-01
  cd111    111   2.6768263E-09  4.8228270E-09  2.1460007E-09  2.3445927E-09  1.0433179E-09  3.5165077E-01
  cd112    112   9.8201971E-09  1.3902257E-08  4.0820600E-09  6.7585111E-09  1.9845690E-09  5.3218484E-01
  cd113    113   2.8745053E-09  4.9601812E-09  2.0856759E-09  2.4113667E-09  1.0139899E-09  3.7622961E-01
  cd114    114   1.3707855E-08  1.8654754E-08  4.9468989E-09  9.0689136E-09  2.4050264E-09  5.7643545E-01
  in115    115   2.6296427E-09  4.4949546E-09  1.8653119E-09  2.1851991E-09  9.0685587E-10  3.8195273E-01
  sn116    116   1.8723863E-08  2.4559807E-08  5.8359437E-09  1.1939624E-08  2.8372522E-09  6.2409276E-01
  sn117    117   5.5510165E-09  8.6600718E-09  3.1090555E-09  4.2100496E-09  1.5115248E-09  4.4487196E-01
  sn118    118   2.3879601E-08  3.3360323E-08  9.4807229E-09  1.6217950E-08  4.6092290E-09  5.4636765E-01
  sn119    119   7.1568458E-09  1.0693809E-08  3.5369629E-09  5.1987405E-09  1.7195600E-09  4.8048079E-01
  sn120    120   3.6333823E-08  4.9861541E-08  1.3527718E-08  2.4239933E-08  6.5767498E-09  5.6652009E-01
  sb121    121   2.6870983E-09  4.7732889E-09  2.0861906E-09  2.3205100E-09  1.0142401E-09  3.5944265E-01
  te122    122   4.8148441E-09  6.2015877E-09  1.3867437E-09  3.0148701E-09  6.7419115E-10  6.5048558E-01
  te123    123   1.7752385E-09  2.2632087E-09  4.8797022E-10  1.1002473E-09  2.3723576E-10  6.6631019E-01
  te124    124   9.0826227E-09  1.1702597E-08  2.6199745E-09  5.6891576E-09  1.2737490E-09  6.4996409E-01
  te125    125   3.0612126E-09  7.0006116E-09  3.9393990E-09  3.4033116E-09  1.9152118E-09  2.4968493E-01
  te126    126   1.6282007E-08  2.6863503E-08  1.0581497E-08  1.3059555E-08  5.1443902E-09  4.0459448E-01
   i127    127   2.0759368E-09  1.5346874E-08  1.3270937E-08  7.4608044E-09  6.4519119E-09  6.3097239E-02
   i128    128   0.0000000E+00  0.0000000E+00  0.0000000E+00  0.0000000E+00  0.0000000E+00  0.0000000E+00
   i129    129   6.0825173E-13  6.0825173E-13  0.0000000E+00  2.9569847E-13  0.0000000E+00  0.0000000E+00
  xe128    128   5.2670392E-09  6.7003794E-09  1.4333399E-09  3.2573553E-09  6.9684469E-10  6.6972911E-01
  xe129    129   1.9957671E-09  1.9989894E-08  1.7994127E-08  9.7179846E-09  8.7481773E-09  4.5658626E-02
  xe130    130   1.0808575E-08  1.3720154E-08  2.9115788E-09  6.6699828E-09  1.4155179E-09  6.7320937E-01
  xe131    131   3.9157788E-09  1.8459733E-08  1.4543954E-08  8.9741050E-09  7.0708124E-09  1.0352186E-01
  xe132    132   1.9653662E-08  3.7565783E-08  1.7912122E-08  1.8262414E-08  8.7083096E-09  3.2162434E-01
  xe133    133   5.0452148E-29  5.0452148E-29  0.0000000E+00  2.4527053E-29  0.0000000E+00  0.0000000E+00
  xe134    134   1.0789147E-11  6.7247283E-09  6.7139392E-09  3.2691923E-09  3.2641059E-09  6.7623600E-04
  cs133    133   2.5326821E-09  7.2418800E-09  4.7091979E-09  3.5206029E-09  2.2894637E-09  1.8688329E-01
  cs134    134   1.9039514E-17  1.9039514E-17  0.0000000E+00  9.2559625E-18  0.0000000E+00  0.0000000E+00
  cs135    135   0.0000000E+00  0.0000000E+00  0.0000000E+00  0.0000000E+00  0.0000000E+00  0.0000000E+00
  cs136    136   1.0149738E-26  1.0149738E-26  0.0000000E+00  4.9342433E-27  0.0000000E+00  0.0000000E+00
  cs137    137   0.0000000E+00  0.0000000E+00  0.0000000E+00  0.0000000E+00  0.0000000E+00  0.0000000E+00
  ba134    134   7.7918330E-09  9.2355421E-09  1.4437094E-09  4.4898116E-09  7.0188605E-10  8.0596149E-01
  ba135    135   3.0087532E-09  6.9757027E-09  3.9669494E-09  3.3912022E-09  1.9286059E-09  2.4511020E-01
  ba136    136   1.8743380E-08  2.3504773E-08  4.7613931E-09  1.1426725E-08  2.3148394E-09  6.9340092E-01
  ba137    137   1.4596138E-08  2.1455314E-08  6.8591759E-09  1.0430392E-08  3.3347154E-09  4.9524188E-01
  ba138    138   1.3916355E-07  1.8326806E-07  4.4104510E-08  8.9094826E-08  2.1442224E-08  6.1858267E-01
  la139    139   1.5536486E-08  2.1585970E-08  6.0494836E-09  1.0493909E-08  2.9410685E-09  5.5243218E-01
  ce140    140   4.0067114E-08  5.3932276E-08  1.3865161E-08  2.6218901E-08  6.7408044E-09  5.8990276E-01
  ce141    141   9.0363089E-23  9.0363089E-23  0.0000000E+00  4.3929553E-23  0.0000000E+00  0.0000000E+00
  ce142    142   1.8765878E-11  1.7858260E-09  1.7670602E-09  8.6817020E-10  8.5908897E-10  4.5667305E-03
  pr141    141   3.2255871E-09  5.6151293E-09  2.3895421E-09  2.7297664E-09  1.1617202E-09  3.7102395E-01
  nd142    142   1.0416969E-08  1.3604616E-08  3.1876470E-09  6.6138144E-09  1.5497336E-09  6.3019496E-01
  nd143    143   1.3533166E-09  2.7803755E-09  1.4270589E-09  1.3516653E-09  6.9379108E-10  2.8964049E-01
  nd144    144   4.3074904E-09  7.1436870E-09  2.8361968E-09  3.4728669E-09  1.3788695E-09  4.0116501E-01
  nd145    145   7.7356788E-10  1.8282317E-09  1.0546638E-09  8.8878549E-10  5.1274435E-10  2.3889607E-01
  nd146    146   4.1339119E-09  6.2097940E-09  2.0758821E-09  3.0188596E-09  1.0092285E-09  4.7585341E-01
  nd147    147   4.6316227E-26  4.6316227E-26  0.0000000E+00  2.2516397E-26  0.0000000E+00  0.0000000E+00
  nd148    148   2.8401559E-11  7.3058248E-10  7.0218092E-10  3.5516895E-10  3.4137826E-10  1.7199112E-02
  pm147    147   2.7377122E-18  2.7377122E-18  0.0000000E+00  1.3309248E-18  0.0000000E+00  0.0000000E+00
  pm148    148   1.7487532E-33  1.7487532E-33  0.0000000E+00  8.5014745E-34  0.0000000E+00  0.0000000E+00
  sm147    147   4.3895471E-10  1.0041656E-09  5.6521093E-10  4.8817000E-10  2.7478778E-10  2.4957369E-01
  sm148    148   1.4136016E-09  1.8403021E-09  4.2670056E-10  8.9465346E-10  2.0744838E-10  6.3474482E-01
  sm149    149   1.8693008E-10  7.1511530E-10  5.2818522E-10  3.4764966E-10  2.5678701E-10  1.3156874E-01
  sm150    150   8.4383012E-10  1.1277818E-09  2.8395164E-10  5.4826532E-10  1.3804835E-10  5.9895957E-01
  sm151    151   3.7440994E-14  3.7440994E-14  0.0000000E+00  1.8201749E-14  0.0000000E+00  0.0000000E+00
  sm152    152   6.3954009E-10  1.6824827E-09  1.0429426E-09  8.1793039E-10  5.0704585E-10  2.0766911E-01
  eu151    151   1.1874474E-10  8.0675111E-10  6.8800637E-10  3.9219794E-10  3.3448702E-10  6.9126062E-02
  eu152    152   2.1712137E-16  2.1712137E-16  0.0000000E+00  1.0555245E-16  0.0000000E+00  0.0000000E+00
  eu153    153   1.1750101E-10  8.7848695E-10  7.6098594E-10  4.2707193E-10  3.6996742E-10  6.2337566E-02
  eu154    154   9.5645008E-17  9.5645008E-17  0.0000000E+00  4.6497331E-17  0.0000000E+00  0.0000000E+00
  eu155    155   1.8498743E-19  1.8498743E-19  0.0000000E+00  8.9930695E-20  0.0000000E+00  0.0000000E+00
  gd152    152   3.8626819E-12  1.3908220E-11  1.0045538E-11  6.7614100E-12  4.8838242E-12  1.4127727E-01
  gd153    153   2.4618541E-20  2.4618541E-20  0.0000000E+00  1.1968178E-20  0.0000000E+00  0.0000000E+00
  gd154    154   3.0614525E-10  4.1708006E-10  1.1093482E-10  2.0276134E-10  5.3933018E-11  5.7513046E-01
  gd155    155   1.1767515E-10  8.7571927E-10  7.5804413E-10  4.2572645E-10  3.6853717E-10  6.2649339E-02
  gd156    156   5.3451910E-10  1.5897196E-09  1.0552005E-09  7.7283407E-10  5.1300519E-10  1.7796451E-01
  gd157    157   2.5629038E-10  1.0681946E-09  8.1190427E-10  5.1929738E-10  3.9472228E-10  1.1912451E-01
  gd158    158   1.0590239E-09  2.3559248E-09  1.2969009E-09  1.1453208E-09  6.3051242E-10  2.5923350E-01
  gd159    159   0.0000000E+00  0.0000000E+00  0.0000000E+00  0.0000000E+00  0.0000000E+00  0.0000000E+00
  gd160    160  -9.9442676E-13  1.1547698E-09  1.1557643E-09  5.6138544E-10  5.6189614E-10 -3.9491465E-04
  tb159    159   2.2332891E-10  1.2016863E-09  9.7835740E-10  5.8419364E-10  4.7564652E-10  8.9272492E-02
  tb160    160   8.0619666E-20  8.0619666E-20  0.0000000E+00  3.9192838E-20  0.0000000E+00  0.0000000E+00
  tb161    161   5.4246051E-28  5.4246051E-28  0.0000000E+00  2.6371441E-28  0.0000000E+00  0.0000000E+00
  dy160    160   3.9468384E-10  5.4272598E-10  1.4804215E-10  2.6384345E-10  7.1973427E-11  5.6417418E-01
  dy161    161   1.7428425E-10  1.3824738E-09  1.2081895E-09  6.7208256E-10  5.8738370E-10  5.8500756E-02
  dy162    162   7.9860429E-10  2.4381470E-09  1.6395427E-09  1.1852928E-09  7.9709406E-10  1.7231604E-01
  dy163    163   3.3517089E-10  1.9473581E-09  1.6121872E-09  9.4669816E-10  7.8379458E-10  8.2009263E-02
  dy164    164   1.6090874E-09  3.4503476E-09  1.8412601E-09  1.6773688E-09  8.9516272E-10  2.7272657E-01
  ho165    165   2.9649561E-10  1.7305983E-09  1.4341027E-09  8.4132151E-10  6.9721562E-10  8.1594884E-02
  er166    166   6.7100914E-10  2.0333710E-09  1.3623619E-09  9.8851294E-10  6.6233746E-10  1.7390305E-01
  er167    167   2.6781455E-10  1.2033433E-09  9.3552877E-10  5.8499922E-10  4.5482462E-10  1.0931130E-01
  er168    168   1.0514017E-09  2.1616289E-09  1.1102271E-09  1.0508648E-09  5.3975746E-10  2.8934821E-01
  er169    169   1.2557764E-26  1.2557764E-26  0.0000000E+00  6.1048925E-27  0.0000000E+00  0.0000000E+00
  er170    170   2.8859248E-11  6.4975236E-10  6.2089311E-10  3.1587380E-10  3.0185868E-10  1.9709932E-02
  tm169    169   2.5460439E-10  9.1073576E-10  6.5613137E-10  4.4274953E-10  3.1899042E-10  1.4238049E-01
  tm170    170   1.6751983E-20  1.6751983E-20  0.0000000E+00  8.1438904E-21  0.0000000E+00  0.0000000E+00
  tm171    171   5.5525049E-18  5.5525049E-18  0.0000000E+00  2.6993219E-18  0.0000000E+00  0.0000000E+00
  yb170    170   3.8192027E-10  5.0601839E-10  1.2409813E-10  2.4599825E-10  6.0332607E-11  6.1037993E-01
  yb171    171   3.6208125E-10  9.5227382E-10  5.9019256E-10  4.6294305E-10  2.8693303E-10  2.0774703E-01
  yb172    172   1.1084762E-09  2.0223438E-09  9.1386770E-10  9.8315212E-10  4.4429369E-10  3.4495059E-01
  yb173    173   5.0641835E-10  1.1886910E-09  6.8227268E-10  5.7787608E-10  3.3169947E-10  2.4108993E-01
  yb174    174   2.3928273E-09  3.7580614E-09  1.3652340E-09  1.8269624E-09  6.6373379E-10  4.3973571E-01
  lu175    175   3.1082981E-10  9.2700314E-10  6.1617333E-10  4.5065784E-10  2.9956407E-10  1.7735721E-01
  lu176    176   2.3384264E-10  2.5182847E-10  1.7985842E-11  1.2242513E-10  8.7441504E-12  1.1461530E+00
  lu177    177   1.3260905E-28  1.3260905E-28  0.0000000E+00  6.4467213E-29  0.0000000E+00  0.0000000E+00
  hf176    176  -4.7925552E-13  1.3791407E-10  1.3839332E-10  6.7046223E-11  6.7282471E-11 -1.5276260E-03
  hf177    177   2.4558922E-10  7.4300288E-10  4.9741367E-10  3.6120706E-10  2.4182686E-10  1.7425171E-01
  hf178    178   1.1394987E-09  1.8734023E-09  7.3390360E-10  9.1074498E-10  3.5680081E-10  4.0697095E-01
  hf179    179   4.0115405E-10  7.6963314E-10  3.6847908E-10  3.7415321E-10  1.7914291E-10  3.1984985E-01
  hf180    180   2.3295952E-09  3.2838563E-09  9.5426123E-10  1.5964300E-09  4.6393178E-10  5.3669572E-01
  hf181    181   1.4624272E-21  1.4624272E-21  0.0000000E+00  7.1095149E-22  0.0000000E+00  0.0000000E+00
  hf182    182   4.5745428E-11  4.5745428E-11  0.0000000E+00  2.2238907E-11  0.0000000E+00  0.0000000E+00
  ta181    181   4.9464322E-10  8.9894414E-10  4.0430093E-10  4.3701709E-10  1.9655837E-10  3.4700686E-01
  ta182    182   4.2007592E-19  4.2007592E-19  0.0000000E+00  2.0421776E-19  0.0000000E+00  0.0000000E+00
  ta183    183   3.4710952E-32  3.4710952E-32  0.0000000E+00  1.6874552E-32  0.0000000E+00  0.0000000E+00
   w182    182   1.2208589E-09  1.8553481E-09  6.3448924E-10  9.0196800E-10  3.0846867E-10  4.6598005E-01
   w183    183   6.4824296E-10  9.9273911E-10  3.4449615E-10  4.8261506E-10  1.6748318E-10  4.5962965E-01
   w184    184   1.5388821E-09  2.2805189E-09  7.4163670E-10  1.1086626E-09  3.6056041E-10  4.8782134E-01
   w185    185   2.2630647E-20  2.2630647E-20  0.0000000E+00  1.1001774E-20  0.0000000E+00  0.0000000E+00
   w186    186   2.1837920E-10  9.1401875E-10  6.9563955E-10  4.4434553E-10  3.3819803E-10  1.1854974E-01
  re185    185   2.7444422E-10  6.2801364E-10  3.5356942E-10  3.0530561E-10  1.7189432E-10  2.4947329E-01
  re186    186   1.9877932E-31  1.9877932E-31  0.0000000E+00  9.6635551E-32  0.0000000E+00  0.0000000E+00
  re187    187   3.2474523E-11  6.7723549E-10  6.4476097E-10  3.2923458E-10  3.1346245E-10  2.1319924E-02
  os186    186   7.2841150E-10  9.2438124E-10  1.9596973E-10  4.4938323E-10  9.5274309E-11  6.7364103E-01
  os187    187   2.4412528E-10  4.0082940E-10  1.5670414E-10  1.9486117E-10  7.6184607E-11  4.0785804E-01
  os188    188   1.2326943E-09  2.8858571E-09  1.6531628E-09  1.4029446E-09  8.0371565E-10  2.4193813E-01
  os189    189   2.4449132E-10  2.2708089E-09  2.0263176E-09  1.1039422E-09  9.8513175E-10  4.9451999E-02
  os190    190   1.2871435E-09  4.5997806E-09  3.3126371E-09  2.2361597E-09  1.6104998E-09  1.4254215E-01
  os191    191   4.3479990E-24  4.3479990E-24  0.0000000E+00  2.1137575E-24  0.0000000E+00  0.0000000E+00
  os192    192   8.2039264E-11  5.2809033E-09  5.1988640E-09  2.5672842E-09  2.5275240E-09  6.7786467E-03
  ir191    191   2.2382807E-10  4.6073643E-09  4.3835362E-09  2.2398465E-09  2.1311375E-09  2.1606805E-02
  ir192    192   4.1605921E-19  4.1605921E-19  0.0000000E+00  2.0226506E-19  0.0000000E+00  0.0000000E+00
  ir193    193   2.4015412E-10  7.6859790E-09  7.4458248E-09  3.7364996E-09  3.6199255E-09  1.3765301E-02
  pt192    192   4.4944098E-10  6.3377442E-10  1.8433342E-10  3.0810621E-10  8.9617105E-11  5.3630954E-01
  pt193    193   9.0743605E-15  9.0743605E-15  0.0000000E+00  4.4114539E-15  0.0000000E+00  0.0000000E+00
  pt194    194   1.0365948E-09  8.8883709E-09  7.8517761E-09  4.3210360E-09  3.8172860E-09  5.3833198E-02
  pt195    195   3.9496939E-10  8.4943279E-09  8.0993585E-09  4.1294741E-09  3.9376529E-09  2.0657331E-02
  pt196    196   1.8334076E-09  7.9075093E-09  6.0741017E-09  3.8441952E-09  2.9530367E-09  1.1453660E-01
  au197    197   5.6337757E-10  4.2240402E-09  3.6606627E-09  2.0534956E-09  1.7796988E-09  6.2147275E-02
  hg198    198   1.8505559E-09  2.7104878E-09  8.5993185E-10  1.3176898E-09  4.1807177E-10  4.9856234E-01
  hg199    199   7.7546114E-10  2.2378470E-09  1.4623859E-09  1.0879179E-09  7.1096595E-10  1.8474732E-01
  hg200    200   2.6787255E-09  4.6912434E-09  2.0125179E-09  2.2806239E-09  9.7842279E-10  3.6752710E-01
  hg201    201   1.0694996E-09  2.2235045E-09  1.1540049E-09  1.0809453E-09  5.6104082E-10  2.8480926E-01
  hg202    202   4.5876849E-09  7.2151485E-09  2.6274638E-09  3.5076075E-09  1.2773901E-09  4.3868744E-01
  tl203    203   1.9171593E-09  2.9565419E-09  1.0393827E-09  1.4373077E-09  5.0531512E-10  4.5398745E-01
  tl204    204   1.4311533E-20  1.4311533E-20  0.0000000E+00  6.9574791E-21  0.0000000E+00  0.0000000E+00
  tl205    205   2.0361020E-09  4.5415680E-09  2.5054661E-09  2.2078601E-09  1.2180786E-09  2.5829625E-01
  pb204    204   2.7170113E-09  4.0325601E-09  1.3155488E-09  1.9604085E-09  6.3957839E-10  4.8645279E-01
  pb205    205   0.0000000E+00  0.0000000E+00  0.0000000E+00  0.0000000E+00  0.0000000E+00  0.0000000E+00
  pb206    206   1.6054130E-08  2.8415084E-08  1.2360953E-08  1.3813848E-08  6.0095058E-09  3.6147591E-01
  pb207    207   1.8409455E-08  3.2154656E-08  1.3745201E-08  1.5631821E-08  6.6824839E-09  3.6907166E-01
  pb208    208   2.9296167E-08  6.8829635E-08  3.9533468E-08  3.3461177E-08  1.9219925E-08  2.4078952E-01
  bi209    209   1.8261259E-10  2.9320149E-09  2.7494023E-09  1.4253840E-09  1.3366728E-09  2.7906805E-02
  bi210    210   0.0000000E+00  0.0000000E+00  0.0000000E+00  0.0000000E+00  0.0000000E+00  0.0000000E+00
  po210    210   0.0000000E+00  0.0000000E+00  0.0000000E+00  0.0000000E+00  0.0000000E+00  0.0000000E+00
