  species    A      yield       mass(i)_lost    mass(i)_0        <X(i)>          X0(i)   log10(<X(i)>/X0(i)) 
      n      1   0.0000000E+00  0.0000000E+00  0.0000000E+00  0.0000000E+00  0.0000000E+00  0.0000000E+00
      p      1  -8.3324432E-02  1.6175185E+00  1.7008430E+00  6.3757139E-01  6.7046791E-01 -2.1849165E-02
      d      2  -2.4192870E-04  1.1899920E-07  2.4204771E-04  4.6905477E-08  9.5414587E-05 -3.3083911E+00
    he3      3  -5.4528681E-04  9.9430606E-04  1.5395929E-03  3.9192199E-04  6.0690352E-04 -1.8992005E-01
    he4      4   6.6377342E-02  8.2794881E-01  7.6157147E-01  3.2634956E-01  3.0020952E-01  3.6258556E-02
    li7      7  -3.7728586E-08  5.0260334E-09  4.2754621E-08  1.9810933E-09  1.6853761E-08 -9.2979193E-01
    be7      7   3.1405001E-17  3.1405001E-17  0.0000000E+00  1.2378794E-17  0.0000000E+00  0.0000000E+00
     b8      8   8.2915232E-29  8.2915232E-29  0.0000000E+00  3.2682393E-29  0.0000000E+00  0.0000000E+00
    c12     12   8.7675229E-03  2.1488508E-02  1.2720985E-02  8.4700463E-03  5.0145797E-03  2.2765122E-01
    c13     13   2.2292499E-04  3.7707467E-04  1.5414967E-04  1.4863015E-04  6.0765407E-05  3.8845050E-01
    c14     14   6.4337662E-08  6.4337662E-08  0.0000000E+00  2.5359741E-08  0.0000000E+00  0.0000000E+00
    n13     13   0.0000000E+00  0.0000000E+00  0.0000000E+00  0.0000000E+00  0.0000000E+00  0.0000000E+00
    n14     14   5.6580561E-03  9.4188992E-03  3.7608431E-03  3.7126131E-03  1.4825147E-03  3.9868072E-01
    n15     15  -4.2804750E-06  4.7220610E-06  9.0025360E-06  1.8612775E-06  3.5487767E-06 -2.8026754E-01
    o14     14   0.0000000E+00  0.0000000E+00  0.0000000E+00  0.0000000E+00  0.0000000E+00  0.0000000E+00
    o15     15   0.0000000E+00  0.0000000E+00  0.0000000E+00  0.0000000E+00  0.0000000E+00  0.0000000E+00
    o16     16  -1.4960747E-03  2.9639404E-02  3.1135479E-02  1.1682856E-02  1.2273526E-02 -2.1420311E-02
    o17     17   6.2676867E-05  7.5244672E-05  1.2567808E-05  2.9658917E-05  4.9541977E-06  7.7718198E-01
    o18     18  -2.0657626E-05  4.9565355E-05  7.0222981E-05  1.9536996E-05  2.7681719E-05 -1.5133530E-01
    o19     19   0.0000000E+00  0.0000000E+00  0.0000000E+00  0.0000000E+00  0.0000000E+00  0.0000000E+00
    f17     17   0.0000000E+00  0.0000000E+00  0.0000000E+00  0.0000000E+00  0.0000000E+00  0.0000000E+00
    f18     18   0.0000000E+00  0.0000000E+00  0.0000000E+00  0.0000000E+00  0.0000000E+00  0.0000000E+00
    f19     19   4.5192937E-06  6.5096224E-06  1.9903289E-06  2.5658742E-06  7.8458260E-07  5.1459670E-01
    f20     20   0.0000000E+00  0.0000000E+00  0.0000000E+00  0.0000000E+00  0.0000000E+00  0.0000000E+00
   ne19     19   0.0000000E+00  0.0000000E+00  0.0000000E+00  0.0000000E+00  0.0000000E+00  0.0000000E+00
   ne20     20   8.8238157E-06  6.3100662E-03  6.3012424E-03  2.4872157E-03  2.4839337E-03  5.7346135E-04
   ne21     21   1.6111389E-06  1.7470866E-05  1.5859727E-05  6.8864274E-06  6.2518634E-06  4.1984513E-02
   ne22     22   4.3377099E-03  4.8473617E-03  5.0965173E-04  1.9106668E-03  2.0090342E-04  9.7819763E-01
   ne23     23   0.0000000E+00  0.0000000E+00  0.0000000E+00  0.0000000E+00  0.0000000E+00  0.0000000E+00
   na21     21   0.0000000E+00  0.0000000E+00  0.0000000E+00  0.0000000E+00  0.0000000E+00  0.0000000E+00
   na22     22   4.0598247E-20  4.0598247E-20  0.0000000E+00  1.6002463E-20  0.0000000E+00  0.0000000E+00
   na23     23   1.1188099E-04  2.8244735E-04  1.7056636E-04  1.1133124E-04  6.7236826E-05  2.1900985E-01
   na24     24   0.0000000E+00  0.0000000E+00  0.0000000E+00  0.0000000E+00  0.0000000E+00  0.0000000E+00
   mg23     23   0.0000000E+00  0.0000000E+00  0.0000000E+00  0.0000000E+00  0.0000000E+00  0.0000000E+00
   mg24     24   8.8477973E-06  3.0146178E-03  3.0057700E-03  1.1882609E-03  1.1848669E-03  1.2422495E-03
   mg25     25   2.6562688E-05  4.2294158E-04  3.9637889E-04  1.6670933E-04  1.5625154E-04  2.8135613E-02
   mg26     26   7.6583237E-06  4.6152697E-04  4.5386865E-04  1.8191840E-04  1.7891386E-04  7.2326045E-03
   mg27     27   0.0000000E+00  0.0000000E+00  0.0000000E+00  0.0000000E+00  0.0000000E+00  0.0000000E+00
   al25     25   0.0000000E+00  0.0000000E+00  0.0000000E+00  0.0000000E+00  0.0000000E+00  0.0000000E+00
   al-6     26   0.0000000E+00  0.0000000E+00  0.0000000E+00  0.0000000E+00  0.0000000E+00  0.0000000E+00
   al*6     26   0.0000000E+00  0.0000000E+00  0.0000000E+00  0.0000000E+00  0.0000000E+00  0.0000000E+00
   al27     27   1.4542253E-05  3.0396529E-04  2.8942304E-04  1.1981289E-04  1.1408982E-04  2.1256676E-02
   al28     28   0.0000000E+00  0.0000000E+00  0.0000000E+00  0.0000000E+00  0.0000000E+00  0.0000000E+00
   si27     27   0.0000000E+00  0.0000000E+00  0.0000000E+00  0.0000000E+00  0.0000000E+00  0.0000000E+00
   si28     28   2.2961758E-06  3.3304042E-03  3.3281080E-03  1.3127333E-03  1.3119316E-03  2.6530190E-04
   si29     29   5.1183451E-07  1.7553999E-04  1.7502815E-04  6.9191956E-05  6.8995651E-05  1.2338863E-03
   si30     30   1.8086430E-06  1.2116974E-04  1.1936110E-04  4.7761034E-05  4.7051835E-05  6.4971494E-03
    p31     31   2.6678463E-06  3.5897901E-05  3.3230055E-05  1.4149745E-05  1.3099202E-05  3.3503775E-02
    p32     32   1.2909820E-26  1.2909820E-26  0.0000000E+00  5.0886166E-27  0.0000000E+00  0.0000000E+00
    p33     33   1.2889705E-25  1.2889705E-25  0.0000000E+00  5.0806879E-26  0.0000000E+00  0.0000000E+00
    s32     32  -2.9982766E-06  1.5918745E-03  1.5948728E-03  6.2746339E-04  6.2869478E-04 -8.5144705E-04
    s33     33   4.5364868E-07  1.3621067E-05  1.3167419E-05  5.3689664E-06  5.1905627E-06  1.4676244E-02
    s34     34   3.4383993E-07  7.6921933E-05  7.6578093E-05  3.0320038E-05  3.0186888E-05  1.9114012E-03
    s35     35   2.2067179E-20  2.2067179E-20  0.0000000E+00  8.6981394E-21  0.0000000E+00  0.0000000E+00
    s36     36   1.0325334E-07  4.8126390E-07  3.7801055E-07  1.8969803E-07  1.4901079E-07  1.0484512E-01
   cl35     35  -9.3499693E-08  1.6266451E-05  1.6359951E-05  6.4116875E-06  6.4490509E-06 -2.5234590E-03
   cl36     36   0.0000000E+00  0.0000000E+00  0.0000000E+00  0.0000000E+00  0.0000000E+00  0.0000000E+00
   cl37     37   1.2574769E-06  6.7851829E-06  5.5277060E-06  2.6744908E-06  2.1790077E-06  8.8982344E-02
   ar36     36  -1.7465209E-06  3.0291558E-04  3.0466210E-04  1.1939913E-04  1.2009701E-04 -2.5310619E-03
   ar37     37   3.9064487E-20  3.9064487E-20  0.0000000E+00  1.5397906E-20  0.0000000E+00  0.0000000E+00
   ar38     38   7.7194272E-07  5.9241745E-05  5.8469803E-05  2.3351102E-05  2.3048646E-05  5.6619858E-03
   ar39     39   3.9388302E-11  3.9388302E-11  0.0000000E+00  1.5525543E-11  0.0000000E+00  0.0000000E+00
   ar40     40   1.4898359E-07  2.4742127E-07  9.8437674E-08  9.7525138E-08  3.8803879E-08  4.0024143E-01
    k39     39   1.7278762E-07  1.6034264E-05  1.5861477E-05  6.3201674E-06  6.2525537E-06  4.6711252E-03
    k40     40  -2.5677145E-09  0.0000000E+00  2.5677145E-09  0.0000000E+00  1.0121863E-09  0.0000000E+00
    k41     41   1.4728516E-07  1.3505706E-06  1.2032855E-06  5.3234947E-07  4.7433201E-07  5.0114416E-02
   ca40     40  -1.2154342E-06  2.7340723E-04  2.7462267E-04  1.0776793E-04  1.0825555E-04 -1.9606217E-03
   ca41     41   0.0000000E+00  0.0000000E+00  0.0000000E+00  0.0000000E+00  0.0000000E+00  0.0000000E+00
   ca42     42   1.0191047E-07  2.0264015E-06  1.9244910E-06  7.9873928E-07  7.5862943E-07  2.2375356E-02
   ca43     43   2.0317771E-08  4.3144172E-07  4.1112395E-07  1.7005981E-07  1.6206401E-07  2.0915098E-02
   ca44     44   9.6089025E-08  6.5964164E-06  6.5003273E-06  2.6000853E-06  2.5624124E-06  6.3385516E-03
   ca45     45   1.4650416E-20  1.4650416E-20  0.0000000E+00  5.7747009E-21  0.0000000E+00  0.0000000E+00
   ca46     46   6.4267319E-08  7.7298161E-08  1.3030843E-08  3.0468335E-08  5.1367248E-09  7.7316242E-01
   ca47     47   3.5149114E-33  3.5149114E-33  0.0000000E+00  1.3854598E-33  0.0000000E+00  0.0000000E+00
   ca48     48  -6.9860562E-10  6.3500033E-07  6.3569894E-07  2.5029576E-07  2.5059089E-07 -5.1178230E-04
   sc45     45   2.1300352E-08  2.0469437E-07  1.8339402E-07  8.0683634E-08  7.2293453E-08  4.7686484E-02
   sc46     46   5.3937957E-22  5.3937957E-22  0.0000000E+00  2.1260528E-22  0.0000000E+00  0.0000000E+00
   sc47     47   9.8169008E-33  9.8169008E-33  0.0000000E+00  3.8694919E-33  0.0000000E+00  0.0000000E+00
   sc48     48  -1.0515577E-31  1.1553999E-28  1.1564515E-28  4.5541978E-29  4.5587021E-29  0.0000000E+00
   ti46     46   1.4278726E-08  1.1346930E-06  1.1204143E-06  4.4725778E-07  4.4166444E-07  5.4654568E-03
   ti47     47  -1.4844090E-09  1.0308939E-06  1.0323783E-06  4.0634370E-07  4.0696094E-07 -6.5919437E-04
   ti48     48  -8.5035026E-08  1.0362020E-05  1.0447055E-05  4.0843593E-06  4.1182020E-06 -3.5837218E-03
   ti49     49   8.8428294E-08  8.7106537E-07  7.8263707E-07  3.4334465E-07  3.0851351E-07  4.6456106E-02
   ti50     50   1.5499148E-07  9.1964728E-07  7.6465579E-07  3.6249401E-07  3.0142536E-07  8.0121025E-02
    v51     51  -1.6952868E-08  1.6681917E-06  1.6851445E-06  6.5754500E-07  6.6427958E-07 -4.4254153E-03
   cr52     52  -2.9946386E-07  6.8781766E-05  6.9081230E-05  2.7111457E-05  2.7231643E-05 -1.9209947E-03
   cr53     53  -3.5179255E-08  7.9486790E-06  7.9838583E-06  3.1331017E-06  3.1472164E-06 -1.9521187E-03
   cr54     54   2.0115294E-07  2.2260040E-06  2.0248510E-06  8.7741586E-07  7.9819102E-07  4.1098624E-02
   mn55     55   1.1961783E-06  6.1525207E-05  6.0329028E-05  2.4251165E-05  2.3781547E-05  8.4924959E-03
   fe54     54  -4.4493354E-06  3.9306356E-04  3.9751289E-04  1.5493242E-04  1.5669856E-04 -4.9227015E-03
   fe55     55   1.2880621E-15  1.2880621E-15  0.0000000E+00  5.0771075E-16  0.0000000E+00  0.0000000E+00
   fe56     56  -3.3316202E-05  6.4378073E-03  6.4711235E-03  2.5375669E-03  2.5509002E-03 -2.2759717E-03
   fe57     57   1.0729374E-05  1.6285099E-04  1.5212162E-04  6.4190383E-05  5.9965951E-05  2.9565254E-02
   fe58     58   8.6247492E-06  2.9223227E-05  2.0598478E-05  1.1518812E-05  8.1198668E-06  1.5185878E-01
   fe59     59   8.2989003E-21  8.2989003E-21  0.0000000E+00  3.2711473E-21  0.0000000E+00  0.0000000E+00
   fe60     60   0.0000000E+00  0.0000000E+00  0.0000000E+00  0.0000000E+00  0.0000000E+00  0.0000000E+00
   co59     59   2.3708089E-06  1.8257519E-05  1.5886710E-05  7.1964996E-06  6.2625008E-06  6.0373530E-02
   co60     60   4.6876911E-14  4.6876911E-14  0.0000000E+00  1.8477300E-14  0.0000000E+00  0.0000000E+00
   ni58     58  -2.5734917E-06  2.2473122E-04  2.2730471E-04  8.8581488E-05  8.9602931E-05 -4.9792300E-03
   ni59     59   0.0000000E+00  0.0000000E+00  0.0000000E+00  0.0000000E+00  0.0000000E+00  0.0000000E+00
   ni60     60   1.2495293E-06  9.1823225E-05  9.0573696E-05  3.6193625E-05  3.5703917E-05  5.9162425E-03
   ni61     61   9.4815005E-07  4.9509417E-06  4.0027917E-06  1.9514946E-06  1.5778902E-06  9.2290588E-02
   ni62     62   1.3258850E-06  1.4297772E-05  1.2971887E-05  5.6357007E-06  5.1134848E-06  4.2230967E-02
   ni63     63   0.0000000E+00  0.0000000E+00  0.0000000E+00  0.0000000E+00  0.0000000E+00  0.0000000E+00
   ni64     64   4.2403308E-06  7.6503838E-06  3.4100528E-06  3.0155238E-06  1.3442341E-06  3.5088786E-01
   cu63     63   4.9758978E-07  3.3121978E-06  2.8146080E-06  1.3055569E-06  1.1095112E-06  7.0664123E-02
   cu64     64   0.0000000E+00  0.0000000E+00  0.0000000E+00  0.0000000E+00  0.0000000E+00  0.0000000E+00
   cu65     65   1.0636056E-06  2.3579712E-06  1.2943656E-06  9.2943287E-07  5.1023562E-07  2.6044726E-01
   zn64     64   2.2647646E-07  5.0487065E-06  4.8222300E-06  1.9900301E-06  1.9009107E-06  1.9897943E-02
   zn65     65   1.4035605E-18  1.4035605E-18  0.0000000E+00  5.5323628E-19  0.0000000E+00  0.0000000E+00
   zn66     66   1.1480336E-06  4.0011696E-06  2.8531360E-06  1.5771265E-06  1.1246990E-06  1.4683019E-01
   zn67     67   2.5541380E-07  6.8103270E-07  4.2561891E-07  2.6844017E-07  1.6777788E-07  2.0411281E-01
   zn68     68   1.5001854E-06  3.4756815E-06  1.9754962E-06  1.3699967E-06  7.7873545E-07  2.4532959E-01
   zn69     69   0.0000000E+00  0.0000000E+00  0.0000000E+00  0.0000000E+00  0.0000000E+00  0.0000000E+00
   zn70     70   6.5819918E-09  7.3827231E-08  6.7245239E-08  2.9100210E-08  2.6507900E-08  4.0520828E-02
   ga69     69   2.5103861E-07  4.3215553E-07  1.8111693E-07  1.7034117E-07  7.1395824E-08  3.7764680E-01
   ga70     70   0.0000000E+00  0.0000000E+00  0.0000000E+00  0.0000000E+00  0.0000000E+00  0.0000000E+00
   ga71     71   2.9613722E-07  4.1982054E-07  1.2368332E-07  1.6547912E-07  4.8755648E-08  5.3071833E-01
   ge70     70   4.6330985E-07  6.6475059E-07  2.0144073E-07  2.6202230E-07  7.9407421E-08  5.1847714E-01
   ge71     71   6.3659645E-26  6.3659645E-26  0.0000000E+00  2.5092490E-26  0.0000000E+00  0.0000000E+00
   ge72     72   5.3197471E-07  8.0579315E-07  2.7381844E-07  3.1761655E-07  1.0793853E-07  4.6872663E-01
   ge73     73   1.5396380E-07  2.3188720E-07  7.7923403E-08  9.1402129E-08  3.0717207E-08  4.7357458E-01
   ge74     74   6.9778230E-07  1.0685128E-06  3.7073048E-07  4.2117179E-07  1.4614099E-07  4.5968723E-01
   as75     75   6.3887981E-08  1.1824134E-07  5.4353354E-08  4.6606758E-08  2.1425953E-08  3.3750877E-01
   se76     76   2.3832767E-07  2.9491446E-07  5.6586789E-08  1.1624535E-07  2.2306367E-08  7.1694678E-01
   se77     77   9.6343058E-08  1.4302911E-07  4.6686054E-08  5.6377264E-08  1.8403522E-08  4.8620301E-01
   se78     78   6.4583242E-07  7.9316271E-07  1.4733027E-07  3.1263804E-07  5.8077209E-08  7.3103607E-01
   se79     79   0.0000000E+00  0.0000000E+00  0.0000000E+00  0.0000000E+00  0.0000000E+00  0.0000000E+00
   se80     80   8.2906695E-07  1.1444388E-06  3.1537184E-07  4.5109925E-07  1.2431876E-07  5.5973542E-01
   br79     79   1.4189908E-07  1.9233268E-07  5.0433595E-08  7.5811066E-08  1.9880794E-08  5.8129889E-01
   br80     80   0.0000000E+00  0.0000000E+00  0.0000000E+00  0.0000000E+00  0.0000000E+00  0.0000000E+00
   br81     81   1.1251863E-07  1.6282050E-07  5.0301871E-08  6.4178359E-08  1.9828869E-08  5.1009065E-01
   kr80     80   2.7829987E-09  1.4802019E-08  1.2019020E-08  5.8344578E-09  4.7378670E-09  9.0417661E-02
   kr81     81   0.0000000E+00  0.0000000E+00  0.0000000E+00  0.0000000E+00  0.0000000E+00  0.0000000E+00
   kr82     82   4.8421498E-07  5.4594568E-07  6.1730695E-08  2.1519341E-07  2.4334081E-08  9.4661403E-01
   kr83     83   1.6149934E-07  2.2339711E-07  6.1897758E-08  8.8055621E-08  2.4399938E-08  5.5736840E-01
   kr84     84   1.0303509E-06  1.3390797E-06  3.0872889E-07  5.2782019E-07  1.2170013E-07  6.3719493E-01
   kr-5     85   8.6244861E-15  8.6244861E-15  0.0000000E+00  3.3994822E-15  0.0000000E+00  0.0000000E+00
   kr*5     85   0.0000000E+00  0.0000000E+00  0.0000000E+00  0.0000000E+00  0.0000000E+00  0.0000000E+00
   kr86     86   1.4075182E-07  2.3633763E-07  9.5585804E-08  9.3156338E-08  3.7679676E-08  3.9310524E-01
   rb85     85   1.7497761E-07  2.2508355E-07  5.0105943E-08  8.8720363E-08  1.9751633E-08  6.5242028E-01
   rb86     86   4.7709807E-24  4.7709807E-24  0.0000000E+00  1.8805600E-24  0.0000000E+00  0.0000000E+00
   rb87     87   2.4765601E-08  4.5872120E-08  2.1106519E-08  1.8081247E-08  8.3201357E-09  3.3709797E-01
   sr86     86   3.7745613E-07  4.0083791E-07  2.3381768E-08  1.5799681E-07  9.2170325E-09  1.2340572E+00
   sr87     87   2.5078035E-07  2.6731095E-07  1.6530610E-08  1.0536498E-07  6.5163239E-09  1.2086936E+00
   sr88     88   2.7022770E-06  2.9027444E-06  2.0046734E-07  1.1441641E-06  7.9023707E-08  1.1607310E+00
   sr89     89   1.0613759E-22  1.0613759E-22  0.0000000E+00  4.1835865E-23  0.0000000E+00  0.0000000E+00
   sr90     90   2.6598866E-14  2.6598866E-14  0.0000000E+00  1.0484378E-14  0.0000000E+00  0.0000000E+00
    y89     89   6.2691583E-07  6.7473002E-07  4.7814176E-08  2.6595586E-07  1.8848224E-08  1.1495391E+00
    y90     90   6.7266485E-18  6.7266485E-18  0.0000000E+00  2.6514185E-18  0.0000000E+00  0.0000000E+00
    y91     91   1.1514658E-26  1.1514658E-26  0.0000000E+00  4.5386908E-27  0.0000000E+00  0.0000000E+00
   zr90     90   6.0401993E-07  6.6100984E-07  5.6989911E-08  2.6054784E-07  2.2465278E-08  1.0643756E+00
   zr91     91   1.4009150E-07  1.5265775E-07  1.2566252E-08  6.0172546E-08  4.9535838E-09  1.0844789E+00
   zr92     92   2.0248000E-07  2.2189863E-07  1.9418630E-08  8.7464976E-08  7.6547746E-09  1.0579017E+00
   zr93     93   0.0000000E+00  0.0000000E+00  0.0000000E+00  0.0000000E+00  0.0000000E+00  0.0000000E+00
   zr94     94   2.4873648E-07  2.6884334E-07  2.0106842E-08  1.0596899E-07  7.9260651E-09  1.1261212E+00
   zr95     95   4.1284166E-22  4.1284166E-22  0.0000000E+00  1.6272828E-22  0.0000000E+00  0.0000000E+00
   zr96     96   2.1471185E-09  5.4553850E-09  3.3082665E-09  2.1503292E-09  1.3041102E-09  2.1719068E-01
   nb93     93   6.9089978E-08  7.7772555E-08  8.6825764E-09  3.0655325E-08  3.4226495E-09  9.5214349E-01
   nb94     94   7.5789991E-12  7.5789991E-12  0.0000000E+00  2.9873864E-12  0.0000000E+00  0.0000000E+00
   nb95     95   4.6600707E-22  4.6600707E-22  0.0000000E+00  1.8368431E-22  0.0000000E+00  0.0000000E+00
   mo94     94   2.3641511E-10  2.9577030E-09  2.7212879E-09  1.1658270E-09  1.0727247E-09  3.6145810E-02
   mo95     95   2.9394121E-08  3.4153981E-08  4.7598601E-09  1.3462350E-08  1.8763244E-09  8.5581297E-01
   mo96     96   5.4319855E-08  5.9383026E-08  5.0631708E-09  2.3406791E-08  1.9958890E-09  1.0692055E+00
   mo97     97   1.7593822E-08  2.0539362E-08  2.9455403E-09  8.0959257E-09  1.1611244E-09  8.4338772E-01
   mo98     98   6.3305293E-08  7.0866960E-08  7.5616686E-09  2.7933371E-08  2.9807905E-09  9.7179192E-01
   tc99     99   0.0000000E+00  0.0000000E+00  0.0000000E+00  0.0000000E+00  0.0000000E+00  0.0000000E+00
   ru99     99   8.0516935E-09  1.0692046E-08  2.6403530E-09  4.2144448E-09  1.0408203E-09  6.0736465E-01
  ru100    100   3.1194030E-08  3.3827543E-08  2.6335143E-09  1.3333679E-08  1.0381246E-09  1.1087005E+00
  ru101    101   6.6150845E-09  1.0216419E-08  3.6013341E-09  4.0269685E-09  1.4196366E-09  4.5280105E-01
  ru102    102   4.1604480E-08  4.8330556E-08  6.7260770E-09  1.9050278E-08  2.6514024E-09  8.5642564E-01
  rh103    103   6.8142136E-09  1.1109690E-08  4.2954764E-09  4.3790660E-09  1.6932657E-09  4.1265637E-01
  pd104    104   2.2764407E-08  2.4644089E-08  1.8796824E-09  9.7138706E-09  7.4096596E-10  1.1175940E+00
  pd105    105   5.6267111E-09  9.4306465E-09  3.8039354E-09  3.7172434E-09  1.4995014E-09  3.9427412E-01
  pd106    106   2.6076357E-08  3.0776526E-08  4.7001700E-09  1.2131071E-08  1.8527950E-09  8.1607175E-01
  pd107    107   0.0000000E+00  0.0000000E+00  0.0000000E+00  0.0000000E+00  0.0000000E+00  0.0000000E+00
  pd108    108   3.2352151E-08  3.6988567E-08  4.6364166E-09  1.4579649E-08  1.8276636E-09  9.0185082E-01
  ag107    107   5.0408668E-09  8.2338438E-09  3.1929770E-09  3.2455041E-09  1.2586634E-09  4.1137257E-01
  ag108    108   0.0000000E+00  0.0000000E+00  0.0000000E+00  0.0000000E+00  0.0000000E+00  0.0000000E+00
  ag109    109   7.9654230E-09  1.0987311E-08  3.0218876E-09  4.3308281E-09  1.1912203E-09  5.6057882E-01
  cd108    108   2.4529739E-11  2.0358189E-10  1.7905215E-10  8.0245130E-11  7.0581894E-11  5.5725392E-02
  cd109    109   7.6817791E-22  7.6817791E-22  0.0000000E+00  3.0278988E-22  0.0000000E+00  0.0000000E+00
  cd110    110   2.7546216E-08  3.0105532E-08  2.5593170E-09  1.1866588E-08  1.0088761E-09  1.0704880E+00
  cd111    111   8.9614645E-09  1.1608154E-08  2.6466886E-09  4.5755435E-09  1.0433179E-09  6.4202607E-01
  cd112    112   3.3525968E-08  3.8560422E-08  5.0344542E-09  1.5199221E-08  1.9845690E-09  8.8415515E-01
  cd113    113   9.7098720E-09  1.2282161E-08  2.5722895E-09  4.8412145E-09  1.0139899E-09  6.7892069E-01
  cd114    114   4.6586759E-08  5.2687831E-08  6.1010708E-09  2.0767770E-08  2.4050264E-09  9.3627000E-01
  in115    115   8.8210088E-09  1.1121521E-08  2.3005118E-09  4.3837289E-09  9.0685587E-10  6.8430543E-01
  sn116    116   6.3071383E-08  7.0268925E-08  7.1975412E-09  2.7697645E-08  2.8372522E-09  9.8954493E-01
  sn117    117   1.8342387E-08  2.2176824E-08  3.8344359E-09  8.7413579E-09  1.5115248E-09  7.6216364E-01
  sn118    118   8.1582037E-08  9.3274728E-08  1.1692691E-08  3.6765758E-08  4.6092290E-09  9.0181530E-01
  sn119    119   2.3636181E-08  2.7998361E-08  4.3621800E-09  1.1036012E-08  1.7195600E-09  8.0739480E-01
  sn120    120   1.2201647E-07  1.3870037E-07  1.6683899E-08  5.4671020E-08  6.5767498E-09  9.1974586E-01
  sb121    121   8.7490974E-09  1.1322022E-08  2.5729243E-09  4.4627599E-09  1.0142401E-09  6.4346272E-01
  te122    122   1.5680563E-08  1.7390851E-08  1.7102880E-09  6.8548882E-09  6.7419115E-10  1.0072173E+00
  te123    123   5.7728822E-09  6.3747017E-09  6.0181965E-10  2.5126929E-09  2.3723576E-10  1.0249593E+00
  te124    124   3.0029970E-08  3.3261216E-08  3.2312464E-09  1.3110452E-08  1.2737490E-09  1.0125338E+00
  te125    125   9.9817647E-09  1.4840274E-08  4.8585092E-09  5.8495364E-09  1.9152118E-09  4.8490465E-01
  te126    126   5.4327401E-08  6.7377691E-08  1.3050289E-08  2.6558018E-08  5.1443902E-09  7.1286178E-01
   i127    127   6.6886177E-09  2.3055826E-08  1.6367208E-08  9.0878309E-09  6.4519119E-09  1.4877181E-01
   i128    128   0.0000000E+00  0.0000000E+00  0.0000000E+00  0.0000000E+00  0.0000000E+00  0.0000000E+00
   i129    129   8.3323097E-12  8.3323097E-12  0.0000000E+00  3.2843160E-12  0.0000000E+00  0.0000000E+00
  xe128    128   1.7310002E-08  1.9077758E-08  1.7677555E-09  7.5198106E-09  6.9684469E-10  1.0330709E+00
  xe129    129   6.1906551E-09  2.8383031E-08  2.2192376E-08  1.1187636E-08  8.7481773E-09  1.0682073E-01
  xe130    130   3.5467920E-08  3.9058804E-08  3.5908858E-09  1.5395667E-08  1.4155179E-09  1.0364832E+00
  xe131    131   1.2936043E-08  3.0873281E-08  1.7937237E-08  1.2169209E-08  7.0708124E-09  2.3579304E-01
  xe132    132   6.5273305E-08  8.7364540E-08  2.2091237E-08  3.4436162E-08  8.7083096E-09  5.9708095E-01
  xe133    133   1.2503426E-30  1.2503426E-30  0.0000000E+00  4.9284298E-31  0.0000000E+00  0.0000000E+00
  xe134    134   5.6485572E-10  8.8452401E-09  8.2803844E-09  3.4864960E-09  3.2641059E-09  2.8624944E-02
  cs133    133   8.5270173E-09  1.4334929E-08  5.8079115E-09  5.6503464E-09  2.2894637E-09  3.9234132E-01
  cs134    134   2.0191328E-19  2.0191328E-19  0.0000000E+00  7.9587415E-20  0.0000000E+00  0.0000000E+00
  cs135    135   0.0000000E+00  0.0000000E+00  0.0000000E+00  0.0000000E+00  0.0000000E+00  0.0000000E+00
  cs136    136   4.7668764E-28  4.7668764E-28  0.0000000E+00  1.8789423E-28  0.0000000E+00  0.0000000E+00
  cs137    137   0.0000000E+00  0.0000000E+00  0.0000000E+00  0.0000000E+00  0.0000000E+00  0.0000000E+00
  ba134    134   2.3625706E-08  2.5406250E-08  1.7805445E-09  1.0014289E-08  7.0188605E-10  1.1543535E+00
  ba135    135   1.1014364E-08  1.5906851E-08  4.8924873E-09  6.2699455E-09  1.9286059E-09  5.1202029E-01
  ba136    136   6.2355134E-08  6.8227422E-08  5.8722844E-09  2.6892954E-08  2.3148394E-09  1.0651176E+00
  ba137    137   4.7954192E-08  5.6413697E-08  8.4595060E-09  2.2236382E-08  3.3347154E-09  8.2400537E-01
  ba138    138   4.2050090E-07  4.7489553E-07  5.4394629E-08  1.8718784E-07  2.1442224E-08  9.4100779E-01
  la139    139   4.5900187E-08  5.3361088E-08  7.4609021E-09  2.1033145E-08  2.9410685E-09  8.5439909E-01
  ce140    140   1.1076383E-07  1.2786390E-07  1.7100072E-08  5.0399645E-08  6.7408044E-09  8.7371576E-01
  ce141    141   1.4498219E-24  1.4498219E-24  0.0000000E+00  5.7147100E-25  0.0000000E+00  0.0000000E+00
  ce142    142   3.8556069E-10  2.5648974E-09  2.1793367E-09  1.0109963E-09  8.5908897E-10  7.0711419E-02
  pr141    141   9.3286712E-09  1.2275723E-08  2.9470515E-09  4.8386766E-09  1.1617202E-09  6.1962503E-01
  nd142    142   2.7808090E-08  3.1739454E-08  3.9313637E-09  1.2510625E-08  1.5497336E-09  9.0702200E-01
  nd143    143   3.7241326E-09  5.4841416E-09  1.7600091E-09  2.1616640E-09  6.9379108E-10  4.9355945E-01
  nd144    144   1.1486720E-08  1.4984636E-08  3.4979160E-09  5.9064393E-09  1.3788695E-09  6.3180262E-01
  nd145    145   2.0967725E-09  3.3975023E-09  1.3007297E-09  1.3391811E-09  5.1274435E-10  4.1693845E-01
  nd146    146   1.0705434E-08  1.3265645E-08  2.5602107E-09  5.2288707E-09  1.0092285E-09  7.1441841E-01
  nd147    147   9.0114127E-28  9.0114127E-28  0.0000000E+00  3.5519957E-28  0.0000000E+00  0.0000000E+00
  nd148    148   4.0098752E-10  1.2669958E-09  8.6600832E-10  4.9940713E-10  3.4137826E-10  1.6521886E-01
  pm147    147   2.5110142E-20  2.5110142E-20  0.0000000E+00  9.8975731E-21  0.0000000E+00  0.0000000E+00
  pm148    148   9.9133878E-36  9.9133878E-36  0.0000000E+00  3.9075240E-36  0.0000000E+00  0.0000000E+00
  sm147    147   1.2131632E-09  1.9102449E-09  6.9708161E-10  7.5295425E-10  2.7478778E-10  4.3777120E-01
  sm148    148   3.2780600E-09  3.8043151E-09  5.2625504E-10  1.4995329E-09  2.0744838E-10  8.5904598E-01
  sm149    149   4.5634213E-10  1.1077594E-09  6.5141731E-10  4.3664150E-10  2.5678701E-10  2.3055199E-01
  sm150    150   2.2369835E-09  2.5871845E-09  3.5020101E-10  1.0197810E-09  1.3804835E-10  8.6847568E-01
  sm151    151   2.5567058E-14  2.5567058E-14  0.0000000E+00  1.0077674E-14  0.0000000E+00  0.0000000E+00
  sm152    152   1.8291509E-09  3.1154248E-09  1.2862739E-09  1.2279956E-09  5.0704585E-10  3.8414958E-01
  eu151    151   3.0712649E-10  1.1556531E-09  8.4852664E-10  4.5551957E-10  3.3448702E-10  1.3412777E-01
  eu152    152   2.9166132E-18  2.9166132E-18  0.0000000E+00  1.1496308E-18  0.0000000E+00  0.0000000E+00
  eu153    153   3.2687686E-10  1.2654102E-09  9.3853336E-10  4.9878213E-10  3.6996742E-10  1.2974741E-01
  eu154    154   1.1808146E-18  1.1808146E-18  0.0000000E+00  4.6543737E-19  0.0000000E+00  0.0000000E+00
  eu155    155   4.7300078E-21  4.7300078E-21  0.0000000E+00  1.8644100E-21  0.0000000E+00  0.0000000E+00
  gd152    152   4.0232271E-12  1.6412512E-11  1.2389285E-11  6.4692600E-12  4.8838242E-12  1.2209459E-01
  gd153    153   2.6670476E-22  2.6670476E-22  0.0000000E+00  1.0512604E-22  0.0000000E+00  0.0000000E+00
  gd154    154   8.2177559E-10  9.5859287E-10  1.3681728E-10  3.7784506E-10  5.3933018E-11  8.4545904E-01
  gd155    155   3.0261238E-10  1.2375174E-09  9.3490504E-10  4.8778770E-10  3.6853717E-10  1.2174954E-01
  gd156    156   1.3363146E-09  2.6377063E-09  1.3013917E-09  1.0396950E-09  5.1300519E-10  3.0678421E-01
  gd157    157   6.3345307E-10  1.6347845E-09  1.0013315E-09  6.4437705E-10  3.9472228E-10  2.1284841E-01
  gd158    158   2.6897518E-09  4.2892356E-09  1.5994839E-09  1.6906724E-09  6.3051242E-10  4.2836583E-01
  gd159    159   0.0000000E+00  0.0000000E+00  0.0000000E+00  0.0000000E+00  0.0000000E+00  0.0000000E+00
  gd160    160   1.4360735E-11  1.4397789E-09  1.4254181E-09  5.6751237E-10  5.6189614E-10  4.3192683E-03
  tb159    159   5.5694982E-10  1.7635698E-09  1.2066200E-09  6.9513989E-10  4.7564652E-10  1.6478789E-01
  tb160    160   8.8636028E-22  8.8636028E-22  0.0000000E+00  3.4937339E-22  0.0000000E+00  0.0000000E+00
  tb161    161   9.1243451E-30  9.1243451E-30  0.0000000E+00  3.5965098E-30  0.0000000E+00  0.0000000E+00
  dy160    160   9.9706376E-10  1.1796459E-09  1.8258220E-10  4.6497672E-10  7.1973427E-11  8.1025904E-01
  dy161    161   4.1942683E-10  1.9095017E-09  1.4900748E-09  7.5266132E-10  5.8738370E-10  1.0767772E-01
  dy162    162   2.0039275E-09  4.0259955E-09  2.0220681E-09  1.5869119E-09  7.9709406E-10  2.9904327E-01
  dy163    163   8.3294038E-10  2.8212703E-09  1.9883299E-09  1.1120498E-09  7.8379458E-10  1.5192199E-01
  dy164    164   4.1701584E-09  6.4410073E-09  2.2708486E-09  2.5388283E-09  8.9516272E-10  4.5273134E-01
  ho165    165   7.4414264E-10  2.5128390E-09  1.7686964E-09  9.9047659E-10  6.9721562E-10  1.5247710E-01
  er166    166   1.7274571E-09  3.4076746E-09  1.6802175E-09  1.3431907E-09  6.6233746E-10  3.0705833E-01
  er167    167   6.8635830E-10  1.8401574E-09  1.1537991E-09  7.2532813E-10  4.5482462E-10  2.0269056E-01
  er168    168   2.7053928E-09  4.0746495E-09  1.3692566E-09  1.6060897E-09  5.3975746E-10  4.7357112E-01
  er169    169   2.2837518E-28  2.2837518E-28  0.0000000E+00  9.0017809E-29  0.0000000E+00  0.0000000E+00
  er170    170   3.4593856E-10  1.1116936E-09  7.6575507E-10  4.3819220E-10  3.0185868E-10  1.6186100E-01
  tm169    169   6.5415112E-10  1.4633660E-09  8.0921486E-10  5.7680960E-10  3.1899042E-10  2.5725487E-01
  tm170    170   5.3056477E-22  5.3056477E-22  0.0000000E+00  2.0913077E-22  0.0000000E+00  0.0000000E+00
  tm171    171   4.9164656E-20  4.9164656E-20  0.0000000E+00  1.9379053E-20  0.0000000E+00  0.0000000E+00
  yb170    170   9.1829550E-10  1.0713472E-09  1.5305174E-10  4.2228904E-10  6.0332607E-11  8.4505773E-01
  yb171    171   1.0396286E-09  1.7675204E-09  7.2789169E-10  6.9669703E-10  2.8693303E-10  3.8526344E-01
  yb172    172   2.8164284E-09  3.9435126E-09  1.1270841E-09  1.5543999E-09  4.4429369E-10  5.4389262E-01
  yb173    173   1.2618872E-09  2.1033424E-09  8.4145524E-10  8.2906676E-10  3.3169947E-10  3.9784473E-01
  yb174    174   6.0195235E-09  7.7032833E-09  1.6837598E-09  3.0363752E-09  6.6373379E-10  6.6036153E-01
  lu175    175   7.7811207E-10  1.5380461E-09  7.5993406E-10  6.0624605E-10  2.9956407E-10  3.0615923E-01
  lu176    176   5.9921934E-10  6.2140149E-10  2.2182161E-11  2.4493554E-10  8.7441504E-12  1.4473342E+00
  lu177    177   3.1646256E-30  3.1646256E-30  0.0000000E+00  1.2473889E-30  0.0000000E+00  0.0000000E+00
  hf176    176  -4.6603554E-12  1.6602182E-10  1.7068218E-10  6.5440216E-11  6.7282471E-11 -1.2057199E-02
  hf177    177   6.2967204E-10  1.2431384E-09  6.1346633E-10  4.9000332E-10  2.4182686E-10  3.0669448E-01
  hf178    178   2.9653437E-09  3.8704759E-09  9.0513225E-10  1.5256114E-09  3.5680081E-10  6.3101810E-01
  hf179    179   1.0342378E-09  1.4886875E-09  4.5444973E-10  5.8679051E-10  1.7914291E-10  5.1528347E-01
  hf180    180   5.8650169E-09  7.0419190E-09  1.1769021E-09  2.7756875E-09  4.6393178E-10  7.7691644E-01
  hf181    181   1.9890700E-23  1.9890700E-23  0.0000000E+00  7.8402448E-24  0.0000000E+00  0.0000000E+00
  hf182    182   5.3188659E-10  5.3188659E-10  0.0000000E+00  2.0965180E-10  0.0000000E+00  0.0000000E+00
  ta181    181   1.3660931E-09  1.8647224E-09  4.9862925E-10  7.3501083E-10  1.9655837E-10  5.7280219E-01
  ta182    182   4.8799901E-18  4.8799901E-18  0.0000000E+00  1.9235279E-18  0.0000000E+00  0.0000000E+00
  ta183    183   1.4139528E-33  1.4139528E-33  0.0000000E+00  5.5733264E-34  0.0000000E+00  0.0000000E+00
   w182    182   2.7535250E-09  3.5360481E-09  7.8252327E-10  1.3937912E-09  3.0846867E-10  6.5498668E-01
   w183    183   1.5743801E-09  1.9992514E-09  4.2487133E-10  7.8803764E-10  1.6748318E-10  6.7257577E-01
   w184    184   3.8694417E-09  4.7841113E-09  9.1466962E-10  1.8857358E-09  3.6056041E-10  7.1850276E-01
   w185    185   2.6235302E-22  2.6235302E-22  0.0000000E+00  1.0341073E-22  0.0000000E+00  0.0000000E+00
   w186    186   1.0610434E-09  1.9189841E-09  8.5794072E-10  7.5639894E-10  3.3819803E-10  3.4957984E-01
  re185    185   7.3197981E-10  1.1680413E-09  4.3606149E-10  4.6040258E-10  1.7189432E-10  4.2787623E-01
  re186    186   3.8841709E-33  3.8841709E-33  0.0000000E+00  1.5310095E-33  0.0000000E+00  0.0000000E+00
  re187    187   2.0015950E-10  9.9535102E-10  7.9519152E-10  3.9233389E-10  3.1346245E-10  9.7470284E-02
  os186    186   1.6329030E-09  1.8745949E-09  2.4169186E-10  7.3890222E-10  9.5274309E-11  8.8961112E-01
  os187    187   4.8673143E-10  6.7999656E-10  1.9326511E-10  2.6803176E-10  7.6184607E-11  5.4631901E-01
  os188    188   2.9190323E-09  4.9578981E-09  2.0388657E-09  1.9542366E-09  8.0371565E-10  3.8587469E-01
  os189    189   5.4552340E-10  3.0446057E-09  2.4990823E-09  1.2000811E-09  9.8513175E-10  8.5716292E-02
  os190    190   3.0754861E-09  7.1610020E-09  4.0855159E-09  2.8226259E-09  1.6104998E-09  2.4369264E-01
  os191    191   6.3540182E-26  6.3540182E-26  0.0000000E+00  2.5045402E-26  0.0000000E+00  0.0000000E+00
  os192    192   3.6680081E-10  6.7786230E-09  6.4118222E-09  2.6719051E-09  2.5275240E-09  2.4125746E-02
  ir191    191   4.6085047E-10  5.8671197E-09  5.4062692E-09  2.3126212E-09  2.1311375E-09  3.5493024E-02
  ir192    192   4.4913750E-21  4.4913750E-21  0.0000000E+00  1.7703489E-21  0.0000000E+00  0.0000000E+00
  ir193    193   4.5124349E-10  9.6342703E-09  9.1830268E-09  3.7975050E-09  3.6199255E-09  2.0798743E-02
  pt192    192   9.1480545E-10  1.1421462E-09  2.2734067E-10  4.5019558E-10  8.9617105E-11  7.0101035E-01
  pt193    193   3.5110157E-15  3.5110157E-15  0.0000000E+00  1.3839243E-15  0.0000000E+00  0.0000000E+00
  pt194    194   2.3463045E-09  1.2029996E-08  9.6836912E-09  4.7418194E-09  3.8172860E-09  9.4190322E-02
  pt195    195   8.0159523E-10  1.0790632E-08  9.9890372E-09  4.2533044E-09  3.9376529E-09  3.3489060E-02
  pt196    196   4.5804347E-09  1.2071698E-08  7.4912636E-09  4.7582573E-09  2.9530367E-09  2.0717908E-01
  au197    197   1.4172605E-09  5.9320002E-09  4.5147397E-09  2.3381950E-09  1.7796988E-09  1.1853422E-01
  hg198    198   4.9228683E-09  5.9834329E-09  1.0605644E-09  2.3584679E-09  4.1807177E-10  7.5137913E-01
  hg199    199   2.0400690E-09  3.8436476E-09  1.8035785E-09  1.5150365E-09  7.1096595E-10  3.2857433E-01
  hg200    200   6.6944335E-09  9.1764960E-09  2.4820628E-09  3.6170660E-09  9.7842279E-10  5.6782991E-01
  hg201    201   2.6777427E-09  4.1009911E-09  1.4232484E-09  1.6164727E-09  5.6104082E-10  4.5957392E-01
  hg202    202   1.0934245E-08  1.4174728E-08  3.2404832E-09  5.5872009E-09  1.2773901E-09  6.4087075E-01
  tl203    203   4.9210054E-09  6.2028889E-09  1.2818834E-09  2.4449700E-09  5.0531512E-10  6.8471122E-01
  tl204    204   1.2190689E-20  1.2190689E-20  0.0000000E+00  4.8051592E-21  0.0000000E+00  0.0000000E+00
  tl205    205   5.4509561E-09  8.5409777E-09  3.0900216E-09  3.3665659E-09  1.2180786E-09  4.4151181E-01
  pb204    204   6.2383125E-09  7.8607947E-09  1.6224823E-09  3.0984608E-09  6.3957839E-10  6.8525219E-01
  pb205    205   0.0000000E+00  0.0000000E+00  0.0000000E+00  0.0000000E+00  0.0000000E+00  0.0000000E+00
  pb206    206   3.7076596E-08  5.2321511E-08  1.5244913E-08  2.0623379E-08  6.0095058E-09  5.3552103E-01
  pb207    207   4.1996369E-08  5.8948494E-08  1.6952125E-08  2.3235513E-08  6.6824839E-09  5.4121435E-01
  pb208    208   6.4834524E-08  1.1359162E-07  4.8757105E-08  4.4773994E-08  1.9219925E-08  3.6727414E-01
  bi209    209   4.5937010E-10  3.8502415E-09  3.3908714E-09  1.5176356E-09  1.3366728E-09  5.5142395E-02
  bi210    210   0.0000000E+00  0.0000000E+00  0.0000000E+00  0.0000000E+00  0.0000000E+00  0.0000000E+00
  po210    210   0.0000000E+00  0.0000000E+00  0.0000000E+00  0.0000000E+00  0.0000000E+00  0.0000000E+00
