  species    A      yield       mass(i)_lost    mass(i)_0        <X(i)>          X0(i)   log10(<X(i)>/X0(i)) 
      n      1   0.0000000E+00  0.0000000E+00  0.0000000E+00  0.0000000E+00  0.0000000E+00  0.0000000E+00
      p      1  -7.4984431E-02  1.4729918E+00  1.5479763E+00  6.3793498E-01  6.7046791E-01 -2.1601574E-02
      d      2  -2.1638205E-04  3.9111437E-06  2.2029319E-04  1.6938691E-06  9.5414587E-05 -1.7507349E+00
    he3      3  -4.7042844E-04  9.3079038E-04  1.4012188E-03  4.0311407E-04  6.0690352E-04 -1.7769170E-01
    he4      4   5.8912396E-02  7.5203615E-01  6.9312376E-01  3.2569778E-01  3.0020952E-01  3.5390340E-02
    li7      7  -2.8410089E-08  1.0501875E-08  3.8911963E-08  4.5482351E-09  1.6853761E-08 -5.6885397E-01
    be7      7   3.9350153E-17  3.9350153E-17  0.0000000E+00  1.7042076E-17  0.0000000E+00  0.0000000E+00
     b8      8   3.7786006E-28  3.7786006E-28  0.0000000E+00  1.6364663E-28  0.0000000E+00  0.0000000E+00
    c12     12   8.4839761E-03  2.0061638E-02  1.1577662E-02  8.6884527E-03  5.0145797E-03  2.3870790E-01
    c13     13   2.0047155E-04  3.4076671E-04  1.4029516E-04  1.4758194E-04  6.0765407E-05  3.8537681E-01
    c14     14   3.6118497E-08  3.6118497E-08  0.0000000E+00  1.5642485E-08  0.0000000E+00  0.0000000E+00
    n13     13   0.0000000E+00  0.0000000E+00  0.0000000E+00  0.0000000E+00  0.0000000E+00  0.0000000E+00
    n14     14   5.1089595E-03  8.5317893E-03  3.4228298E-03  3.6950149E-03  1.4825147E-03  3.9661717E-01
    n15     15  -3.8850771E-06  4.3083378E-06  8.1934149E-06  1.8658890E-06  3.5487767E-06 -2.7919289E-01
    o14     14   0.0000000E+00  0.0000000E+00  0.0000000E+00  0.0000000E+00  0.0000000E+00  0.0000000E+00
    o15     15   0.0000000E+00  0.0000000E+00  0.0000000E+00  0.0000000E+00  0.0000000E+00  0.0000000E+00
    o16     16  -1.2327302E-03  2.7104385E-02  2.8337115E-02  1.1738582E-02  1.2273526E-02 -1.9353731E-02
    o17     17   6.0094699E-05  7.1532952E-05  1.1438252E-05  3.0980056E-05  4.9541977E-06  7.9610884E-01
    o18     18  -1.8995590E-05  4.4915956E-05  6.3911546E-05  1.9452558E-05  2.7681719E-05 -1.5321633E-01
    o19     19   0.0000000E+00  0.0000000E+00  0.0000000E+00  0.0000000E+00  0.0000000E+00  0.0000000E+00
    f17     17   0.0000000E+00  0.0000000E+00  0.0000000E+00  0.0000000E+00  0.0000000E+00  0.0000000E+00
    f18     18   0.0000000E+00  0.0000000E+00  0.0000000E+00  0.0000000E+00  0.0000000E+00  0.0000000E+00
    f19     19   4.1252679E-06  5.9367121E-06  1.8114442E-06  2.5711183E-06  7.8458260E-07  5.1548338E-01
    f20     20   0.0000000E+00  0.0000000E+00  0.0000000E+00  0.0000000E+00  0.0000000E+00  0.0000000E+00
   ne19     19   0.0000000E+00  0.0000000E+00  0.0000000E+00  0.0000000E+00  0.0000000E+00  0.0000000E+00
   ne20     20   6.0372986E-06  5.7409429E-03  5.7349056E-03  2.4863330E-03  2.4839337E-03  4.1930552E-04
   ne21     21   1.2515366E-06  1.5685839E-05  1.4434302E-05  6.7933470E-06  6.2518634E-06  3.6074303E-02
   ne22     22   3.9869458E-03  4.4507915E-03  4.6384582E-04  1.9275841E-03  2.0090342E-04  9.8202598E-01
   ne23     23   0.0000000E+00  0.0000000E+00  0.0000000E+00  0.0000000E+00  0.0000000E+00  0.0000000E+00
   na21     21   0.0000000E+00  0.0000000E+00  0.0000000E+00  0.0000000E+00  0.0000000E+00  0.0000000E+00
   na22     22   1.7225592E-21  1.7225592E-21  0.0000000E+00  7.4601957E-22  0.0000000E+00  0.0000000E+00
   na23     23   1.0921129E-04  2.6444768E-04  1.5523638E-04  1.1452910E-04  6.7236826E-05  2.3130862E-01
   na24     24  -2.1067121E-41 -2.1067121E-41  0.0000000E+00 -9.1238543E-42  0.0000000E+00  0.0000000E+00
   mg23     23   0.0000000E+00  0.0000000E+00  0.0000000E+00  0.0000000E+00  0.0000000E+00  0.0000000E+00
   mg24     24   1.1383789E-05  2.7470044E-03  2.7356206E-03  1.1896944E-03  1.1848669E-03  1.7658664E-03
   mg25     25   1.3789046E-05  3.7454261E-04  3.6075356E-04  1.6220988E-04  1.5625154E-04  1.6253008E-02
   mg26     26   3.1139643E-06  4.1619028E-04  4.1307631E-04  1.8024698E-04  1.7891386E-04  3.2240085E-03
   mg27     27   0.0000000E+00  0.0000000E+00  0.0000000E+00  0.0000000E+00  0.0000000E+00  0.0000000E+00
   al25     25   0.0000000E+00  0.0000000E+00  0.0000000E+00  0.0000000E+00  0.0000000E+00  0.0000000E+00
   al-6     26   0.0000000E+00  0.0000000E+00  0.0000000E+00  0.0000000E+00  0.0000000E+00  0.0000000E+00
   al*6     26   0.0000000E+00  0.0000000E+00  0.0000000E+00  0.0000000E+00  0.0000000E+00  0.0000000E+00
   al27     27   1.2729055E-05  2.7613962E-04  2.6341056E-04  1.1959273E-04  1.1408982E-04  2.0457892E-02
   al28     28   0.0000000E+00  0.0000000E+00  0.0000000E+00  0.0000000E+00  0.0000000E+00  0.0000000E+00
   si27     27   0.0000000E+00  0.0000000E+00  0.0000000E+00  0.0000000E+00  0.0000000E+00  0.0000000E+00
   si28     28   1.4596153E-06  3.0304473E-03  3.0289877E-03  1.3124500E-03  1.3119316E-03  1.7159007E-04
   si29     29   2.5503687E-07  1.5955220E-04  1.5929717E-04  6.9100133E-05  6.8995651E-05  6.5716146E-04
   si30     30   1.2158489E-06  1.0984913E-04  1.0863328E-04  4.7574329E-05  4.7051835E-05  4.7960794E-03
    p31     31   2.2730728E-06  3.2516509E-05  3.0243436E-05  1.4082507E-05  1.3099202E-05  3.1435113E-02
    p32     32   2.5507854E-26  2.5507854E-26  0.0000000E+00  1.1047143E-26  0.0000000E+00  0.0000000E+00
    p33     33   3.2185596E-25  3.2185596E-25  0.0000000E+00  1.3939193E-25  0.0000000E+00  0.0000000E+00
    s32     32  -2.5603222E-06  1.4489702E-03  1.4515305E-03  6.2753150E-04  6.2869478E-04 -8.0432248E-04
    s33     33   3.5938592E-07  1.2343357E-05  1.1983971E-05  5.3457584E-06  5.1905627E-06  1.2794889E-02
    s34     34   1.9689469E-07  6.9892376E-05  6.9695481E-05  3.0269543E-05  3.0186888E-05  1.1875246E-03
    s35     35   5.3904094E-20  5.3904094E-20  0.0000000E+00  2.3345211E-20  0.0000000E+00  0.0000000E+00
    s36     36   7.9217529E-08  4.2325362E-07  3.4403610E-07  1.8330603E-07  1.4901079E-07  8.9959033E-02
   cl35     35  -8.0227437E-08  1.4809340E-05  1.4889568E-05  6.4137462E-06  6.4490509E-06 -2.3840284E-03
   cl36     36   0.0000000E+00  0.0000000E+00  0.0000000E+00  0.0000000E+00  0.0000000E+00  0.0000000E+00
   cl37     37   1.0863218E-06  6.1172145E-06  5.0308927E-06  2.6492917E-06  2.1790077E-06  8.4871009E-02
   ar36     36  -1.4910474E-06  2.7578892E-04  2.7727996E-04  1.1944085E-04  1.2009701E-04 -2.3793431E-03
   ar37     37   9.7531800E-20  9.7531800E-20  0.0000000E+00  4.2239842E-20  0.0000000E+00  0.0000000E+00
   ar38     38   6.1441460E-07  5.3829128E-05  5.3214713E-05  2.3312745E-05  2.3048646E-05  4.9479729E-03
   ar39     39   2.4316793E-11  2.4316793E-11  0.0000000E+00  1.0531309E-11  0.0000000E+00  0.0000000E+00
   ar40     40   1.0413331E-07  1.9372371E-07  8.9590401E-08  8.3899394E-08  3.8803879E-08  3.3488369E-01
    k39     39   1.5145451E-07  1.4587351E-05  1.4435896E-05  6.3176053E-06  6.2525537E-06  4.4950526E-03
    k40     40  -2.3369355E-09  0.0000000E+00  2.3369355E-09  0.0000000E+00  1.0121863E-09  0.0000000E+00
    k41     41   1.3442400E-07  1.2295617E-06  1.0951377E-06  5.3250830E-07  4.7433201E-07  5.0243933E-02
   ca40     40  -1.0524527E-06  2.4888798E-04  2.4994044E-04  1.0779038E-04  1.0825555E-04 -1.8701922E-03
   ca41     41   0.0000000E+00  0.0000000E+00  0.0000000E+00  0.0000000E+00  0.0000000E+00  0.0000000E+00
   ca42     42   8.8726892E-08  1.8402505E-06  1.7515237E-06  7.9699026E-07  7.5862943E-07  2.1423325E-02
   ca43     43   1.7025513E-08  3.9119891E-07  3.7417340E-07  1.6942352E-07  1.6206401E-07  1.9287111E-02
   ca44     44   9.2838491E-08  6.0089365E-06  5.9160980E-06  2.6023977E-06  2.5624124E-06  6.7246151E-03
   ca45     45   3.4499312E-20  3.4499312E-20  0.0000000E+00  1.4941236E-20  0.0000000E+00  0.0000000E+00
   ca46     46   6.0303719E-08  7.2163388E-08  1.1859671E-08  3.1253091E-08  5.1367248E-09  7.8420669E-01
   ca47     47  -9.0116106E-32 -9.0116106E-32  0.0000000E+00 -3.9028196E-32  0.0000000E+00  0.0000000E+00
   ca48     48  -7.1059958E-10  5.7785365E-07  5.7856425E-07  2.5026142E-07  2.5059089E-07 -5.7136838E-04
   sc45     45   1.7709084E-08  1.8462021E-07  1.6691112E-07  7.9956777E-08  7.2293453E-08  4.3756325E-02
   sc46     46   1.3681049E-21  1.3681049E-21  0.0000000E+00  5.9250972E-22  0.0000000E+00  0.0000000E+00
   sc47     47  -2.4705680E-31 -2.4705680E-31  0.0000000E+00 -1.0699732E-31  0.0000000E+00  0.0000000E+00
   sc48     48  -1.2207988E-31  1.0514212E-28  1.0526420E-28  4.5535785E-29  4.5592603E-29  0.0000000E+00
   ti46     46   1.4724492E-08  1.0344393E-06  1.0197148E-06  4.4800314E-07  4.4166444E-07  6.1886236E-03
   ti47     47  -8.4492058E-10  9.3874650E-07  9.3959142E-07  4.0655976E-07  4.0696094E-07 -4.2833923E-04
   ti48     48  -6.7969268E-08  9.4401357E-06  9.5081050E-06  4.0884088E-06  4.1182020E-06 -3.1533297E-03
   ti49     49   7.3992624E-08  7.8628864E-07  7.1229601E-07  3.4053210E-07  3.0851351E-07  4.2883892E-02
   ti50     50   1.4137470E-07  8.3730555E-07  6.9593085E-07  3.6262691E-07  3.0142536E-07  8.0280244E-02
    v51     51  -1.4357852E-08  1.5193309E-06  1.5336888E-06  6.5800384E-07  6.6427958E-07 -4.1224821E-03
   cr52     52  -2.5289046E-07  6.2619532E-05  6.2872423E-05  2.7119762E-05  2.7231643E-05 -1.7879694E-03
   cr53     53  -3.4886398E-08  7.2314069E-06  7.2662933E-06  3.1318350E-06  3.1472164E-06 -2.1277238E-03
   cr54     54   1.6001013E-07  2.0028735E-06  1.8428634E-06  8.6742034E-07  7.9819102E-07  3.6122754E-02
   mn55     55   1.0297117E-06  5.5936544E-05  5.4906832E-05  2.4225441E-05  2.3781547E-05  8.0315694E-03
   fe54     54  -3.6972924E-06  3.5808835E-04  3.6178564E-04  1.5508373E-04  1.5669856E-04 -4.4987490E-03
   fe55     55   2.4983429E-15  2.4983429E-15  0.0000000E+00  1.0820021E-15  0.0000000E+00  0.0000000E+00
   fe56     56  -2.7929898E-05  5.8615888E-03  5.8895187E-03  2.5385832E-03  2.5509002E-03 -2.1020495E-03
   fe57     57   8.1991020E-06  1.4664848E-04  1.3844938E-04  6.3511688E-05  5.9965951E-05  2.4948958E-02
   fe58     58   6.3520893E-06  2.5099238E-05  1.8747149E-05  1.0870177E-05  8.1198668E-06  1.2668769E-01
   fe59     59   2.1614494E-20  2.1614494E-20  0.0000000E+00  9.3609760E-21  0.0000000E+00  0.0000000E+00
   fe60     60   0.0000000E+00  0.0000000E+00  0.0000000E+00  0.0000000E+00  0.0000000E+00  0.0000000E+00
   co59     59   1.8741794E-06  1.6333041E-05  1.4458861E-05  7.0736423E-06  6.2625008E-06  5.2895278E-02
   co60     60   1.6638797E-14  1.6638797E-14  0.0000000E+00  7.2060616E-15  0.0000000E+00  0.0000000E+00
   ni58     58  -2.1006999E-06  2.0477455E-04  2.0687525E-04  8.8685381E-05  8.9602931E-05 -4.4701882E-03
   ni59     59   0.0000000E+00  0.0000000E+00  0.0000000E+00  0.0000000E+00  0.0000000E+00  0.0000000E+00
   ni60     60   9.7443262E-07  8.3407635E-05  8.2433202E-05  3.6122838E-05  3.5703917E-05  5.0659906E-03
   ni61     61   7.4845457E-07  4.3914874E-06  3.6430329E-06  1.9019001E-06  1.5778902E-06  8.1110917E-02
   ni62     62   9.9844237E-07  1.2804456E-05  1.1806013E-05  5.5454552E-06  5.1134848E-06  3.5220228E-02
   ni63     63   0.0000000E+00  0.0000000E+00  0.0000000E+00  0.0000000E+00  0.0000000E+00  0.0000000E+00
   ni64     64   3.5153341E-06  6.6189018E-06  3.1035677E-06  2.8665663E-06  1.3442341E-06  3.2888708E-01
   cu63     63   3.8675125E-07  2.9483908E-06  2.5616396E-06  1.2769125E-06  1.1095112E-06  6.1029453E-02
   cu64     64   0.0000000E+00  0.0000000E+00  0.0000000E+00  0.0000000E+00  0.0000000E+00  0.0000000E+00
   cu65     65   8.7927026E-07  2.0573023E-06  1.1780320E-06  8.9099274E-07  5.1023562E-07  2.4210340E-01
   zn64     64   2.0129801E-07  4.5901206E-06  4.3888226E-06  1.9879258E-06  1.9009107E-06  1.9438477E-02
   zn65     65   3.1881237E-18  3.1881237E-18  0.0000000E+00  1.3807378E-18  0.0000000E+00  0.0000000E+00
   zn66     66   9.5564042E-07  3.5523453E-06  2.5967049E-06  1.5384778E-06  1.1246990E-06  1.3605492E-01
   zn67     67   2.1281710E-07  6.0018266E-07  3.8736556E-07  2.5993185E-07  1.6777788E-07  1.9012478E-01
   zn68     68   1.2459720E-06  3.0439164E-06  1.7979444E-06  1.3182835E-06  7.7873545E-07  2.2861885E-01
   zn69     69   0.0000000E+00  0.0000000E+00  0.0000000E+00  0.0000000E+00  0.0000000E+00  0.0000000E+00
   zn70     70   5.6946234E-09  6.6896057E-08  6.1201433E-08  2.8971874E-08  2.6507900E-08  3.8601287E-02
   ga69     69   2.1916206E-07  3.8400074E-07  1.6483868E-07  1.6630608E-07  7.1395824E-08  3.6723533E-01
   ga70     70   0.0000000E+00  0.0000000E+00  0.0000000E+00  0.0000000E+00  0.0000000E+00  0.0000000E+00
   ga71     71   2.5634773E-07  3.6891475E-07  1.1256704E-07  1.5977253E-07  4.8755648E-08  5.1547718E-01
   ge70     70   4.0528735E-07  5.8862321E-07  1.8333586E-07  2.5492560E-07  7.9407421E-08  5.0655234E-01
   ge71     71   1.2301955E-25  1.2301955E-25  0.0000000E+00  5.3278285E-26  0.0000000E+00  0.0000000E+00
   ge72     72   4.5521188E-07  7.0442036E-07  2.4920848E-07  3.0507596E-07  1.0793853E-07  4.5123148E-01
   ge73     73   1.2993618E-07  2.0085608E-07  7.0919889E-08  8.6988337E-08  3.0717207E-08  4.5207933E-01
   ge74     74   5.9983353E-07  9.3724384E-07  3.3741031E-07  4.0590899E-07  1.4614099E-07  4.4365662E-01
   as75     75   5.4842420E-08  1.0431066E-07  4.9468238E-08  4.5175685E-08  2.1425953E-08  3.2396463E-01
   se76     76   2.0845417E-07  2.5995510E-07  5.1500940E-08  1.1258341E-07  2.2306367E-08  7.0304555E-01
   se77     77   8.4495909E-08  1.2698597E-07  4.2490054E-08  5.4996086E-08  1.8403522E-08  4.7543085E-01
   se78     78   5.6127544E-07  6.9536412E-07  1.3408867E-07  3.0115379E-07  5.8077209E-08  7.1478260E-01
   se79     79   0.0000000E+00  0.0000000E+00  0.0000000E+00  0.0000000E+00  0.0000000E+00  0.0000000E+00
   se80     80   7.2412348E-07  1.0111506E-06  2.8702715E-07  4.3791712E-07  1.2431876E-07  5.4685527E-01
   br79     79   1.2166245E-07  1.6756323E-07  4.5900773E-08  7.2569613E-08  1.9880794E-08  5.6232107E-01
   br80     80   0.0000000E+00  0.0000000E+00  0.0000000E+00  0.0000000E+00  0.0000000E+00  0.0000000E+00
   br81     81   9.8809423E-08  1.4459032E-07  4.5780890E-08  6.2620316E-08  1.9828869E-08  4.9941730E-01
   kr80     80   4.0563917E-09  1.4995178E-08  1.0938787E-08  6.4942305E-09  4.7378670E-09  1.3694483E-01
   kr81     81   0.0000000E+00  0.0000000E+00  0.0000000E+00  0.0000000E+00  0.0000000E+00  0.0000000E+00
   kr82     82   4.4375102E-07  4.9993355E-07  5.6182525E-08  2.1651518E-07  2.4334081E-08  9.4927341E-01
   kr83     83   1.4120630E-07  1.9754087E-07  5.6334574E-08  8.5552564E-08  2.4399938E-08  5.4484433E-01
   kr84     84   9.1946220E-07  1.2004434E-06  2.8098125E-07  5.1989753E-07  1.2170013E-07  6.3062674E-01
   kr-5     85   1.7066544E-15  1.7066544E-15  0.0000000E+00  7.3913138E-16  0.0000000E+00  0.0000000E+00
   kr*5     85   0.0000000E+00  0.0000000E+00  0.0000000E+00  0.0000000E+00  0.0000000E+00  0.0000000E+00
   kr86     86   9.1047824E-08  1.7804265E-07  8.6994831E-08  7.7108119E-08  3.7679676E-08  3.1099299E-01
   rb85     85   1.4206346E-07  1.8766603E-07  4.5602572E-08  8.1275893E-08  1.9751633E-08  6.1435872E-01
   rb86     86   1.4789840E-23  1.4789840E-23  0.0000000E+00  6.4053013E-24  0.0000000E+00  0.0000000E+00
   rb87     87   1.1637772E-08  3.0847300E-08  1.9209528E-08  1.3359593E-08  8.3201357E-09  2.0566280E-01
   sr86     86   3.5559196E-07  3.7687226E-07  2.1280286E-08  1.6321883E-07  9.2170325E-09  1.2481792E+00
   sr87     87   2.3207409E-07  2.4711898E-07  1.5044888E-08  1.0702424E-07  6.5163239E-09  1.2154795E+00
   sr88     88   2.6213509E-06  2.8038007E-06  1.8244992E-07  1.2142922E-06  7.9023707E-08  1.1865659E+00
   sr89     89   3.3495105E-22  3.3495105E-22  0.0000000E+00  1.4506325E-22  0.0000000E+00  0.0000000E+00
   sr90     90   7.9797534E-15  7.9797534E-15  0.0000000E+00  3.4559347E-15  0.0000000E+00  0.0000000E+00
    y89     89   6.0694180E-07  6.5045856E-07  4.3516781E-08  2.8170575E-07  1.8848224E-08  1.1745253E+00
    y90     90   2.0180182E-18  2.0180182E-18  0.0000000E+00  8.7397929E-19  0.0000000E+00  0.0000000E+00
    y91     91   6.1140141E-26  6.1140141E-26  0.0000000E+00  2.6479056E-26  0.0000000E+00  0.0000000E+00
   zr90     90   6.0586024E-07  6.5772809E-07  5.1867829E-08  2.8485408E-07  2.2465278E-08  1.1031107E+00
   zr91     91   1.3635784E-07  1.4779468E-07  1.1436834E-08  6.4008091E-08  4.9535838E-09  1.1113154E+00
   zr92     92   2.0085339E-07  2.1852674E-07  1.7673344E-08  9.4641287E-08  7.6547746E-09  1.0921482E+00
   zr93     93   0.0000000E+00  0.0000000E+00  0.0000000E+00  0.0000000E+00  0.0000000E+00  0.0000000E+00
   zr94     94   2.5431794E-07  2.7261763E-07  1.8299700E-08  1.1806740E-07  7.9260651E-09  1.1730723E+00
   zr95     95   1.1698173E-21  1.1698173E-21  0.0000000E+00  5.0663374E-22  0.0000000E+00  0.0000000E+00
   zr96     96   1.0564090E-09  4.0673385E-09  3.0109295E-09  1.7615152E-09  1.3041102E-09  1.3057210E-01
   nb93     93   6.8117700E-08  7.6019916E-08  7.9022131E-09  3.2923307E-08  3.4226495E-09  9.8314101E-01
   nb94     94   1.2756764E-11  1.2756764E-11  0.0000000E+00  5.5248002E-12  0.0000000E+00  0.0000000E+00
   nb95     95   1.3219429E-21  1.3219429E-21  0.0000000E+00  5.7251748E-22  0.0000000E+00  0.0000000E+00
   mo94     94   4.0834491E-10  2.8850515E-09  2.4767066E-09  1.2494810E-09  1.0727247E-09  6.6241376E-02
   mo95     95   2.8047548E-08  3.2379607E-08  4.3320578E-09  1.4023216E-08  1.8763244E-09  8.7353969E-01
   mo96     96   5.5043831E-08  5.9651938E-08  4.6081081E-09  2.5834533E-08  1.9958890E-09  1.1120642E+00
   mo97     97   1.8228040E-08  2.0908843E-08  2.6808040E-09  9.0553671E-09  1.1611244E-09  8.9202732E-01
   mo98     98   6.5317707E-08  7.2199754E-08  6.8820487E-09  3.1268840E-08  2.9807905E-09  1.0207803E+00
   tc99     99   0.0000000E+00  0.0000000E+00  0.0000000E+00  0.0000000E+00  0.0000000E+00  0.0000000E+00
   ru99     99   8.3493106E-09  1.0752356E-08  2.4030460E-09  4.6567155E-09  1.0408203E-09  6.5070397E-01
  ru100    100   3.2195036E-08  3.4591856E-08  2.3968221E-09  1.4981316E-08  1.0381246E-09  1.1593006E+00
  ru101    101   6.8435746E-09  1.0121232E-08  3.2776573E-09  4.3833830E-09  1.4196366E-09  4.8963225E-01
  ru102    102   4.2476849E-08  4.8598405E-08  6.1215575E-09  2.1047383E-08  2.6514024E-09  8.9972246E-01
  rh103    103   6.9950521E-09  1.0904464E-08  3.9094119E-09  4.7225917E-09  1.6932657E-09  4.4545528E-01
  pd104    104   2.3417316E-08  2.5128058E-08  1.7107422E-09  1.0882658E-08  7.4096596E-10  1.1669368E+00
  pd105    105   5.8178440E-09  9.2798933E-09  3.4620491E-09  4.0190096E-09  1.4995014E-09  4.2817217E-01
  pd106    106   2.6762166E-08  3.1039900E-08  4.2777328E-09  1.3443005E-08  1.8527950E-09  8.6066902E-01
  pd107    107   0.0000000E+00  0.0000000E+00  0.0000000E+00  0.0000000E+00  0.0000000E+00  0.0000000E+00
  pd108    108   3.3054860E-08  3.7274571E-08  4.2197095E-09  1.6143167E-08  1.8276636E-09  9.4609249E-01
  ag107    107   5.1870455E-09  8.0930471E-09  2.9060019E-09  3.5050010E-09  1.2586634E-09  4.4477856E-01
  ag108    108   0.0000000E+00  0.0000000E+00  0.0000000E+00  0.0000000E+00  0.0000000E+00  0.0000000E+00
  ag109    109   8.1971292E-09  1.0947419E-08  2.7502896E-09  4.7411950E-09  1.1912203E-09  5.9989572E-01
  cd108    108   3.4897404E-11  1.9785690E-10  1.6295949E-10  8.5689428E-11  7.0581894E-11  8.4233955E-02
  cd109    109   1.6734315E-21  1.6734315E-21  0.0000000E+00  7.2474295E-22  0.0000000E+00  0.0000000E+00
  cd110    110   2.8107269E-08  3.0436563E-08  2.3292932E-09  1.3181708E-08  1.0088761E-09  1.1161339E+00
  cd111    111   9.1756984E-09  1.1584511E-08  2.4088123E-09  5.0171116E-09  1.0433179E-09  6.8203712E-01
  cd112    112   3.3978967E-08  3.8560941E-08  4.5819730E-09  1.6700277E-08  1.9845690E-09  9.2505747E-01
  cd113    113   9.8745705E-09  1.2215670E-08  2.3411000E-09  5.2904592E-09  1.0139899E-09  7.1745974E-01
  cd114    114   4.7208299E-08  5.2761024E-08  5.5527249E-09  2.2850163E-08  2.4050264E-09  9.7776949E-01
  in115    115   8.9824272E-09  1.1076176E-08  2.0937487E-09  4.7969579E-09  9.0685587E-10  7.2342765E-01
  sn116    116   6.4020689E-08  7.0571339E-08  6.5506480E-09  3.0563594E-08  2.8372522E-09  1.0323064E+00
  sn117    117   1.8767199E-08  2.2257007E-08  3.4898084E-09  9.6392405E-09  1.5115248E-09  8.0462754E-01
  sn118    118   8.1901419E-08  9.2543203E-08  1.0641787E-08  4.0079343E-08  4.6092290E-09  9.3929231E-01
  sn119    119   2.4091216E-08  2.8061336E-08  3.9701202E-09  1.2153025E-08  1.7195600E-09  8.4926707E-01
  sn120    120   1.2288173E-07  1.3806613E-07  1.5184401E-08  5.9794772E-08  6.5767498E-09  9.5865190E-01
  sb121    121   8.9227861E-09  1.1264463E-08  2.3416775E-09  4.8785029E-09  1.0142401E-09  6.8214577E-01
  te122    122   1.6033312E-08  1.7589883E-08  1.5565724E-09  7.6179658E-09  6.7419115E-10  1.0530560E+00
  te123    123   5.9117924E-09  6.4595223E-09  5.4772992E-10  2.7975411E-09  2.3723576E-10  1.0715964E+00
  te124    124   3.0488817E-08  3.3429650E-08  2.9408318E-09  1.4477977E-08  1.2737490E-09  1.0556240E+00
  te125    125   1.0175036E-08  1.4596877E-08  4.4218411E-09  6.3217311E-09  1.9152118E-09  5.1861924E-01
  te126    126   5.4767952E-08  6.6645320E-08  1.1877368E-08  2.8863283E-08  5.1443902E-09  7.4901181E-01
   i127    127   6.7860668E-09  2.1682240E-08  1.4896173E-08  9.3903161E-09  6.4519119E-09  1.6299179E-01
   i128    128   0.0000000E+00  0.0000000E+00  0.0000000E+00  0.0000000E+00  0.0000000E+00  0.0000000E+00
   i129    129   5.6139243E-12  5.6139243E-12  0.0000000E+00  2.4313227E-12  0.0000000E+00  0.0000000E+00
  xe128    128   1.7596900E-08  1.9205775E-08  1.6088750E-09  8.3177891E-09  6.9684469E-10  1.0768719E+00
  xe129    129   6.3752861E-09  2.6573078E-08  2.0197792E-08  1.1508479E-08  8.7481773E-09  1.1910035E-01
  xe130    130   3.6147494E-08  3.9415642E-08  3.2681475E-09  1.7070438E-08  1.4155179E-09  1.0813293E+00
  xe131    131   1.3068883E-08  2.9393975E-08  1.6325092E-08  1.2730175E-08  7.0708124E-09  2.5536507E-01
  xe132    132   6.5763217E-08  8.5868962E-08  2.0105745E-08  3.7188808E-08  8.7083096E-09  6.3047838E-01
  xe133    133  -1.5225201E-29 -1.5225201E-29  0.0000000E+00 -6.5938507E-30  0.0000000E+00  0.0000000E+00
  xe134    134   2.2462920E-10  7.7607973E-09  7.5361681E-09  3.3611076E-09  3.2641059E-09  1.2718171E-02
  cs133    133   8.5285699E-09  1.3814484E-08  5.2859135E-09  5.9828857E-09  2.2894637E-09  4.1717696E-01
  cs134    134   5.0035561E-19  5.0035561E-19  0.0000000E+00  2.1669797E-19  0.0000000E+00  0.0000000E+00
  cs135    135   0.0000000E+00  0.0000000E+00  0.0000000E+00  0.0000000E+00  0.0000000E+00  0.0000000E+00
  cs136    136   3.2849578E-27  3.2849578E-27  0.0000000E+00  1.4226755E-27  0.0000000E+00  0.0000000E+00
  cs137    137   0.0000000E+00  0.0000000E+00  0.0000000E+00  0.0000000E+00  0.0000000E+00  0.0000000E+00
  ba134    134   2.4827854E-08  2.6448369E-08  1.6205145E-09  1.1454468E-08  7.0188605E-10  1.2127084E+00
  ba135    135   1.0597962E-08  1.5050727E-08  4.4527653E-09  6.5182881E-09  1.9286059E-09  5.2889007E-01
  ba136    136   6.2497932E-08  6.7842436E-08  5.3445008E-09  2.9381740E-08  2.3148394E-09  1.1035566E+00
  ba137    137   4.8096524E-08  5.5795716E-08  7.6991906E-09  2.4164450E-08  3.3347154E-09  8.6011815E-01
  ba138    138   4.2971104E-07  4.7921685E-07  4.9505807E-08  2.0754302E-07  2.1442224E-08  9.8583829E-01
  la139    139   4.7225832E-08  5.4016169E-08  6.7903385E-09  2.3393751E-08  2.9410685E-09  9.0059471E-01
  ce140    140   1.1758156E-07  1.3314472E-07  1.5563169E-08  5.7663371E-08  6.7408044E-09  9.3218833E-01
  ce141    141   4.9511936E-24  4.9511936E-24  0.0000000E+00  2.1443020E-24  0.0000000E+00  0.0000000E+00
  ce142    142   1.9064705E-10  2.1741116E-09  1.9834645E-09  9.4158148E-10  8.5908897E-10  3.9819747E-02
  pr141    141   9.6544035E-09  1.2336583E-08  2.6821794E-09  5.3428253E-09  1.1617202E-09  6.6266942E-01
  nd142    142   2.9910332E-08  3.3488355E-08  3.5780248E-09  1.4503402E-08  1.5497336E-09  9.7121286E-01
  nd143    143   3.9380761E-09  5.5399010E-09  1.6018249E-09  2.3992641E-09  6.9379108E-10  5.3884935E-01
  nd144    144   1.2318555E-08  1.5502089E-08  3.1835339E-09  6.7137673E-09  1.3788695E-09  6.8744314E-01
  nd145    145   2.2293662E-09  3.4131904E-09  1.1838241E-09  1.4782116E-09  5.1274435E-10  4.5983571E-01
  nd146    146   1.1659763E-08  1.3989870E-08  2.3301066E-09  6.0588436E-09  1.0092285E-09  7.7840024E-01
  nd147    147   1.3369212E-27  1.3369212E-27  0.0000000E+00  5.7900440E-28  0.0000000E+00  0.0000000E+00
  nd148    148   2.4540914E-10  1.0335832E-09  7.8817408E-10  4.4763240E-10  3.4137826E-10  1.1768565E-01
  pm147    147   8.4232151E-20  8.4232151E-20  0.0000000E+00  3.6479925E-20  0.0000000E+00  0.0000000E+00
  pm148    148  -2.8548226E-35 -2.8548226E-35  0.0000000E+00 -1.2363892E-35  0.0000000E+00  0.0000000E+00
  sm147    147   1.2823427E-09  1.9167727E-09  6.3443006E-10  8.3013113E-10  2.7478778E-10  4.8014933E-01
  sm148    148   3.7749763E-09  4.2539332E-09  4.7895682E-10  1.8423271E-09  2.0744838E-10  9.4845665E-01
  sm149    149   5.0936522E-10  1.1022351E-09  5.9286986E-10  4.7736470E-10  2.5678701E-10  2.6927727E-01
  sm150    150   2.4222071E-09  2.7409330E-09  3.1872599E-10  1.1870650E-09  1.3804835E-10  9.3444330E-01
  sm151    151   2.3022416E-14  2.3022416E-14  0.0000000E+00  9.9707306E-15  0.0000000E+00  0.0000000E+00
  sm152    152   1.9023330E-09  3.0730005E-09  1.1706675E-09  1.3308794E-09  5.0704585E-10  4.1909149E-01
  eu151    151   3.3403463E-10  1.1062983E-09  7.7226364E-10  4.7912441E-10  3.3448702E-10  1.5606901E-01
  eu152    152   5.2834106E-18  5.2834106E-18  0.0000000E+00  2.2881813E-18  0.0000000E+00  0.0000000E+00
  eu153    153   3.4172110E-10  1.1959018E-09  8.5418073E-10  5.1793064E-10  3.6996742E-10  1.4610814E-01
  eu154    154   2.1255961E-18  2.1255961E-18  0.0000000E+00  9.2057003E-19  0.0000000E+00  0.0000000E+00
  eu155    155   2.4349386E-21  2.4349386E-21  0.0000000E+00  1.0545425E-21  0.0000000E+00  0.0000000E+00
  gd152    152   6.7880085E-12  1.8063781E-11  1.1275773E-11  7.8232056E-12  4.8838242E-12  2.0462473E-01
  gd153    153   6.1913126E-22  6.1913126E-22  0.0000000E+00  2.6813826E-22  0.0000000E+00  0.0000000E+00
  gd154    154   8.6859836E-10  9.9311892E-10  1.2452055E-10  4.3010781E-10  5.3933018E-11  9.0172261E-01
  gd155    155   3.2376407E-10  1.1746427E-09  8.5087865E-10  5.0872356E-10  3.6853717E-10  1.4000055E-01
  gd156    156   1.4642912E-09  2.6487177E-09  1.1844264E-09  1.1471276E-09  5.1300519E-10  3.4948996E-01
  gd157    157   6.9926887E-10  1.6106037E-09  9.1133479E-10  6.9753298E-10  3.9472228E-10  2.4727310E-01
  gd158    158   2.9619551E-09  4.4176822E-09  1.4557271E-09  1.9132447E-09  6.3051242E-10  4.8207688E-01
  gd159    159   0.0000000E+00  0.0000000E+00  0.0000000E+00  0.0000000E+00  0.0000000E+00  0.0000000E+00
  gd160    160   2.0805579E-13  1.2975139E-09  1.2973058E-09  5.6193755E-10  5.6189614E-10  3.1993877E-05
  tb159    159   6.1567007E-10  1.7138428E-09  1.0981728E-09  7.4224460E-10  4.7564652E-10  1.9326273E-01
  tb160    160   2.3265040E-21  2.3265040E-21  0.0000000E+00  1.0075808E-21  0.0000000E+00  0.0000000E+00
  tb161    161  -6.4451050E-30 -6.4451050E-30  0.0000000E+00 -2.7912971E-30  0.0000000E+00  0.0000000E+00
  dy160    160   1.0976016E-09  1.2637739E-09  1.6617224E-10  5.4732519E-10  7.1973427E-11  8.8107324E-01
  dy161    161   4.6560267E-10  1.8217542E-09  1.3561515E-09  7.8897971E-10  5.8738370E-10  1.2814397E-01
  dy162    162   2.2132547E-09  4.0535855E-09  1.8403308E-09  1.7555589E-09  7.9709406E-10  3.4290582E-01
  dy163    163   9.2119645E-10  2.7308213E-09  1.8096249E-09  1.1826857E-09  7.8379458E-10  1.7866710E-01
  dy164    164   4.5540176E-09  6.6207693E-09  2.0667517E-09  2.8673752E-09  8.9516272E-10  5.0558257E-01
  ho165    165   8.1625118E-10  2.4259825E-09  1.6097313E-09  1.0506637E-09  6.9721562E-10  1.7809662E-01
  er166    166   1.8863413E-09  3.4155458E-09  1.5292047E-09  1.4792316E-09  6.6233746E-10  3.4895685E-01
  er167    167   7.4948636E-10  1.7995854E-09  1.0500990E-09  7.7937867E-10  4.5482462E-10  2.3390456E-01
  er168    168   2.9611655E-09  4.2073576E-09  1.2461920E-09  1.8221558E-09  5.3975746E-10  5.2838683E-01
  er169    169   7.6119426E-29  7.6119426E-29  0.0000000E+00  3.2966405E-29  0.0000000E+00  0.0000000E+00
  er170    170   2.2589819E-10  9.2282948E-10  6.9693129E-10  3.9966630E-10  3.0185868E-10  1.2189385E-01
  tm169    169   7.1585249E-10  1.4523376E-09  7.3648510E-10  6.2898986E-10  3.1899042E-10  2.9486603E-01
  tm170    170   1.2874585E-21  1.2874585E-21  0.0000000E+00  5.5758269E-22  0.0000000E+00  0.0000000E+00
  tm171    171   1.0876315E-19  1.0876315E-19  0.0000000E+00  4.7104004E-20  0.0000000E+00  0.0000000E+00
  yb170    170   1.0376301E-09  1.1769260E-09  1.3929592E-10  5.0971244E-10  6.0332607E-11  9.2677313E-01
  yb171    171   1.0693728E-09  1.7318439E-09  6.6247102E-10  7.5004064E-10  2.8693303E-10  4.1730425E-01
  yb172    172   3.0761602E-09  4.1019454E-09  1.0257852E-09  1.7765029E-09  4.4429369E-10  6.0189581E-01
  yb173    173   1.3956833E-09  2.1615112E-09  7.6582779E-10  9.3612440E-10  3.3169947E-10  4.5058879E-01
  yb174    174   6.6780386E-09  8.2104670E-09  1.5324286E-09  3.5558541E-09  6.6373379E-10  7.2895002E-01
  lu175    175   8.6325791E-10  1.5548914E-09  6.9163353E-10  6.7340467E-10  2.9956407E-10  3.5178638E-01
  lu176    176   6.5984496E-10  6.8003347E-10  2.0188495E-11  2.9451427E-10  8.7441504E-12  1.5273887E+00
  lu177    177  -3.6075078E-29 -3.6075078E-29  0.0000000E+00 -1.5623681E-29  0.0000000E+00  0.0000000E+00
  hf176    176  -4.2797849E-12  1.5106200E-10  1.5534178E-10  6.5423125E-11  6.7282471E-11 -1.2170645E-02
  hf177    177   6.9212241E-10  1.2504523E-09  5.5832988E-10  5.4155580E-10  2.4182686E-10  3.5013869E-01
  hf178    178   3.2317546E-09  4.0555364E-09  8.2378171E-10  1.7564038E-09  3.5680081E-10  6.9219851E-01
  hf179    179   1.1243257E-09  1.5379309E-09  4.1360518E-10  6.6605926E-10  1.7914291E-10  5.7031327E-01
  hf180    180   6.4767134E-09  7.5478388E-09  1.0711256E-09  3.2688778E-09  4.6393178E-10  8.4794462E-01
  hf181    181   6.8931284E-23  6.8931284E-23  0.0000000E+00  2.9853305E-23  0.0000000E+00  0.0000000E+00
  hf182    182   3.3667366E-10  3.3667366E-10  0.0000000E+00  1.4580930E-10  0.0000000E+00  0.0000000E+00
  ta181    181   1.4558575E-09  1.9096715E-09  4.5381396E-10  8.2705565E-10  1.9655837E-10  6.2404323E-01
  ta182    182   3.0889501E-18  3.0889501E-18  0.0000000E+00  1.3377869E-18  0.0000000E+00  0.0000000E+00
  ta183    183  -8.9799993E-32 -8.9799993E-32  0.0000000E+00 -3.8891292E-32  0.0000000E+00  0.0000000E+00
   w182    182   3.1844269E-09  3.8966195E-09  7.1219247E-10  1.6875787E-09  3.0846867E-10  7.3805296E-01
   w183    183   1.7618993E-09  2.1485844E-09  3.8668516E-10  9.3052593E-10  1.6748318E-10  7.4475729E-01
   w184    184   4.2931871E-09  5.1256488E-09  8.3246188E-10  2.2198565E-09  3.6056041E-10  7.8934687E-01
   w185    185   8.9644649E-22  8.9644649E-22  0.0000000E+00  3.8824013E-22  0.0000000E+00  0.0000000E+00
   w186    186   8.9028362E-10  1.6711152E-09  7.8083162E-10  7.2373979E-10  3.3819803E-10  3.3041137E-01
  re185    185   7.9642609E-10  1.1932957E-09  3.9686959E-10  5.1680193E-10  1.7189432E-10  4.7806263E-01
  re186    186  -1.5496784E-31 -1.5496784E-31  0.0000000E+00 -6.7114697E-32  0.0000000E+00  0.0000000E+00
  re187    187   1.5947149E-10  8.8319357E-10  7.2372208E-10  3.8250048E-10  3.1346245E-10  8.6446449E-02
  os186    186   1.8976256E-09  2.1175950E-09  2.1996933E-10  9.1710478E-10  9.5274309E-11  9.8344314E-01
  os187    187   5.8968541E-10  7.6558043E-10  1.7589502E-10  3.3156364E-10  7.6184607E-11  6.3869965E-01
  os188    188   3.3093808E-09  5.1649995E-09  1.8556187E-09  2.2368989E-09  8.0371565E-10  4.4454396E-01
  os189    189   6.3164118E-10  2.9061136E-09  2.2744724E-09  1.2586027E-09  9.8513175E-10  1.0639431E-01
  os190    190   3.4859098E-09  7.2042319E-09  3.7183221E-09  3.1200658E-09  1.6104998E-09  2.8720307E-01
  os191    191   1.5225597E-25  1.5225597E-25  0.0000000E+00  6.5940224E-26  0.0000000E+00  0.0000000E+00
  os192    192   3.0998049E-10  6.1455272E-09  5.8355467E-09  2.6615536E-09  2.5275240E-09  2.2439964E-02
  ir191    191   5.4609472E-10  5.4664646E-09  4.9203699E-09  2.3674598E-09  2.1311375E-09  4.5671165E-02
  ir192    192   1.1260021E-20  1.1260021E-20  0.0000000E+00  4.8765791E-21  0.0000000E+00  0.0000000E+00
  ir193    193   5.3875127E-10  8.8964356E-09  8.3576843E-09  3.8529389E-09  3.6199255E-09  2.7092494E-02
  pt192    192   1.1095380E-09  1.3164460E-09  2.0690796E-10  5.7013683E-10  8.9617105E-11  8.0358821E-01
  pt193    193   2.9617909E-15  2.9617909E-15  0.0000000E+00  1.2827159E-15  0.0000000E+00  0.0000000E+00
  pt194    194   2.7158453E-09  1.1529195E-08  8.8133500E-09  4.9931552E-09  3.8172860E-09  1.1662035E-01
  pt195    195   9.6470298E-10  1.0055956E-08  9.0912531E-09  4.3551132E-09  3.9376529E-09  4.3762036E-02
  pt196    196   5.1466680E-09  1.1964639E-08  6.8179711E-09  5.1817404E-09  2.9530367E-09  2.4420683E-01
  au197    197   1.5782944E-09  5.6872631E-09  4.1089687E-09  2.4630848E-09  1.7796988E-09  1.4113286E-01
  hg198    198   5.3378315E-09  6.3030754E-09  9.6524411E-10  2.7297857E-09  4.1807177E-10  8.1487769E-01
  hg199    199   2.2091056E-09  3.8505839E-09  1.6414783E-09  1.6676414E-09  7.1096595E-10  3.7025386E-01
  hg200    200   7.4156716E-09  9.6746540E-09  2.2589826E-09  4.1899759E-09  9.7842279E-10  6.3168496E-01
  hg201    201   2.9611265E-09  4.2564574E-09  1.2953311E-09  1.8434203E-09  5.6104082E-10  5.1662993E-01
  hg202    202   1.2409271E-08  1.5358509E-08  2.9492382E-09  6.6515846E-09  1.2773901E-09  7.1660161E-01
  tl203    203   5.3866618E-09  6.5533334E-09  1.1666715E-09  2.8381695E-09  5.0531512E-10  7.4947608E-01
  tl204    204   2.0535466E-21  2.0535466E-21  0.0000000E+00  8.8936618E-22  0.0000000E+00  0.0000000E+00
  tl205    205   5.7648073E-09  8.5771070E-09  2.8122999E-09  3.7146415E-09  1.2180786E-09  4.8424158E-01
  pb204    204   7.2582873E-09  8.7349461E-09  1.4766586E-09  3.7829997E-09  6.3957839E-10  7.7194250E-01
  pb205    205   0.0000000E+00  0.0000000E+00  0.0000000E+00  0.0000000E+00  0.0000000E+00  0.0000000E+00
  pb206    206   4.3274909E-08  5.7149656E-08  1.3874748E-08  2.4750825E-08  6.0095058E-09  6.1475092E-01
  pb207    207   4.9740464E-08  6.5168983E-08  1.5428519E-08  2.8223900E-08  6.6824839E-09  6.2567908E-01
  pb208    208   7.9030485E-08  1.2340544E-07  4.4374961E-08  5.3445405E-08  1.9219925E-08  4.4415867E-01
  bi209    209   5.1539040E-10  3.6015004E-09  3.0861100E-09  1.5597663E-09  1.3366728E-09  6.7034453E-02
  bi210    210   0.0000000E+00  0.0000000E+00  0.0000000E+00  0.0000000E+00  0.0000000E+00  0.0000000E+00
  po210    210   0.0000000E+00  0.0000000E+00  0.0000000E+00  0.0000000E+00  0.0000000E+00  0.0000000E+00
