  species    A      yield       mass(i)_lost    mass(i)_0        <X(i)>          X0(i)   log10(<X(i)>/X0(i)) 
      n      1   0.0000000E+00  0.0000000E+00  0.0000000E+00  0.0000000E+00  0.0000000E+00  0.0000000E+00
      p      1  -5.3098440E-02  1.4868321E+00  1.5399306E+00  6.4729309E-01  6.7046791E-01 -1.5277028E-02
      d      2  -2.1612075E-04  3.0274687E-06  2.1914822E-04  1.3180099E-06  9.5414587E-05 -1.8596960E+00
    he3      3  -4.4727931E-04  9.4665668E-04  1.3939360E-03  4.1212744E-04  6.0690352E-04 -1.6808814E-01
    he4      4   4.4348121E-02  7.3386931E-01  6.8952119E-01  3.1949034E-01  3.0020952E-01  2.7033295E-02
    li7      7  -2.8650419E-08  1.0059298E-08  3.8709718E-08  4.3793200E-09  1.6853761E-08 -5.8529019E-01
    be7      7   1.5456614E-17  1.5456614E-17  0.0000000E+00  6.7290444E-18  0.0000000E+00  0.0000000E+00
     b8      8   5.5934966E-28  5.5934966E-28  0.0000000E+00  2.4351314E-28  0.0000000E+00  0.0000000E+00
    c12     12   2.8022630E-03  1.4319750E-02  1.1517487E-02  6.2341099E-03  5.0145797E-03  9.4539903E-02
    c13     13   2.0260761E-04  3.4217359E-04  1.3956598E-04  1.4896544E-04  6.0765407E-05  3.8942909E-01
    c14     14   4.4992515E-08  4.4992515E-08  0.0000000E+00  1.9587512E-08  0.0000000E+00  0.0000000E+00
    n13     13   0.0000000E+00  0.0000000E+00  0.0000000E+00  0.0000000E+00  0.0000000E+00  0.0000000E+00
    n14     14   5.1517189E-03  8.5567581E-03  3.4050394E-03  3.7251886E-03  1.4825147E-03  4.0014926E-01
    n15     15  -3.7910945E-06  4.3597352E-06  8.1508297E-06  1.8980128E-06  3.5487767E-06 -2.7177954E-01
    o14     14   0.0000000E+00  0.0000000E+00  0.0000000E+00  0.0000000E+00  0.0000000E+00  0.0000000E+00
    o15     15   0.0000000E+00  0.0000000E+00  0.0000000E+00  0.0000000E+00  0.0000000E+00  0.0000000E+00
    o16     16  -1.0842104E-03  2.7105622E-02  2.8189832E-02  1.1800446E-02  1.2273526E-02 -1.7070936E-02
    o17     17   6.0318172E-05  7.1696973E-05  1.1378800E-05  3.1213312E-05  4.9541977E-06  7.9936653E-01
    o18     18  -1.8139632E-05  4.5439738E-05  6.3579369E-05  1.9782212E-05  2.7681719E-05 -1.4591821E-01
    o19     19   0.0000000E+00  0.0000000E+00  0.0000000E+00  0.0000000E+00  0.0000000E+00  0.0000000E+00
    f17     17   0.0000000E+00  0.0000000E+00  0.0000000E+00  0.0000000E+00  0.0000000E+00  0.0000000E+00
    f18     18   0.0000000E+00  0.0000000E+00  0.0000000E+00  0.0000000E+00  0.0000000E+00  0.0000000E+00
    f19     19   1.9321851E-06  3.7342143E-06  1.8020291E-06  1.6256919E-06  7.8458260E-07  3.1639954E-01
    f20     20   0.0000000E+00  0.0000000E+00  0.0000000E+00  0.0000000E+00  0.0000000E+00  0.0000000E+00
   ne19     19   0.0000000E+00  0.0000000E+00  0.0000000E+00  0.0000000E+00  0.0000000E+00  0.0000000E+00
   ne20     20  -6.1420724E-07  5.7044844E-03  5.7050986E-03  2.4834499E-03  2.4839337E-03 -8.4603591E-05
   ne21     21   8.4528892E-07  1.5204568E-05  1.4359279E-05  6.6193156E-06  6.2518634E-06  2.4803609E-02
   ne22     22   2.1917119E-03  2.6531469E-03  4.6143495E-04  1.1550487E-03  2.0090342E-04  7.5961298E-01
   ne23     23   0.0000000E+00  0.0000000E+00  0.0000000E+00  0.0000000E+00  0.0000000E+00  0.0000000E+00
   na21     21   0.0000000E+00  0.0000000E+00  0.0000000E+00  0.0000000E+00  0.0000000E+00  0.0000000E+00
   na22     22   1.0269951E-21  1.0269951E-21  0.0000000E+00  4.4710278E-22  0.0000000E+00  0.0000000E+00
   na23     23   7.4907919E-05  2.2933744E-04  1.5442952E-04  9.9842160E-05  6.7236826E-05  1.7170675E-01
   na24     24   1.0992568E-37  1.0992568E-37  0.0000000E+00  4.7856192E-38  0.0000000E+00  0.0000000E+00
   mg23     23   0.0000000E+00  0.0000000E+00  0.0000000E+00  0.0000000E+00  0.0000000E+00  0.0000000E+00
   mg24     24   6.0442835E-06  2.7274464E-03  2.7214021E-03  1.1873951E-03  1.1848669E-03  9.2567870E-04
   mg25     25   6.5424538E-06  3.6542100E-04  3.5887855E-04  1.5908621E-04  1.5625154E-04  7.8082453E-03
   mg26     26   2.4430628E-06  4.1337241E-04  4.1092935E-04  1.7996188E-04  1.7891386E-04  2.5365476E-03
   mg27     27   0.0000000E+00  0.0000000E+00  0.0000000E+00  0.0000000E+00  0.0000000E+00  0.0000000E+00
   al25     25   0.0000000E+00  0.0000000E+00  0.0000000E+00  0.0000000E+00  0.0000000E+00  0.0000000E+00
   al-6     26   0.0000000E+00  0.0000000E+00  0.0000000E+00  0.0000000E+00  0.0000000E+00  0.0000000E+00
   al*6     26   0.0000000E+00  0.0000000E+00  0.0000000E+00  0.0000000E+00  0.0000000E+00  0.0000000E+00
   al27     27   7.0443202E-06  2.6908578E-04  2.6204146E-04  1.1714662E-04  1.1408982E-04  1.1482901E-02
   al28     28   0.0000000E+00  0.0000000E+00  0.0000000E+00  0.0000000E+00  0.0000000E+00  0.0000000E+00
   si27     27   0.0000000E+00  0.0000000E+00  0.0000000E+00  0.0000000E+00  0.0000000E+00  0.0000000E+00
   si28     28   9.6252188E-07  3.0142069E-03  3.0132444E-03  1.3122364E-03  1.3119316E-03  1.0089179E-04
   si29     29   1.1440716E-07  1.5858360E-04  1.5846919E-04  6.9039444E-05  6.8995651E-05  2.7559811E-04
   si30     30   6.7456131E-07  1.0874321E-04  1.0806865E-04  4.7341407E-05  4.7051835E-05  2.6645872E-03
    p31     31   1.4151938E-06  3.1501440E-05  3.0086247E-05  1.3714167E-05  1.3099202E-05  1.9924598E-02
    p32     32   1.6372261E-25  1.6372261E-25  0.0000000E+00  7.1276714E-26  0.0000000E+00  0.0000000E+00
    p33     33   1.6829493E-24  1.6829493E-24  0.0000000E+00  7.3267281E-25  0.0000000E+00  0.0000000E+00
    s32     32  -1.4686957E-06  1.4425174E-03  1.4439861E-03  6.2800065E-04  6.2869478E-04 -4.7975068E-04
    s33     33   1.8268383E-07  1.2104368E-05  1.1921684E-05  5.2696423E-06  5.1905627E-06  6.5667122E-03
    s34     34   1.0085932E-07  6.9434100E-05  6.9333240E-05  3.0228168E-05  3.0186888E-05  5.9347023E-04
    s35     35   2.8880031E-19  2.8880031E-19  0.0000000E+00  1.2572935E-19  0.0000000E+00  0.0000000E+00
    s36     36   4.8664475E-08  3.9091245E-07  3.4224797E-07  1.7018392E-07  1.4901079E-07  5.7700817E-02
   cl35     35  -4.5640263E-08  1.4766540E-05  1.4812180E-05  6.4286201E-06  6.4490509E-06 -1.3780491E-03
   cl36     36   0.0000000E+00  0.0000000E+00  0.0000000E+00  0.0000000E+00  0.0000000E+00  0.0000000E+00
   cl37     37   6.2146955E-07  5.6262138E-06  5.0047443E-06  2.4493747E-06  2.1790077E-06  5.0796464E-02
   ar36     36  -8.5489592E-07  2.7498390E-04  2.7583880E-04  1.1971437E-04  1.2009701E-04 -1.3859175E-03
   ar37     37   5.2313833E-19  5.2313833E-19  0.0000000E+00  2.2774852E-19  0.0000000E+00  0.0000000E+00
   ar38     38   3.5756239E-07  5.3295691E-05  5.2938129E-05  2.3202305E-05  2.3048646E-05  2.8857370E-03
   ar39     39   2.2093126E-11  2.2093126E-11  0.0000000E+00  9.6182524E-12  0.0000000E+00  0.0000000E+00
   ar40     40   6.9282564E-08  1.5840732E-07  8.9124754E-08  6.8962699E-08  3.8803879E-08  2.4973911E-01
    k39     39   9.1317816E-08  1.4452182E-05  1.4360864E-05  6.2917643E-06  6.2525537E-06  2.7150104E-03
    k40     40  -2.3247895E-09  0.0000000E+00  2.3247895E-09  0.0000000E+00  1.0121863E-09  0.0000000E+00
    k41     41   7.2058356E-08  1.1615041E-06  1.0894457E-06  5.0566138E-07  4.7433201E-07  2.7777353E-02
   ca40     40  -6.1196624E-07  2.4802936E-04  2.4864133E-04  1.0797970E-04  1.0825555E-04 -1.1080635E-03
   ca41     41   0.0000000E+00  0.0000000E+00  0.0000000E+00  0.0000000E+00  0.0000000E+00  0.0000000E+00
   ca42     42   5.1994107E-08  1.7944142E-06  1.7424201E-06  7.8119905E-07  7.5862943E-07  1.2731997E-02
   ca43     43   1.0145044E-08  3.8237366E-07  3.7222861E-07  1.6646655E-07  1.6206401E-07  1.1640388E-02
   ca44     44   5.7420039E-08  5.9427684E-06  5.8853484E-06  2.5871871E-06  2.5624124E-06  4.1787941E-03
   ca45     45   1.7908312E-19  1.7908312E-19  0.0000000E+00  7.7963918E-20  0.0000000E+00  0.0000000E+00
   ca46     46   3.7324249E-08  4.9122278E-08  1.1798029E-08  2.1385407E-08  5.1367248E-09  6.1943126E-01
   ca47     47   4.2088234E-32  4.2088234E-32  0.0000000E+00  1.8323133E-32  0.0000000E+00  0.0000000E+00
   ca48     48  -4.2587089E-10  5.7513125E-07  5.7555712E-07  2.5038366E-07  2.5059089E-07 -3.5929051E-04
   sc45     45   1.0100706E-08  1.7614430E-07  1.6604359E-07  7.6684501E-08  7.2293453E-08  2.5608603E-02
   sc46     46   7.1334230E-21  7.1334230E-21  0.0000000E+00  3.1055391E-21  0.0000000E+00  0.0000000E+00
   sc47     47   1.1553705E-31  1.1553705E-31  0.0000000E+00  5.0299109E-32  0.0000000E+00  0.0000000E+00
   sc48     48  -7.0982556E-32  1.0464610E-28  1.0471708E-28  4.5557728E-29  4.5592603E-29  0.0000000E+00
   ti46     46   9.4547659E-09  1.0238696E-06  1.0144148E-06  4.4574210E-07  4.4166444E-07  3.9912364E-03
   ti47     47   2.3726443E-10  9.3494509E-07  9.3470783E-07  4.0702878E-07  4.0696094E-07  7.2371142E-05
   ti48     48  -3.6029633E-08  9.4226561E-06  9.4586858E-06  4.1021576E-06  4.1182020E-06 -1.6953151E-03
   ti49     49   4.0131738E-08  7.4872554E-07  7.0859380E-07  3.2595801E-07  3.0851351E-07  2.3887469E-02
   ti50     50   8.8961201E-08  7.8127493E-07  6.9231373E-07  3.4012842E-07  3.0142536E-07  5.2463159E-02
    v51     51  -7.4265927E-09  1.5182908E-06  1.5257174E-06  6.6098863E-07  6.6427958E-07 -2.1569114E-03
   cr52     52  -1.4482066E-07  6.2400817E-05  6.2545638E-05  2.7166225E-05  2.7231643E-05 -1.0445633E-03
   cr53     53  -2.0289917E-08  7.2082362E-06  7.2285261E-06  3.1381089E-06  3.1472164E-06 -1.2585857E-03
   cr54     54   8.6485784E-08  1.9197710E-06  1.8332852E-06  8.3577316E-07  7.9819102E-07  1.9981563E-02
   mn55     55   4.9766095E-07  5.5119119E-05  5.4621458E-05  2.3996134E-05  2.3781547E-05  3.9011473E-03
   fe54     54  -2.0125008E-06  3.5789274E-04  3.5990524E-04  1.5580877E-04  1.5669856E-04 -2.4731068E-03
   fe55     55   1.3609592E-14  1.3609592E-14  0.0000000E+00  5.9249421E-15  0.0000000E+00  0.0000000E+00
   fe56     56  -1.5954487E-05  5.8429530E-03  5.8589075E-03  2.5437323E-03  2.5509002E-03 -1.2220601E-03
   fe57     57   4.1343737E-06  1.4186416E-04  1.3772979E-04  6.1760627E-05  5.9965951E-05  1.2806953E-02
   fe58     58   3.4760269E-06  2.2125738E-05  1.8649711E-05  9.6324502E-06  8.1198668E-06  7.4187867E-02
   fe59     59   1.0801959E-19  1.0801959E-19  0.0000000E+00  4.7026381E-20  0.0000000E+00  0.0000000E+00
   fe60     60   0.0000000E+00  0.0000000E+00  0.0000000E+00  0.0000000E+00  0.0000000E+00  0.0000000E+00
   co59     59   1.0246140E-06  1.5408325E-05  1.4383711E-05  6.7080214E-06  6.2625008E-06  2.9846646E-02
   co60     60   7.7796004E-15  7.7796004E-15  0.0000000E+00  3.3868528E-15  0.0000000E+00  0.0000000E+00
   ni58     58  -1.1426600E-06  2.0465735E-04  2.0580001E-04  8.9097673E-05  8.9602931E-05 -2.4558469E-03
   ni59     59   0.0000000E+00  0.0000000E+00  0.0000000E+00  0.0000000E+00  0.0000000E+00  0.0000000E+00
   ni60     60   5.7440047E-07  8.2579158E-05  8.2004757E-05  3.5950874E-05  3.5703917E-05  2.9935704E-03
   ni61     61   4.1503154E-07  4.0391296E-06  3.6240981E-06  1.7584370E-06  1.5778902E-06  4.7050036E-02
   ni62     62   5.8213664E-07  1.2326787E-05  1.1744651E-05  5.3664726E-06  5.1134848E-06  2.0971932E-02
   ni63     63   0.0000000E+00  0.0000000E+00  0.0000000E+00  0.0000000E+00  0.0000000E+00  0.0000000E+00
   ni64     64   2.1282981E-06  5.2157347E-06  3.0874367E-06  2.2706727E-06  1.3442341E-06  2.2767965E-01
   cu63     63   2.3002144E-07  2.7783469E-06  2.5483255E-06  1.2095546E-06  1.1095112E-06  3.7493762E-02
   cu64     64   1.0210870E-39  1.0210870E-39  0.0000000E+00  4.4453111E-40  0.0000000E+00  0.0000000E+00
   cu65     65   5.3189058E-07  1.7037996E-06  1.1719090E-06  7.4174994E-07  5.1023562E-07  1.6248675E-01
   zn64     64   1.2334021E-07  4.4893518E-06  4.3660116E-06  1.9544414E-06  1.9009107E-06  1.2060946E-02
   zn65     65   1.6791009E-17  1.6791009E-17  0.0000000E+00  7.3099737E-18  0.0000000E+00  0.0000000E+00
   zn66     66   5.7827810E-07  3.1614866E-06  2.5832085E-06  1.3763547E-06  1.1246990E-06  8.7694056E-02
   zn67     67   1.2857981E-07  5.1393204E-07  3.8535222E-07  2.2374056E-07  1.6777788E-07  1.2501000E-01
   zn68     68   7.5984940E-07  2.5484489E-06  1.7885995E-06  1.1094685E-06  7.7873545E-07  1.5372503E-01
   zn69     69   0.0000000E+00  0.0000000E+00  0.0000000E+00  0.0000000E+00  0.0000000E+00  0.0000000E+00
   zn70     70   3.5112038E-09  6.4394541E-08  6.0883337E-08  2.8034194E-08  2.6507900E-08  2.4312738E-02
   ga69     69   1.3396567E-07  2.9794759E-07  1.6398192E-07  1.2971162E-07  7.1395824E-08  2.5930607E-01
   ga70     70   0.0000000E+00  0.0000000E+00  0.0000000E+00  0.0000000E+00  0.0000000E+00  0.0000000E+00
   ga71     71   1.5712570E-07  2.6910766E-07  1.1198197E-07  1.1715615E-07  4.8755648E-08  3.8074014E-01
   ge70     70   2.4746623E-07  4.2984917E-07  1.8238295E-07  1.8713504E-07  7.9407421E-08  3.7229401E-01
   ge71     71   6.6577233E-25  6.6577233E-25  0.0000000E+00  2.8984428E-25  0.0000000E+00  0.0000000E+00
   ge72     72   2.7808809E-07  5.2600132E-07  2.4791322E-07  2.2899492E-07  1.0793853E-07  3.2664934E-01
   ge73     73   7.9304087E-08  1.4985537E-07  7.0551280E-08  6.5239604E-08  3.0717207E-08  3.2712960E-01
   ge74     74   3.6791008E-07  7.0356668E-07  3.3565661E-07  3.0629809E-07  1.4614099E-07  3.2137224E-01
   as75     75   3.3680845E-08  8.2891972E-08  4.9211128E-08  3.6087059E-08  2.1425953E-08  2.2641137E-01
   se76     76   1.2795158E-07  1.7918484E-07  5.1233261E-08  7.8008206E-08  2.2306367E-08  5.4371148E-01
   se77     77   5.1921820E-08  9.4191030E-08  4.2269210E-08  4.1006111E-08  1.8403522E-08  3.4794760E-01
   se78     78   3.4515165E-07  4.7854337E-07  1.3339172E-07  2.0833409E-07  5.8077209E-08  5.5475461E-01
   se79     79   0.0000000E+00  0.0000000E+00  0.0000000E+00  0.0000000E+00  0.0000000E+00  0.0000000E+00
   se80     80   4.4817941E-07  7.3371473E-07  2.8553532E-07  3.1942307E-07  1.2431876E-07  4.0982962E-01
   br79     79   7.5049314E-08  1.2071152E-07  4.5662205E-08  5.2551815E-08  1.9880794E-08  4.2215398E-01
   br80     80   0.0000000E+00  0.0000000E+00  0.0000000E+00  0.0000000E+00  0.0000000E+00  0.0000000E+00
   br81     81   6.0977698E-08  1.0652064E-07  4.5542944E-08  4.6373813E-08  1.9828869E-08  3.6897489E-01
   kr80     80   2.2137332E-09  1.3095665E-08  1.0881932E-08  5.7012040E-09  4.7378670E-09  8.0383725E-02
   kr81     81   0.0000000E+00  0.0000000E+00  0.0000000E+00  0.0000000E+00  0.0000000E+00  0.0000000E+00
   kr82     82   2.7397746E-07  3.2986799E-07  5.5890517E-08  1.4360819E-07  2.4334081E-08  7.7096426E-01
   kr83     83   8.6987718E-08  1.4302950E-07  5.6041777E-08  6.2267958E-08  2.4399938E-08  4.0687591E-01
   kr84     84   5.7188777E-07  8.5140857E-07  2.7952083E-07  3.7066113E-07  1.2170013E-07  4.8368603E-01
   kr-5     85   2.1652068E-15  2.1652068E-15  0.0000000E+00  9.4262379E-16  0.0000000E+00  0.0000000E+00
   kr*5     85   0.0000000E+00  0.0000000E+00  0.0000000E+00  0.0000000E+00  0.0000000E+00  0.0000000E+00
   kr86     86   6.4583261E-08  1.5112595E-07  8.6542684E-08  6.5792754E-08  3.7679676E-08  2.4207093E-01
   rb85     85   8.7542844E-08  1.3290840E-07  4.5365550E-08  5.7861733E-08  1.9751633E-08  4.6678841E-01
   rb86     86   4.9238281E-23  4.9238281E-23  0.0000000E+00  2.1435908E-23  0.0000000E+00  0.0000000E+00
   rb87     87   6.3483441E-09  2.5458030E-08  1.9109686E-08  1.1083165E-08  8.3201357E-09  1.2453342E-01
   sr86     86   2.2380800E-07  2.4497768E-07  2.1169679E-08  1.0665115E-07  9.2170325E-09  1.0633744E+00
   sr87     87   1.4610924E-07  1.6107593E-07  1.4966693E-08  7.0124486E-08  6.5163239E-09  1.0318670E+00
   sr88     88   1.6667107E-06  1.8482123E-06  1.8150163E-07  8.0462007E-07  7.9023707E-08  1.0078335E+00
   sr89     89   7.8089475E-22  7.8089475E-22  0.0000000E+00  3.3996290E-22  0.0000000E+00  0.0000000E+00
   sr90     90   7.7574437E-15  7.7574437E-15  0.0000000E+00  3.3772068E-15  0.0000000E+00  0.0000000E+00
    y89     89   3.9086936E-07  4.3415997E-07  4.3290601E-08  1.8901174E-07  1.8848224E-08  1.0012183E+00
    y90     90   1.9617980E-18  1.9617980E-18  0.0000000E+00  8.5406967E-19  0.0000000E+00  0.0000000E+00
    y91     91   2.4945093E-25  2.4945093E-25  0.0000000E+00  1.0859859E-25  0.0000000E+00  0.0000000E+00
   zr90     90   3.9382331E-07  4.4542156E-07  5.1598246E-08  1.9391449E-07  2.2465278E-08  9.3609846E-01
   zr91     91   8.8774371E-08  1.0015176E-07  1.1377391E-08  4.3601116E-08  4.9535838E-09  9.4457805E-01
   zr92     92   1.3159192E-07  1.4917340E-07  1.7581485E-08  6.4942711E-08  7.6547746E-09  9.2859799E-01
   zr93     93   0.0000000E+00  0.0000000E+00  0.0000000E+00  0.0000000E+00  0.0000000E+00  0.0000000E+00
   zr94     94   1.6774982E-07  1.8595441E-07  1.8204586E-08  8.0955338E-08  7.9260651E-09  1.0091878E+00
   zr95     95   2.8734542E-21  2.8734542E-21  0.0000000E+00  1.2509596E-21  0.0000000E+00  0.0000000E+00
   zr96     96   6.2566308E-10  3.6209431E-09  2.9952800E-09  1.5763792E-09  1.3041102E-09  8.2346432E-02
   nb93     93   4.4892069E-08  5.2753208E-08  7.8611411E-09  2.2966134E-08  3.4226495E-09  8.2672548E-01
   nb94     94   1.2624955E-11  1.2624955E-11  0.0000000E+00  5.4962801E-12  0.0000000E+00  0.0000000E+00
   nb95     95   3.2648611E-21  3.2648611E-21  0.0000000E+00  1.4213588E-21  0.0000000E+00  0.0000000E+00
   mo94     94   2.1732172E-10  2.6811555E-09  2.4638338E-09  1.1672423E-09  1.0727247E-09  3.6672741E-02
   mo95     95   1.8260202E-08  2.2569745E-08  4.3095421E-09  9.8257491E-09  1.8763244E-09  7.1905774E-01
   mo96     96   3.6448345E-08  4.1032504E-08  4.5841575E-09  1.7863520E-08  1.9958890E-09  9.5183069E-01
   mo97     97   1.2074115E-08  1.4740985E-08  2.6668705E-09  6.4174950E-09  1.1611244E-09  7.4248677E-01
   mo98     98   4.3270703E-08  5.0116981E-08  6.8462791E-09  2.1818451E-08  2.9807905E-09  8.6449248E-01
   tc99     99   0.0000000E+00  0.0000000E+00  0.0000000E+00  0.0000000E+00  0.0000000E+00  0.0000000E+00
   ru99     99   5.5285767E-09  7.9191329E-09  2.3905560E-09  3.4475982E-09  1.0408203E-09  5.2014089E-01
  ru100    100   2.1324102E-08  2.3708466E-08  2.3843645E-09  1.0321492E-08  1.0381246E-09  9.9749303E-01
  ru101    101   4.5417070E-09  7.8023286E-09  3.2606216E-09  3.3967473E-09  1.4196366E-09  3.7888604E-01
  ru102    102   2.8177956E-08  3.4267696E-08  6.0897407E-09  1.4918458E-08  2.6514024E-09  7.5024825E-01
  rh103    103   4.6453517E-09  8.5344443E-09  3.8890926E-09  3.7154744E-09  1.6932657E-09  3.4128916E-01
  pd104    104   1.5524002E-08  1.7225853E-08  1.7018504E-09  7.4992830E-09  7.4096596E-10  1.0052215E+00
  pd105    105   3.8656838E-09  7.3097386E-09  3.4440548E-09  3.1822982E-09  1.4995014E-09  3.2679397E-01
  pd106    106   1.7765336E-08  2.2020835E-08  4.2554995E-09  9.5867811E-09  1.8527950E-09  7.1384543E-01
  pd107    107   0.0000000E+00  0.0000000E+00  0.0000000E+00  0.0000000E+00  0.0000000E+00  0.0000000E+00
  pd108    108   2.1960240E-08  2.6158016E-08  4.1977772E-09  1.1387905E-08  1.8276636E-09  7.9454756E-01
  ag107    107   3.4487508E-09  6.3396488E-09  2.8908980E-09  2.7599691E-09  1.2586634E-09  3.4099466E-01
  ag108    108   0.0000000E+00  0.0000000E+00  0.0000000E+00  0.0000000E+00  0.0000000E+00  0.0000000E+00
  ag109    109   5.4442308E-09  8.1802254E-09  2.7359948E-09  3.5612651E-09  1.1912203E-09  4.7561222E-01
  cd108    108   1.9347621E-11  1.8146011E-10  1.6211249E-10  7.8998745E-11  7.0581894E-11  4.8926894E-02
  cd109    109   8.7055048E-21  8.7055048E-21  0.0000000E+00  3.7899457E-21  0.0000000E+00  0.0000000E+00
  cd110    110   1.8689882E-08  2.1007068E-08  2.3171864E-09  9.1454373E-09  1.0088761E-09  9.5736665E-01
  cd111    111   6.1033845E-09  8.4996765E-09  2.3962923E-09  3.7003383E-09  1.0433179E-09  5.4982477E-01
  cd112    112   2.2635348E-08  2.7193506E-08  4.5581579E-09  1.1838706E-08  1.9845690E-09  7.7563804E-01
  cd113    113   6.5782757E-09  8.9072074E-09  2.3289319E-09  3.8777568E-09  1.0139899E-09  5.8254695E-01
  cd114    114   3.1493734E-08  3.7017600E-08  5.5238645E-09  1.6115630E-08  2.4050264E-09  8.2612741E-01
  in115    115   5.9927103E-09  8.0755767E-09  2.0828665E-09  3.5157062E-09  9.0685587E-10  5.8847433E-01
  sn116    116   4.2824500E-08  4.9341100E-08  6.5166006E-09  2.1480671E-08  2.8372522E-09  8.7914991E-01
  sn117    117   1.2558554E-08  1.6030224E-08  3.4716701E-09  6.9787656E-09  1.5115248E-09  6.6436332E-01
  sn118    118   5.5036956E-08  6.5623432E-08  1.0586477E-08  2.8569191E-08  4.6092290E-09  7.9226971E-01
  sn119    119   1.6182916E-08  2.0132402E-08  3.9494852E-09  8.7646512E-09  1.7195600E-09  7.0731729E-01
  sn120    120   8.3063703E-08  9.8169181E-08  1.5105478E-08  4.2737998E-08  6.5767498E-09  8.1280285E-01
  sb121    121   6.0272649E-09  8.3567713E-09  2.3295066E-09  3.6381242E-09  1.0142401E-09  5.5473673E-01
  te122    122   1.0837491E-08  1.2385973E-08  1.5484821E-09  5.3922391E-09  6.7419115E-10  9.0298605E-01
  te123    123   3.9958130E-09  4.5406963E-09  5.4488308E-10  1.9767943E-09  2.3723576E-10  9.2078131E-01
  te124    124   2.0639771E-08  2.3565317E-08  2.9255465E-09  1.0259172E-08  1.2737490E-09  9.0602851E-01
  te125    125   6.8999633E-09  1.1298821E-08  4.3988582E-09  4.9189470E-09  1.9152118E-09  4.0965536E-01
  te126    126   3.7185387E-08  4.9001020E-08  1.1815635E-08  2.1332617E-08  5.1443902E-09  6.1771023E-01
   i127    127   4.6620707E-09  1.9480822E-08  1.4818752E-08  8.4809848E-09  6.4519119E-09  1.1875786E-01
   i128    128   0.0000000E+00  0.0000000E+00  0.0000000E+00  0.0000000E+00  0.0000000E+00  0.0000000E+00
   i129    129   3.2289826E-12  3.2289826E-12  0.0000000E+00  1.4057391E-12  0.0000000E+00  0.0000000E+00
  xe128    128   1.1927725E-08  1.3528238E-08  1.6005128E-09  5.8895249E-09  6.9684469E-10  9.2694426E-01
  xe129    129   4.4011070E-09  2.4493920E-08  2.0092813E-08  1.0663440E-08  8.7481773E-09  8.5979745E-02
  xe130    130   2.4503235E-08  2.7754396E-08  3.2511611E-09  1.2082889E-08  1.4155179E-09  9.3125546E-01
  xe131    131   8.9354284E-09  2.5175670E-08  1.6240241E-08  1.0960240E-08  7.0708124E-09  1.9035077E-01
  xe132    132   4.4845777E-08  6.4847022E-08  2.0001243E-08  2.8231181E-08  8.7083096E-09  5.1079518E-01
  xe133    133   1.2228546E-29  1.2228546E-29  0.0000000E+00  5.3237033E-30  0.0000000E+00  0.0000000E+00
  xe134    134   1.2489121E-10  7.6218889E-09  7.4969977E-09  3.3181928E-09  3.2641059E-09  7.1373787E-03
  cs133    133   5.8172787E-09  1.1075719E-08  5.2584403E-09  4.8218194E-09  2.2894637E-09  3.2347718E-01
  cs134    134   2.1653756E-18  2.1653756E-18  0.0000000E+00  9.4269732E-19  0.0000000E+00  0.0000000E+00
  cs135    135   0.0000000E+00  0.0000000E+00  0.0000000E+00  0.0000000E+00  0.0000000E+00  0.0000000E+00
  cs136    136   2.6882223E-27  2.6882223E-27  0.0000000E+00  1.1703189E-27  0.0000000E+00  0.0000000E+00
  cs137    137   0.0000000E+00  0.0000000E+00  0.0000000E+00  0.0000000E+00  0.0000000E+00  0.0000000E+00
  ba134    134   1.7049087E-08  1.8661179E-08  1.6120918E-09  8.1241529E-09  7.0188605E-10  1.0635115E+00
  ba135    135   7.1806872E-09  1.1610309E-08  4.4296220E-09  5.0545537E-09  1.9286059E-09  4.1843930E-01
  ba136    136   4.2973340E-08  4.8290062E-08  5.3167231E-09  2.1023101E-08  2.3148394E-09  9.5817590E-01
  ba137    137   3.3171766E-08  4.0830940E-08  7.6591737E-09  1.7775768E-08  3.3347154E-09  7.2676963E-01
  ba138    138   3.0483483E-07  3.5408331E-07  4.9248499E-08  1.5415034E-07  2.1442224E-08  8.5667467E-01
  la139    139   3.3688600E-08  4.0443645E-08  6.7550459E-09  1.7607160E-08  2.9410685E-09  7.7718419E-01
  ce140    140   8.4366725E-08  9.9849004E-08  1.5482279E-08  4.3469310E-08  6.7408044E-09  8.0947101E-01
  ce141    141   1.3026262E-23  1.3026262E-23  0.0000000E+00  5.6709893E-24  0.0000000E+00  0.0000000E+00
  ce142    142   1.2618862E-10  2.0993440E-09  1.9731554E-09  9.1395042E-10  8.5908897E-10  2.6884504E-02
  pr141    141   6.9574320E-09  9.6256709E-09  2.6682387E-09  4.1905404E-09  1.1617202E-09  5.5716848E-01
  nd142    142   2.1617353E-08  2.5176782E-08  3.5594279E-09  1.0960724E-08  1.5497336E-09  8.4958220E-01
  nd143    143   2.8569052E-09  4.4504045E-09  1.5934993E-09  1.9374857E-09  6.9379108E-10  4.4600981E-01
  nd144    144   8.9228847E-09  1.2089872E-08  3.1669873E-09  5.2633315E-09  1.3788695E-09  5.8173764E-01
  nd145    145   1.6212164E-09  2.7988876E-09  1.1776712E-09  1.2184970E-09  5.1274435E-10  3.7592354E-01
  nd146    146   8.4347853E-09  1.0752781E-08  2.3179958E-09  4.6812283E-09  1.0092285E-09  6.6637027E-01
  nd147    147   8.1445597E-27  8.1445597E-27  0.0000000E+00  3.5457379E-27  0.0000000E+00  0.0000000E+00
  nd148    148   1.6193330E-10  9.4601083E-10  7.8407753E-10  4.1184625E-10  3.4137826E-10  8.1499241E-02
  pm147    147   2.8759341E-19  2.8759341E-19  0.0000000E+00  1.2520392E-19  0.0000000E+00  0.0000000E+00
  pm148    148   2.3173565E-34  2.3173565E-34  0.0000000E+00  1.0088623E-34  0.0000000E+00  0.0000000E+00
  sm147    147   9.3607522E-10  1.5672077E-09  6.3113254E-10  6.8228462E-10  2.7478778E-10  3.9496818E-01
  sm148    148   2.7502365E-09  3.2267038E-09  4.7646742E-10  1.4047470E-09  2.0744838E-10  8.3068806E-01
  sm149    149   3.7268544E-10  9.6247388E-10  5.8978844E-10  4.1901346E-10  2.5678701E-10  2.1265492E-01
  sm150    150   1.7570807E-09  2.0741502E-09  3.1706943E-10  9.0298224E-10  1.3804835E-10  8.1564802E-01
  sm151    151   4.2775259E-14  4.2775259E-14  0.0000000E+00  1.8622229E-14  0.0000000E+00  0.0000000E+00
  sm152    152   1.3926736E-09  2.5572564E-09  1.1645828E-09  1.1133028E-09  5.0704585E-10  3.4156606E-01
  eu151    151   2.4603070E-10  1.0142804E-09  7.6824974E-10  4.4156748E-10  3.3448702E-10  1.2061779E-01
  eu152    152   2.3476436E-17  2.3476436E-17  0.0000000E+00  1.0220477E-17  0.0000000E+00  0.0000000E+00
  eu153    153   2.5303964E-10  1.1027808E-09  8.4974111E-10  4.8009613E-10  3.6996742E-10  1.1316475E-01
  eu154    154   1.0286433E-17  1.0286433E-17  0.0000000E+00  4.4782036E-18  0.0000000E+00  0.0000000E+00
  eu155    155   1.4552786E-20  1.4552786E-20  0.0000000E+00  6.3355621E-21  0.0000000E+00  0.0000000E+00
  gd152    152   4.5879888E-12  1.5805156E-11  1.1217167E-11  6.8807820E-12  4.8838242E-12  1.4887778E-01
  gd153    153   2.9721902E-21  2.9721902E-21  0.0000000E+00  1.2939444E-21  0.0000000E+00  0.0000000E+00
  gd154    154   6.3202310E-10  7.5589646E-10  1.2387336E-10  3.2907987E-10  5.3933018E-11  7.8544658E-01
  gd155    155   2.3835894E-10  1.0848151E-09  8.4645618E-10  4.7227477E-10  3.6853717E-10  1.0771343E-01
  gd156    156   1.0623628E-09  2.2406330E-09  1.1782703E-09  9.7546060E-10  5.1300519E-10  2.7908796E-01
  gd157    157   5.0978410E-10  1.4163822E-09  9.0659813E-10  6.1662270E-10  3.9472228E-10  1.9372788E-01
  gd158    158   2.1471567E-09  3.5953176E-09  1.4481608E-09  1.5652232E-09  6.3051242E-10  3.9488265E-01
  gd159    159   0.0000000E+00  0.0000000E+00  0.0000000E+00  0.0000000E+00  0.0000000E+00  0.0000000E+00
  gd160    160   2.6305624E-12  1.2931937E-09  1.2905631E-09  5.6299249E-10  5.6189614E-10  8.4652571E-04
  tb159    159   4.5068549E-10  1.5431504E-09  1.0924649E-09  6.7181127E-10  4.7564652E-10  1.4996296E-01
  tb160    160   1.1254628E-20  1.1254628E-20  0.0000000E+00  4.8997078E-21  0.0000000E+00  0.0000000E+00
  tb161    161   1.1671918E-28  1.1671918E-28  0.0000000E+00  5.0813748E-29  0.0000000E+00  0.0000000E+00
  dy160    160   7.9585682E-10  9.6116537E-10  1.6530857E-10  4.1844381E-10  7.1973427E-11  7.6446497E-01
  dy161    161   3.4457104E-10  1.6936740E-09  1.3491029E-09  7.3734174E-10  5.8738370E-10  9.8746926E-02
  dy162    162   1.6066601E-09  3.4374257E-09  1.8307655E-09  1.4964849E-09  7.9709406E-10  2.7356279E-01
  dy163    163   6.7457240E-10  2.4747917E-09  1.8002193E-09  1.0774017E-09  7.8379458E-10  1.3817541E-01
  dy164    164   3.2965621E-09  5.3525717E-09  2.0560096E-09  2.3302447E-09  8.9516272E-10  4.1549954E-01
  ho165    165   5.9896166E-10  2.2003264E-09  1.6013647E-09  9.5791308E-10  6.9721562E-10  1.3795899E-01
  er166    166   1.3699643E-09  2.8912208E-09  1.5212566E-09  1.2586944E-09  6.6233746E-10  2.7884096E-01
  er167    167   5.4689353E-10  1.5915347E-09  1.0446412E-09  6.9287537E-10  4.5482462E-10  1.8281116E-01
  er168    168   2.1423903E-09  3.3821053E-09  1.2397149E-09  1.4724011E-09  5.3975746E-10  4.3582746E-01
  er169    169   2.3673350E-27  2.3673350E-27  0.0000000E+00  1.0306204E-27  0.0000000E+00  0.0000000E+00
  er170    170   1.4935586E-10  8.4266483E-10  6.9330897E-10  3.6685452E-10  3.0185868E-10  8.4690221E-02
  tm169    169   5.1984350E-10  1.2525007E-09  7.3265716E-10  5.4527677E-10  3.1899042E-10  2.3283938E-01
  tm170    170   4.7379876E-21  4.7379876E-21  0.0000000E+00  2.0626851E-21  0.0000000E+00  0.0000000E+00
  tm171    171   5.7425815E-19  5.7425815E-19  0.0000000E+00  2.5000355E-19  0.0000000E+00  0.0000000E+00
  yb170    170   7.4146217E-10  8.8003410E-10  1.3857192E-10  3.8312326E-10  6.0332607E-11  8.0278647E-01
  yb171    171   7.7735191E-10  1.4363797E-09  6.5902778E-10  6.2532857E-10  2.8693303E-10  3.3832771E-01
  yb172    172   2.2299540E-09  3.2504075E-09  1.0204536E-09  1.4150664E-09  4.4429369E-10  5.0310665E-01
  yb173    173   1.0171943E-09  1.7790417E-09  7.6184731E-10  7.7450663E-10  3.3169947E-10  3.6828038E-01
  yb174    174   4.8514477E-09  6.3759114E-09  1.5244636E-09  2.7757561E-09  6.6373379E-10  6.2138736E-01
  lu175    175   6.3028599E-10  1.3183247E-09  6.8803868E-10  5.7393329E-10  2.9956407E-10  2.8237170E-01
  lu176    176   4.7932891E-10  4.9941246E-10  2.0083563E-11  2.1741944E-10  8.7441504E-12  1.3955808E+00
  lu177    177   2.5040232E-29  2.5040232E-29  0.0000000E+00  1.0901277E-29  0.0000000E+00  0.0000000E+00
  hf176    176  -2.1906088E-12  1.5234378E-10  1.5453439E-10  6.6322933E-11  6.7282471E-11 -6.2382217E-03
  hf177    177   5.0554472E-10  1.0609726E-09  5.5542793E-10  4.6189494E-10  2.4182686E-10  2.8103867E-01
  hf178    178   2.3477884E-09  3.1672884E-09  8.1950008E-10  1.3788805E-09  3.5680081E-10  5.8710086E-01
  hf179    179   8.1974394E-10  1.2311994E-09  4.1145543E-10  5.3600324E-10  1.7914291E-10  4.7596779E-01
  hf180    180   4.7061706E-09  5.7717289E-09  1.0655585E-09  2.5127249E-09  4.6393178E-10  7.3369080E-01
  hf181    181   2.0223045E-22  2.0223045E-22  0.0000000E+00  8.8041124E-23  0.0000000E+00  0.0000000E+00
  hf182    182   2.3451255E-10  2.3451255E-10  0.0000000E+00  1.0209514E-10  0.0000000E+00  0.0000000E+00
  ta181    181   1.0555146E-09  1.5069699E-09  4.5145526E-10  6.5606004E-10  1.9655837E-10  5.2345204E-01
  ta182    182   2.1516750E-18  2.1516750E-18  0.0000000E+00  9.3673272E-19  0.0000000E+00  0.0000000E+00
  ta183    183   1.9607781E-32  1.9607781E-32  0.0000000E+00  8.5362563E-33  0.0000000E+00  0.0000000E+00
   w182    182   2.3199682E-09  3.0284590E-09  7.0849082E-10  1.3184410E-09  3.0846867E-10  6.3084966E-01
   w183    183   1.2858913E-09  1.6705667E-09  3.8467537E-10  7.2728201E-10  1.6748318E-10  6.3773167E-01
   w184    184   3.1364309E-09  3.9645660E-09  8.2813512E-10  1.7259757E-09  3.6056041E-10  6.8005663E-01
   w185    185   2.9369704E-21  2.9369704E-21  0.0000000E+00  1.2786114E-21  0.0000000E+00  0.0000000E+00
   w186    186   6.5062294E-10  1.4273961E-09  7.7677315E-10  6.2141758E-10  3.3819803E-10  2.6421246E-01
  re185    185   5.8190619E-10  9.7671304E-10  3.9480685E-10  4.2521248E-10  1.7189432E-10  3.9334449E-01
  re186    186   8.3812377E-32  8.3812377E-32  0.0000000E+00  3.6487759E-32  0.0000000E+00  0.0000000E+00
  re187    187   1.1771001E-10  8.3767049E-10  7.1996048E-10  3.6468023E-10  3.1346245E-10  6.5726675E-02
  os186    186   1.3843309E-09  1.6031569E-09  2.1882603E-10  6.9793515E-10  9.5274309E-11  8.6483926E-01
  os187    187   4.3396592E-10  6.0894673E-10  1.7498081E-10  2.6510524E-10  7.6184607E-11  5.4155111E-01
  os188    188   2.4194171E-09  4.2653912E-09  1.8459740E-09  1.8569400E-09  8.0371565E-10  3.6369547E-01
  os189    189   4.7221516E-10  2.7348657E-09  2.2626505E-09  1.1906250E-09  9.8513175E-10  8.2280681E-02
  os190    190   2.5534965E-09  6.2524923E-09  3.6989958E-09  2.7220255E-09  1.6104998E-09  2.2793150E-01
  os191    191   7.6081631E-25  7.6081631E-25  0.0000000E+00  3.3122174E-25  0.0000000E+00  0.0000000E+00
  os192    192   2.4158497E-10  6.0468013E-09  5.8052163E-09  2.6324778E-09  2.5275240E-09  1.7669454E-02
  ir191    191   4.2328674E-10  5.3180829E-09  4.8947961E-09  2.3152298E-09  2.1311375E-09  3.5982624E-02
  ir192    192   5.8475485E-20  5.8475485E-20  0.0000000E+00  2.5457330E-20  0.0000000E+00  0.0000000E+00
  ir193    193   4.3122839E-10  8.7454728E-09  8.3142444E-09  3.8073455E-09  3.6199255E-09  2.1922687E-02
  pt192    192   7.9999463E-10  1.0058272E-09  2.0583256E-10  4.3788734E-10  8.9617105E-11  6.8897152E-01
  pt193    193   6.8073599E-15  6.8073599E-15  0.0000000E+00  2.9635872E-15  0.0000000E+00  0.0000000E+00
  pt194    194   2.0034943E-09  1.0771037E-08  8.7675422E-09  4.6891757E-09  3.8172860E-09  8.9341782E-02
  pt195    195   7.4259621E-10  9.7865964E-09  9.0440002E-09  4.2605994E-09  3.9376529E-09  3.4233298E-02
  pt196    196   3.7209391E-09  1.0503474E-08  6.7825345E-09  4.5726920E-09  2.9530367E-09  1.8990311E-01
  au197    197   1.1526313E-09  5.2402434E-09  4.0876120E-09  2.2813424E-09  1.7796988E-09  1.0784395E-01
  hg198    198   3.8519801E-09  4.8122071E-09  9.6022723E-10  2.0949966E-09  4.1807177E-10  6.9993246E-01
  hg199    199   1.6056726E-09  3.2386192E-09  1.6329466E-09  1.4099344E-09  7.1096595E-10  2.9735011E-01
  hg200    200   5.3897935E-09  7.6370350E-09  2.2472415E-09  3.3247869E-09  9.7842279E-10  5.3123730E-01
  hg201    201   2.1599109E-09  3.4485095E-09  1.2885985E-09  1.5013102E-09  5.6104082E-10  4.2747593E-01
  hg202    202   9.0400780E-09  1.1973987E-08  2.9339093E-09  5.2128808E-09  1.2773901E-09  6.1075425E-01
  tl203    203   3.9466448E-09  5.1072524E-09  1.1606077E-09  2.2234448E-09  5.0531512E-10  6.4346403E-01
  tl204    204   2.6318952E-21  2.6318952E-21  0.0000000E+00  1.1457968E-21  0.0000000E+00  0.0000000E+00
  tl205    205   4.2511754E-09  7.0488584E-09  2.7976830E-09  3.0687237E-09  1.2180786E-09  4.0128249E-01
  pb204    204   5.2910698E-09  6.7600534E-09  1.4689835E-09  2.9429925E-09  6.3957839E-10  6.6289538E-01
  pb205    205   0.0000000E+00  0.0000000E+00  0.0000000E+00  0.0000000E+00  0.0000000E+00  0.0000000E+00
  pb206    206   3.1450782E-08  4.5253412E-08  1.3802632E-08  1.9701094E-08  6.0095058E-09  5.1565158E-01
  pb207    207   3.6167236E-08  5.1515563E-08  1.5348329E-08  2.2427324E-08  6.6824839E-09  5.2583957E-01
  pb208    208   5.8089661E-08  1.0223398E-07  4.4144322E-08  4.4507612E-08  1.9219925E-08  3.6468261E-01
  bi209    209   3.9256509E-10  3.4626351E-09  3.0700700E-09  1.5074598E-09  1.3366728E-09  5.2220654E-02
  bi210    210   0.0000000E+00  0.0000000E+00  0.0000000E+00  0.0000000E+00  0.0000000E+00  0.0000000E+00
  po210    210   0.0000000E+00  0.0000000E+00  0.0000000E+00  0.0000000E+00  0.0000000E+00  0.0000000E+00
