  species    A      yield       mass(i)_lost    mass(i)_0        <X(i)>          X0(i)   log10(<X(i)>/X0(i)) 
      n      1   0.0000000E+00  0.0000000E+00  0.0000000E+00  0.0000000E+00  0.0000000E+00  0.0000000E+00
      p      1  -2.3555255E-01  2.8577852E+00  3.0933378E+00  6.1937261E-01  6.7046791E-01 -3.4426000E-02
      d      2  -4.4021202E-04  2.2313353E-09  4.4021427E-04  4.8360110E-10  9.5414587E-05 -5.2951274E+00
    he3      3  -2.6208663E-03  1.7920432E-04  2.8000707E-03  3.8839255E-05  6.0690352E-04 -1.1938488E+00
    he4      4   2.2274888E-01  1.6078255E+00  1.3850766E+00  3.4846675E-01  3.0020952E-01  6.4736873E-02
    li7      7   6.5723256E-08  1.4348146E-07  7.7758202E-08  3.1096981E-08  1.6853761E-08  2.6602140E-01
    be7      7   2.7584964E-11  2.7584964E-11  0.0000000E+00  5.9785358E-12  0.0000000E+00  0.0000000E+00
     b8      8   1.0642331E-23  1.0642331E-23  0.0000000E+00  2.3065303E-24  0.0000000E+00  0.0000000E+00
    c12     12  -5.4504462E-03  1.7685320E-02  2.3135766E-02  3.8329693E-03  5.0145797E-03 -1.1669920E-01
    c13     13   3.6618942E-03  3.9422475E-03  2.8035336E-04  8.5441000E-04  6.0765407E-05  1.1480099E+00
    c14     14   4.6838132E-08  4.6838132E-08  0.0000000E+00  1.0151307E-08  0.0000000E+00  0.0000000E+00
    n13     13   0.0000000E+00  0.0000000E+00  0.0000000E+00  0.0000000E+00  0.0000000E+00  0.0000000E+00
    n14     14   2.2067523E-02  2.8907400E-02  6.8398775E-03  6.2651495E-03  1.4825147E-03  6.2593240E-01
    n15     15  -1.5864698E-05  5.0829271E-07  1.6372991E-05  1.1016314E-07  3.5487767E-06 -1.5080423E+00
    o14     14   0.0000000E+00  0.0000000E+00  0.0000000E+00  0.0000000E+00  0.0000000E+00  0.0000000E+00
    o15     15   0.0000000E+00  0.0000000E+00  0.0000000E+00  0.0000000E+00  0.0000000E+00  0.0000000E+00
    o16     16  -5.8592707E-03  5.0767094E-02  5.6626365E-02  1.1002839E-02  1.2273526E-02 -4.7464609E-02
    o17     17   6.8345835E-05  9.1203015E-05  2.2857183E-05  1.9766583E-05  4.9541977E-06  6.0095829E-01
    o18     18  -1.2712176E-04  5.9337771E-07  1.2771515E-04  1.2860376E-07  2.7681719E-05 -2.3329394E+00
    o19     19   0.0000000E+00  0.0000000E+00  0.0000000E+00  0.0000000E+00  0.0000000E+00  0.0000000E+00
    f17     17   0.0000000E+00  0.0000000E+00  0.0000000E+00  0.0000000E+00  0.0000000E+00  0.0000000E+00
    f18     18   0.0000000E+00  0.0000000E+00  0.0000000E+00  0.0000000E+00  0.0000000E+00  0.0000000E+00
    f19     19   1.7034788E-06  5.3233075E-06  3.6198287E-06  1.1537295E-06  7.8458260E-07  1.6746534E-01
    f20     20   0.0000000E+00  0.0000000E+00  0.0000000E+00  0.0000000E+00  0.0000000E+00  0.0000000E+00
   ne19     19   0.0000000E+00  0.0000000E+00  0.0000000E+00  0.0000000E+00  0.0000000E+00  0.0000000E+00
   ne20     20  -1.2379140E-05  1.1447745E-02  1.1460125E-02  2.4810892E-03  2.4839337E-03 -4.9763214E-04
   ne21     21   6.2954459E-06  3.5139667E-05  2.8844221E-05  7.6158794E-06  6.2518634E-06  8.5710600E-02
   ne22     22   1.3760435E-03  2.3029516E-03  9.2690811E-04  4.9912260E-04  2.0090342E-04  3.9521992E-01
   ne23     23   0.0000000E+00  0.0000000E+00  0.0000000E+00  0.0000000E+00  0.0000000E+00  0.0000000E+00
   na21     21   0.0000000E+00  0.0000000E+00  0.0000000E+00  0.0000000E+00  0.0000000E+00  0.0000000E+00
   na22     22   8.3594930E-11  8.3594930E-11  0.0000000E+00  1.8117671E-11  0.0000000E+00  0.0000000E+00
   na23     23   1.6238695E-04  4.7259749E-04  3.1021054E-04  1.0242686E-04  6.7236826E-05  1.8280664E-01
   na24     24   0.0000000E+00  0.0000000E+00  0.0000000E+00  0.0000000E+00  0.0000000E+00  0.0000000E+00
   mg23     23   0.0000000E+00  0.0000000E+00  0.0000000E+00  0.0000000E+00  0.0000000E+00  0.0000000E+00
   mg24     24  -5.9252605E-05  5.4073678E-03  5.4666204E-03  1.1719480E-03  1.1848669E-03 -4.7611943E-03
   mg25     25   7.8289711E-05  7.9918746E-04  7.2089775E-04  1.7320925E-04  1.5625154E-04  4.4746768E-02
   mg26     26   8.0578320E-05  9.0603315E-04  8.2545483E-04  1.9636611E-04  1.7891386E-04  4.0422536E-02
   mg27     27   0.0000000E+00  0.0000000E+00  0.0000000E+00  0.0000000E+00  0.0000000E+00  0.0000000E+00
   al25     25   0.0000000E+00  0.0000000E+00  0.0000000E+00  0.0000000E+00  0.0000000E+00  0.0000000E+00
   al-6     26   0.0000000E+00  0.0000000E+00  0.0000000E+00  0.0000000E+00  0.0000000E+00  0.0000000E+00
   al*6     26   0.0000000E+00  0.0000000E+00  0.0000000E+00  0.0000000E+00  0.0000000E+00  0.0000000E+00
   al27     27   3.9948849E-05  5.6632503E-04  5.2637619E-04  1.2274059E-04  1.1408982E-04  3.1741332E-02
   al28     28   0.0000000E+00  0.0000000E+00  0.0000000E+00  0.0000000E+00  0.0000000E+00  0.0000000E+00
   si27     27   0.0000000E+00  0.0000000E+00  0.0000000E+00  0.0000000E+00  0.0000000E+00  0.0000000E+00
   si28     28   8.4992498E-06  6.0613584E-03  6.0528591E-03  1.3136885E-03  1.3119316E-03  5.8116514E-04
   si29     29   2.7383503E-06  3.2106359E-04  3.1832524E-04  6.9584654E-05  6.8995651E-05  3.6917566E-03
   si30     30   5.3536496E-06  2.2243671E-04  2.1708306E-04  4.8209084E-05  4.7051835E-05  1.0552293E-02
    p31     31   5.8155274E-07  6.1017337E-05  6.0435785E-05  1.3224391E-05  1.3099202E-05  4.1308482E-03
    p32     32   2.9932638E-31  2.9932638E-31  0.0000000E+00  6.4873511E-32  0.0000000E+00  0.0000000E+00
    p33     33  -5.8572302E-31 -5.8572302E-31  0.0000000E+00 -1.2694474E-31  0.0000000E+00  0.0000000E+00
    s32     32  -4.3038744E-06  2.8963052E-03  2.9006090E-03  6.2772114E-04  6.2869478E-04 -6.7309057E-04
    s33     33   4.6428613E-07  2.4411984E-05  2.3947698E-05  5.2908504E-06  5.1905627E-06  8.3110584E-03
    s34     34   1.3356912E-06  1.4060893E-04  1.3927324E-04  3.0474412E-05  3.0186888E-05  4.1170018E-03
    s35     35   8.7455723E-25  8.7455723E-25  0.0000000E+00  1.8954427E-25  0.0000000E+00  0.0000000E+00
    s36     36   9.9066312E-08  7.8655739E-07  6.8749108E-07  1.7047192E-07  1.4901079E-07  5.8435142E-02
   cl35     35  -8.4048224E-08  2.9669936E-05  2.9753985E-05  6.4304154E-06  6.4490509E-06 -1.2567685E-03
   cl36     36   0.0000000E+00  0.0000000E+00  0.0000000E+00  0.0000000E+00  0.0000000E+00  0.0000000E+00
   cl37     37   8.0493101E-07  1.0858218E-05  1.0053287E-05  2.3533200E-06  2.1790077E-06  3.3422239E-02
   ar36     36  -1.8171268E-06  5.5227446E-04  5.5409159E-04  1.1969538E-04  1.2009701E-04 -1.4548181E-03
   ar37     37  -3.3930843E-25 -3.3930843E-25  0.0000000E+00 -7.3538889E-26  0.0000000E+00  0.0000000E+00
   ar38     38   8.5430656E-07  1.0719384E-04  1.0633953E-04  2.3232302E-05  2.3048646E-05  3.4468255E-03
   ar39     39   7.9896895E-10  7.9896895E-10  0.0000000E+00  1.7316189E-10  0.0000000E+00  0.0000000E+00
   ar40     40   4.7003894E-08  2.2603336E-07  1.7902947E-07  4.8988593E-08  3.8803879E-08  1.0121984E-01
    k39     39   7.4927812E-08  2.8922334E-05  2.8847406E-05  6.2683862E-06  6.2525537E-06  1.0982978E-03
    k40     40  -4.6699244E-09  0.0000000E+00  4.6699244E-09  0.0000000E+00  1.0121863E-09  0.0000000E+00
    k41     41   9.5433506E-08  2.2838590E-06  2.1884255E-06  4.9498465E-07  4.7433201E-07  1.8509299E-02
   ca40     40  -1.1181692E-06  4.9834047E-04  4.9945863E-04  1.0800617E-04  1.0825555E-04 -1.0016210E-03
   ca41     41   0.0000000E+00  0.0000000E+00  0.0000000E+00  0.0000000E+00  0.0000000E+00  0.0000000E+00
   ca42     42   7.4001719E-08  3.5740904E-06  3.5000887E-06  7.7461868E-07  7.5862943E-07  9.0583069E-03
   ca43     43   1.7534717E-08  7.6524941E-07  7.4771469E-07  1.6585381E-07  1.6206401E-07  1.0038865E-02
   ca44     44   3.5652192E-10  1.1822558E-05  1.1822201E-05  2.5623231E-06  2.5624124E-06 -1.5143556E-05
   ca45     45   9.1050129E-21  9.1050129E-21  0.0000000E+00  1.9733448E-21  0.0000000E+00  0.0000000E+00
   ca46     46   1.8102853E-08  4.1802160E-08  2.3699307E-08  9.0598533E-09  5.1367248E-09  2.4643490E-01
   ca47     47  -1.1933140E-38 -1.1933140E-38  0.0000000E+00 -2.5862897E-39  0.0000000E+00  0.0000000E+00
   ca48     48  -2.1043434E-10  1.1559407E-06  1.1561511E-06  2.5052898E-07  2.5059089E-07 -1.0728470E-04
   sc45     45   2.1125231E-08  3.5466553E-07  3.3354030E-07  7.6867259E-08  7.2293453E-08  2.6642431E-02
   sc46     46  -5.0157190E-27 -5.0157190E-27  0.0000000E+00 -1.0870653E-27  0.0000000E+00  0.0000000E+00
   sc47     47  -2.8271320E-38 -2.8271320E-38  0.0000000E+00 -6.1272910E-39  0.0000000E+00  0.0000000E+00
   sc48     48   2.9418580E-31  2.1031039E-28  2.1001621E-28  4.5580927E-29  4.5520128E-29  0.0000000E+00
   ti46     46  -7.7782261E-09  2.0299290E-06  2.0377072E-06  4.3994993E-07  4.4166444E-07 -1.6891821E-03
   ti47     47  -1.0709300E-08  1.8668862E-06  1.8775955E-06  4.0461342E-07  4.0696094E-07 -2.5124457E-03
   ti48     48  -1.2715645E-07  1.8872992E-05  1.9000148E-05  4.0903756E-06  4.1182020E-06 -2.9444702E-03
   ti49     49   8.6019099E-08  1.5094079E-06  1.4233888E-06  3.2713652E-07  3.0851351E-07  2.5454832E-02
   ti50     50   7.9558617E-08  1.4702448E-06  1.3906862E-06  3.1864863E-07  3.0142536E-07  2.4132259E-02
    v51     51  -2.0899961E-08  3.0438869E-06  3.0647868E-06  6.5970676E-07  6.6427958E-07 -2.9999600E-03
   cr52     52  -3.5548874E-07  1.2528314E-04  1.2563863E-04  2.7152828E-05  2.7231643E-05 -1.2587674E-03
   cr53     53  -1.4192665E-08  1.4506119E-05  1.4520311E-05  3.1439356E-06  3.1472164E-06 -4.5295581E-04
   cr54     54   3.6034271E-07  4.0429568E-06  3.6826141E-06  8.7623687E-07  7.9819102E-07  4.0514696E-02
   mn55     55   5.8447040E-07  1.1030539E-04  1.0972092E-04  2.3906676E-05  2.3781547E-05  2.2790676E-03
   fe54     54  -5.3998083E-06  7.1756030E-04  7.2296010E-04  1.5551806E-04  1.5669856E-04 -3.2841656E-03
   fe55     55   8.5792302E-12  8.5792302E-12  0.0000000E+00  1.8593911E-12  0.0000000E+00  0.0000000E+00
   fe56     56  -4.1863881E-05  1.1727225E-02  1.1769089E-02  2.5416613E-03  2.5509002E-03 -1.5757903E-03
   fe57     57   1.6029633E-05  2.9269455E-04  2.7666491E-04  6.3436186E-05  5.9965951E-05  2.4432363E-02
   fe58     58   2.4359771E-05  6.1822400E-05  3.7462629E-05  1.3398873E-05  8.1198668E-06  2.1751936E-01
   fe59     59  -6.8607190E-26 -6.8607190E-26  0.0000000E+00 -1.4869352E-26  0.0000000E+00  0.0000000E+00
   fe60     60   0.0000000E+00  0.0000000E+00  0.0000000E+00  0.0000000E+00  0.0000000E+00  0.0000000E+00
   co59     59   5.8319383E-06  3.4725235E-05  2.8893297E-05  7.5260591E-06  6.2625008E-06  7.9819828E-02
   co60     60   1.2133769E-10  1.2133769E-10  0.0000000E+00  2.6297723E-11  0.0000000E+00  0.0000000E+00
   ni58     58  -3.3085526E-06  4.1009247E-04  4.1340102E-04  8.8880035E-05  8.9602931E-05 -3.5180058E-03
   ni59     59   0.0000000E+00  0.0000000E+00  0.0000000E+00  0.0000000E+00  0.0000000E+00  0.0000000E+00
   ni60     60   3.1118398E-06  1.6783900E-04  1.6472716E-04  3.6376030E-05  3.5703917E-05  8.0994135E-03
   ni61     61   1.4636830E-06  8.7435947E-06  7.2799116E-06  1.8950141E-06  1.5778902E-06  7.9535678E-02
   ni62     62   2.2693621E-06  2.5861447E-05  2.3592085E-05  5.6049953E-06  5.1134848E-06  3.9858293E-02
   ni63     63   0.0000000E+00  0.0000000E+00  0.0000000E+00  0.0000000E+00  0.0000000E+00  0.0000000E+00
   ni64     64   8.2590032E-07  7.0277929E-06  6.2018926E-06  1.5231454E-06  1.3442341E-06  5.4266471E-02
   cu63     63   9.2484197E-07  6.0437937E-06  5.1189518E-06  1.3098817E-06  1.1095112E-06  7.2100341E-02
   cu64     64   0.0000000E+00  0.0000000E+00  0.0000000E+00  0.0000000E+00  0.0000000E+00  0.0000000E+00
   cu65     65   1.3077261E-07  2.4848466E-06  2.3540740E-06  5.3854501E-07  5.1023562E-07  2.3451237E-02
   zn64     64  -5.5013516E-08  8.7152175E-06  8.7702310E-06  1.8888638E-06  1.9009107E-06 -2.7610578E-03
   zn65     65   3.4925116E-19  3.4925116E-19  0.0000000E+00  7.5693799E-20  0.0000000E+00  0.0000000E+00
   zn66     66   1.0394206E-07  5.2929654E-06  5.1890233E-06  1.1471534E-06  1.1246990E-06  8.5851904E-03
   zn67     67   2.6047360E-08  8.0012421E-07  7.7407685E-07  1.7341227E-07  1.6777788E-07  1.4345127E-02
   zn68     68   1.1252632E-07  3.7053783E-06  3.5928520E-06  8.0307291E-07  7.7873545E-07  1.3365016E-02
   zn69     69   0.0000000E+00  0.0000000E+00  0.0000000E+00  0.0000000E+00  0.0000000E+00  0.0000000E+00
   zn70     70  -3.3257663E-10  1.2196692E-07  1.2229950E-07  2.6434098E-08  2.6507900E-08 -1.2108199E-03
   ga69     69   1.5949666E-08  3.4534858E-07  3.2939892E-07  7.4847982E-08  7.1395824E-08  2.0507278E-02
   ga70     70   0.0000000E+00  0.0000000E+00  0.0000000E+00  0.0000000E+00  0.0000000E+00  0.0000000E+00
   ga71     71   1.0688183E-08  2.3563211E-07  2.2494393E-07  5.1068948E-08  4.8755648E-08  2.0131994E-02
   ge70     70   2.1498664E-08  3.8786067E-07  3.6636200E-07  8.4061696E-08  7.9407421E-08  2.4737053E-02
   ge71     71  -3.8556661E-31 -3.8556661E-31  0.0000000E+00 -8.3564506E-32  0.0000000E+00  0.0000000E+00
   ge72     72   1.4005650E-08  5.1200163E-07  4.9799598E-07  1.1096698E-07  1.0793853E-07  1.2017237E-02
   ge73     73   4.0289905E-09  1.4574897E-07  1.4171998E-07  3.1588421E-08  3.0717207E-08  1.2146187E-02
   ge74     74   1.3458759E-08  6.8770942E-07  6.7425066E-07  1.4904843E-07  1.4614099E-07  8.5553434E-03
   as75     75   7.8846085E-10  9.9641376E-08  9.8852915E-08  2.1595444E-08  2.1425953E-08  3.4220167E-03
   se76     76   5.0856883E-09  1.0800058E-07  1.0291489E-07  2.3407148E-08  2.2306367E-08  2.0919686E-02
   se77     77   1.4533299E-09  8.6361659E-08  8.4908329E-08  1.8717309E-08  1.8403522E-08  7.3424685E-03
   se78     78   1.0100337E-08  2.7805115E-07  2.6795081E-07  6.0262494E-08  5.8077209E-08  1.6041357E-02
   se79     79   0.0000000E+00  0.0000000E+00  0.0000000E+00  0.0000000E+00  0.0000000E+00  0.0000000E+00
   se80     80   6.6655730E-09  5.8023505E-07  5.7356948E-07  1.2575532E-07  1.2431876E-07  4.9896874E-03
   br79     79   1.7553248E-09  9.3479336E-08  9.1724011E-08  2.0259934E-08  1.9880794E-08  8.2042832E-03
   br80     80   0.0000000E+00  0.0000000E+00  0.0000000E+00  0.0000000E+00  0.0000000E+00  0.0000000E+00
   br81     81   7.1575812E-10  9.2200210E-08  9.1484452E-08  1.9982707E-08  1.9828869E-08  3.3563664E-03
   kr80     80  -1.9511504E-10  2.1663979E-08  2.1859094E-08  4.6952708E-09  4.7378670E-09 -3.9222199E-03
   kr81     81   0.0000000E+00  0.0000000E+00  0.0000000E+00  0.0000000E+00  0.0000000E+00  0.0000000E+00
   kr82     82   4.1821551E-09  1.1645230E-07  1.1227014E-07  2.5238904E-08  2.4334081E-08  1.5855558E-02
   kr83     83   6.2257044E-10  1.1319656E-07  1.1257399E-07  2.4533282E-08  2.4399938E-08  2.3669193E-03
   kr84     84   4.7762114E-09  5.6626413E-07  5.6148792E-07  1.2272739E-07  1.2170013E-07  3.6504823E-03
   kr-5     85   1.6086428E-12  1.6086428E-12  0.0000000E+00  3.4864388E-13  0.0000000E+00  0.0000000E+00
   kr*5     85   0.0000000E+00  0.0000000E+00  0.0000000E+00  0.0000000E+00  0.0000000E+00  0.0000000E+00
   kr86     86   5.3766058E-09  1.7921933E-07  1.7384272E-07  3.8842508E-08  3.7679676E-08  1.3200118E-02
   rb85     85   2.2844517E-09  9.3412559E-08  9.1128108E-08  2.0245462E-08  1.9751633E-08  1.0724664E-02
   rb86     86  -2.8718589E-29 -2.8718589E-29  0.0000000E+00 -6.2242283E-30  0.0000000E+00  0.0000000E+00
   rb87     87   2.5535591E-09  4.0940169E-08  3.8386609E-08  8.8730321E-09  8.3201357E-09  2.7941665E-02
   sr86     86   1.4097132E-09  4.3934335E-08  4.2524622E-08  9.5219628E-09  9.2170325E-09  1.4135350E-02
   sr87     87   5.4691185E-10  3.0611275E-08  3.0064363E-08  6.6344334E-09  6.5163239E-09  7.8011770E-03
   sr88     88   3.3423930E-09  3.6793406E-07  3.6459167E-07  7.9742975E-08  7.9023707E-08  3.9350614E-03
   sr89     89  -1.7155742E-28 -1.7155742E-28  0.0000000E+00 -3.7181931E-29  0.0000000E+00  0.0000000E+00
   sr90     90   3.9286377E-13  3.9286377E-13  0.0000000E+00  8.5146029E-14  0.0000000E+00  0.0000000E+00
    y89     89   6.8519768E-10  8.7645248E-08  8.6960050E-08  1.8995502E-08  1.8848224E-08  3.3803573E-03
    y90     90   9.9352227E-17  9.9352227E-17  0.0000000E+00  2.1532777E-17  0.0000000E+00  0.0000000E+00
    y91     91   3.4560572E-30  3.4560572E-30  0.0000000E+00  7.4903713E-31  0.0000000E+00  0.0000000E+00
   zr90     90   1.2204282E-10  1.0377009E-07  1.0364805E-07  2.2490267E-08  2.2465278E-08  4.8281549E-04
   zr91     91   1.1745271E-10  2.2971800E-08  2.2854348E-08  4.9787174E-09  4.9535838E-09  2.1979460E-03
   zr92     92   2.0925839E-10  3.5526089E-08  3.5316830E-08  7.6996294E-09  7.6547746E-09  2.5374226E-03
   zr93     93   0.0000000E+00  0.0000000E+00  0.0000000E+00  0.0000000E+00  0.0000000E+00  0.0000000E+00
   zr94     94   1.3616486E-10  3.6704652E-08  3.6568487E-08  7.9550615E-09  7.9260651E-09  1.5859298E-03
   zr95     95  -8.2329056E-28 -8.2329056E-28  0.0000000E+00 -1.7843316E-28  0.0000000E+00  0.0000000E+00
   zr96     96   1.0532641E-10  6.1220993E-09  6.0167729E-09  1.3268530E-09  1.3041102E-09  7.5085368E-03
   nb93     93   3.1150194E-11  1.5822229E-08  1.5791079E-08  3.4291785E-09  3.4226495E-09  8.2766538E-04
   nb94     94   2.0141388E-13  2.0141388E-13  0.0000000E+00  4.3652771E-14  0.0000000E+00  0.0000000E+00
   nb95     95  -9.3109218E-28 -9.3109218E-28  0.0000000E+00 -2.0179718E-28  0.0000000E+00  0.0000000E+00
   mo94     94  -4.5410786E-11  4.9038191E-09  4.9492299E-09  1.0628131E-09  1.0727247E-09 -4.0313927E-03
   mo95     95   1.1414869E-11  8.6682128E-09  8.6567979E-09  1.8786765E-09  1.8763244E-09  5.4409273E-04
   mo96     96   9.1284313E-11  9.2997174E-09  9.2084331E-09  2.0155435E-09  1.9958890E-09  4.2558042E-03
   mo97     97  -3.6992631E-13  5.3567097E-09  5.3570797E-09  1.1609688E-09  1.1611244E-09 -5.8221445E-05
   mo98     98   1.4513724E-11  1.3766987E-08  1.3752473E-08  2.9837424E-09  2.9807905E-09  4.2985668E-04
   tc99     99   0.0000000E+00  0.0000000E+00  0.0000000E+00  0.0000000E+00  0.0000000E+00  0.0000000E+00
   ru99     99  -3.3635761E-11  4.7683968E-09  4.8020325E-09  1.0334628E-09  1.0408203E-09 -3.0809266E-03
  ru100    100   2.3704594E-11  4.8132995E-09  4.7895949E-09  1.0431945E-09  1.0381246E-09  2.1158303E-03
  ru101    101  -5.9328098E-11  6.4904500E-09  6.5497781E-09  1.4066862E-09  1.4196366E-09 -3.9799772E-03
  ru102    102  -2.6139091E-11  1.2206636E-08  1.2232775E-08  2.6455649E-09  2.6514024E-09 -9.5723005E-04
  rh103    103  -7.1143091E-11  7.7410771E-09  7.8122202E-09  1.6777367E-09  1.6932657E-09 -4.0013208E-03
  pd104    104   2.6865621E-11  3.4454601E-09  3.4185945E-09  7.4674039E-10  7.4096596E-10  3.3713672E-03
  pd105    105  -6.4662053E-11  6.8535879E-09  6.9182500E-09  1.4853897E-09  1.4995014E-09 -4.1064629E-03
  pd106    106  -1.6615154E-11  8.5316252E-09  8.5482403E-09  1.8490736E-09  1.8527950E-09 -8.7318255E-04
  pd107    107   0.0000000E+00  0.0000000E+00  0.0000000E+00  0.0000000E+00  0.0000000E+00  0.0000000E+00
  pd108    108   9.3196562E-12  8.4416110E-09  8.4322913E-09  1.8295646E-09  1.8276636E-09  4.5147541E-04
  ag107    107  -5.0757620E-11  5.7563376E-09  5.8070952E-09  1.2475808E-09  1.2586634E-09 -3.8409135E-03
  ag108    108   0.0000000E+00  0.0000000E+00  0.0000000E+00  0.0000000E+00  0.0000000E+00  0.0000000E+00
  ag109    109  -3.6250558E-11  5.4596829E-09  5.4959335E-09  1.1832864E-09  1.1912203E-09 -2.9022517E-03
  cd108    108   7.1961881E-13  3.2636330E-10  3.2564368E-10  7.0733273E-11  7.0581894E-11  9.3043153E-04
  cd109    109   2.7652076E-22  2.7652076E-22  0.0000000E+00  5.9930811E-23  0.0000000E+00  0.0000000E+00
  cd110    110   4.5675908E-11  4.7003277E-09  4.6546518E-09  1.0187100E-09  1.0088761E-09  4.2127375E-03
  cd111    111  -2.3204993E-11  4.7903508E-09  4.8135558E-09  1.0382208E-09  1.0433179E-09 -2.1269172E-03
  cd112    112   2.5175417E-11  9.1813810E-09  9.1562056E-09  1.9898962E-09  1.9845690E-09  1.1642386E-03
  cd113    113  -1.5601742E-11  4.6626436E-09  4.6782453E-09  1.0105426E-09  1.0139899E-09 -1.4789734E-03
  cd114    114   6.6704864E-11  1.1162776E-08  1.1096071E-08  2.4193272E-09  2.4050264E-09  2.5747370E-03
  in115    115  -1.1260326E-11  4.1727004E-09  4.1839607E-09  9.0435642E-10  9.0685587E-10 -1.1986457E-03
  sn116    116   1.1707435E-10  1.3207304E-08  1.3090229E-08  2.8624414E-09  2.8372522E-09  3.8386486E-03
  sn117    117  -2.1151969E-12  6.9716068E-09  6.9737220E-09  1.5109681E-09  1.5115248E-09 -1.5997887E-04
  sn118    118   1.2235724E-10  2.1387956E-08  2.1265599E-08  4.6354480E-09  4.6092290E-09  2.4634534E-03
  sn119    119   1.2267520E-11  7.9458014E-09  7.9335338E-09  1.7221070E-09  1.7195600E-09  6.4279040E-04
  sn120    120   1.6485302E-10  3.0508005E-08  3.0343152E-08  6.6120518E-09  6.5767498E-09  2.3249011E-03
  sb121    121  -1.7470025E-11  4.6619295E-09  4.6793995E-09  1.0103879E-09  1.0142401E-09 -1.6526722E-03
  te122    122   2.7657876E-11  3.1381735E-09  3.1105156E-09  6.8014167E-10  6.7419115E-10  3.8163255E-03
  te123    123   1.0290102E-11  1.1048247E-09  1.0945346E-09  2.3945051E-10  2.3723576E-10  4.0356074E-03
  te124    124   4.6761262E-11  5.9234568E-09  5.8766956E-09  1.2838008E-09  1.2737490E-09  3.4137983E-03
  te125    125  -6.3508310E-11  8.7727035E-09  8.8362118E-09  1.9013229E-09  1.9152118E-09 -3.1609174E-03
  te126    126  -4.1032067E-11  2.3693641E-08  2.3734673E-08  5.1351630E-09  5.1443902E-09 -7.7968591E-04
   i127    127  -3.1275249E-10  2.9454434E-08  2.9767186E-08  6.3837091E-09  6.4519119E-09 -4.6153399E-03
   i128    128   0.0000000E+00  0.0000000E+00  0.0000000E+00  0.0000000E+00  0.0000000E+00  0.0000000E+00
   i129    129   6.6994878E-14  6.6994878E-14  0.0000000E+00  1.4519913E-14  0.0000000E+00  0.0000000E+00
  xe128    128   5.2481797E-11  3.2675140E-09  3.2150322E-09  7.0817385E-10  6.9684469E-10  7.0038759E-03
  xe129    129  -4.3315040E-10  3.9928317E-08  4.0361467E-08  8.6537320E-09  8.7481773E-09 -4.7141407E-03
  xe130    130   1.4159562E-10  6.6723702E-09  6.5307746E-09  1.4461141E-09  1.4155179E-09  9.2871720E-03
  xe131    131  -2.8728664E-10  3.2335318E-08  3.2622605E-08  7.0080883E-09  7.0708124E-09 -3.8697466E-03
  xe132    132   7.7282181E-11  4.0254807E-08  4.0177525E-08  8.7244922E-09  8.7083096E-09  8.0632378E-04
  xe133    133  -5.3609871E-36 -5.3609871E-36  0.0000000E+00 -1.1618958E-36  0.0000000E+00  0.0000000E+00
  xe134    134   1.1885248E-10  1.5178458E-08  1.5059605E-08  3.2896528E-09  3.2641059E-09  3.3858025E-03
  cs133    133  -4.7344351E-11  1.0515554E-08  1.0562898E-08  2.2790538E-09  2.2894637E-09 -1.9791883E-03
  cs134    134   2.7082361E-17  2.7082361E-17  0.0000000E+00  5.8696062E-18  0.0000000E+00  0.0000000E+00
  cs135    135   0.0000000E+00  0.0000000E+00  0.0000000E+00  0.0000000E+00  0.0000000E+00  0.0000000E+00
  cs136    136   7.8456976E-35  7.8456976E-35  0.0000000E+00  1.7004113E-35  0.0000000E+00  0.0000000E+00
  cs137    137   0.0000000E+00  0.0000000E+00  0.0000000E+00  0.0000000E+00  0.0000000E+00  0.0000000E+00
  ba134    134   1.3645773E-10  3.3747494E-09  3.2382916E-09  7.3141515E-10  7.0188605E-10  1.7897353E-02
  ba135    135   4.8608229E-11  8.9466177E-09  8.8980094E-09  1.9390156E-09  1.9286059E-09  2.3378262E-03
  ba136    136   3.3694292E-10  1.1016917E-08  1.0679974E-08  2.3877151E-09  2.3148394E-09  1.3461647E-02
  ba137    137   3.3079850E-10  1.5716175E-08  1.5385377E-08  3.4061933E-09  3.3347154E-09  9.2105428E-03
  ba138    138   6.0514083E-10  9.9533125E-08  9.8927984E-08  2.1571983E-08  2.1442224E-08  2.6202304E-03
  la139    139   2.9870328E-11  1.3599077E-08  1.3569207E-08  2.9473510E-09  2.9410685E-09  9.2671195E-04
  ce140    140   6.6734174E-11  3.1166785E-08  3.1100051E-08  6.7548300E-09  6.7408044E-09  9.0268865E-04
  ce141    141  -4.3365454E-30 -4.3365454E-30  0.0000000E+00 -9.3986679E-31  0.0000000E+00  0.0000000E+00
  ce142    142   4.8641091E-12  3.9684429E-09  3.9635788E-09  8.6008733E-10  8.5908897E-10  5.0443161E-04
  pr141    141  -1.5956125E-11  5.3438720E-09  5.3598281E-09  1.1581864E-09  1.1617202E-09 -1.3230519E-03
  nd142    142   1.3704593E-11  7.1637096E-09  7.1500050E-09  1.5526029E-09  1.5497336E-09  8.0337824E-04
  nd143    143  -1.7491786E-11  3.1834522E-09  3.2009440E-09  6.8995498E-10  6.9379108E-10 -2.4079492E-03
  nd144    144  -9.8627773E-12  6.3518275E-09  6.3616903E-09  1.3766424E-09  1.3788695E-09 -7.0202508E-04
  nd145    145  -1.5105917E-11  2.3505426E-09  2.3656486E-09  5.0943710E-10  5.1274435E-10 -2.8102973E-03
  nd146    146   7.4344975E-12  4.6637121E-09  4.6562776E-09  1.0107742E-09  1.0092285E-09  6.6465698E-04
  nd147    147  -3.5590262E-33 -3.5590262E-33  0.0000000E+00 -7.7135379E-34  0.0000000E+00  0.0000000E+00
  nd148    148  -7.5420781E-12  1.5674747E-09  1.5750168E-09  3.3972145E-10  3.4137826E-10 -2.1128964E-03
  pm147    147   7.5414334E-17  7.5414334E-17  0.0000000E+00  1.6344677E-17  0.0000000E+00  0.0000000E+00
  pm148    148   0.0000000E+00  0.0000000E+00  0.0000000E+00  0.0000000E+00  0.0000000E+00  0.0000000E+00
  sm147    147  -7.6070261E-12  1.2601813E-09  1.2677883E-09  2.7312122E-10  2.7478778E-10 -2.6419689E-03
  sm148    148   4.1209258E-12  9.6122554E-10  9.5710462E-10  2.0832804E-10  2.0744838E-10  1.8376862E-03
  sm149    149  -1.1372125E-11  1.1733661E-09  1.1847382E-09  2.5430560E-10  2.5678701E-10 -4.2171194E-03
  sm150    150   7.5858764E-12  6.4449951E-10  6.3691363E-10  1.3968347E-10  1.3804835E-10  5.1137824E-03
  sm151    151   2.5918283E-15  2.5918283E-15  0.0000000E+00  5.6173134E-16  0.0000000E+00  0.0000000E+00
  sm152    152  -1.3158141E-11  2.3261990E-09  2.3393572E-09  5.0416105E-10  5.0704585E-10 -2.4779493E-03
  eu151    151  -1.6864066E-11  1.5263587E-09  1.5432228E-09  3.3081030E-10  3.3448702E-10 -4.8002438E-03
  eu152    152   9.7477031E-20  9.7477031E-20  0.0000000E+00  2.1126362E-20  0.0000000E+00  0.0000000E+00
  eu153    153  -1.7627677E-11  1.6892909E-09  1.7069186E-09  3.6612288E-10  3.6996742E-10 -4.5365975E-03
  eu154    154   1.8183070E-16  1.8183070E-16  0.0000000E+00  3.9408476E-17  0.0000000E+00  0.0000000E+00
  eu155    155   1.8707956E-16  1.8707956E-16  0.0000000E+00  4.0546071E-17  0.0000000E+00  0.0000000E+00
  gd152    152   6.5294992E-14  2.2597795E-11  2.2532500E-11  4.8976582E-12  4.8838242E-12  1.2284657E-03
  gd153    153  -1.7689851E-27 -1.7689851E-27  0.0000000E+00 -3.8339514E-28  0.0000000E+00  0.0000000E+00
  gd154    154   4.1876780E-12  2.5301844E-10  2.4883076E-10  5.4837114E-11  5.3933018E-11  7.2198752E-03
  gd155    155  -1.7801094E-11  1.6825189E-09  1.7003200E-09  3.6465517E-10  3.6853717E-10 -4.5989365E-03
  gd156    156  -1.6019186E-11  2.3508329E-09  2.3668520E-09  5.0950000E-10  5.1300519E-10 -2.9775703E-03
  gd157    157  -1.5940027E-11  1.8051902E-09  1.8211302E-09  3.9124193E-10  3.9472228E-10 -3.8462412E-03
  gd158    158  -1.0944801E-11  2.8980502E-09  2.9089950E-09  6.2809935E-10  6.3051242E-10 -1.6653009E-03
  gd159    159   0.0000000E+00  0.0000000E+00  0.0000000E+00  0.0000000E+00  0.0000000E+00  0.0000000E+00
  gd160    160  -2.6727953E-11  2.5656921E-09  2.5924201E-09  5.5606680E-10  5.6189614E-10 -4.5290906E-03
  tb159    159  -2.0873747E-11  2.1736166E-09  2.1944904E-09  4.7109161E-10  4.7564652E-10 -4.1789589E-03
  tb160    160  -7.4296091E-27 -7.4296091E-27  0.0000000E+00 -1.6102318E-27  0.0000000E+00  0.0000000E+00
  tb161    161  -7.0806436E-35 -7.0806436E-35  0.0000000E+00 -1.5345998E-35  0.0000000E+00  0.0000000E+00
  dy160    160   5.0494608E-12  3.3711328E-10  3.3206382E-10  7.3063132E-11  7.1973427E-11  6.5261181E-03
  dy161    161  -2.7790659E-11  2.6822216E-09  2.7100122E-09  5.8132243E-10  5.8738370E-10 -4.5048175E-03
  dy162    162  -2.2612134E-11  3.6549408E-09  3.6775529E-09  7.9214152E-10  7.9709406E-10 -2.7067971E-03
  dy163    163  -3.3477665E-11  3.5827155E-09  3.6161931E-09  7.7648799E-10  7.8379458E-10 -4.0675281E-03
  dy164    164  -4.1255888E-12  4.1258863E-09  4.1300119E-09  8.9421032E-10  8.9516272E-10 -4.6231051E-04
  ho165    165  -2.7953417E-11  3.1887901E-09  3.2167435E-09  6.9111189E-10  6.9721562E-10 -3.8187418E-03
  er166    166  -1.5347945E-11  3.0404781E-09  3.0558260E-09  6.5896799E-10  6.6233746E-10 -2.2150064E-03
  er167    167  -1.6451507E-11  2.0819728E-09  2.0984243E-09  4.5122950E-10  4.5482462E-10 -3.4464810E-03
  er168    168   3.7743142E-12  2.4940532E-09  2.4902789E-09  5.4054039E-10  5.3975746E-10  6.2950450E-04
  er169    169  -1.2267365E-33 -1.2267365E-33  0.0000000E+00 -2.6587269E-34  0.0000000E+00  0.0000000E+00
  er170    170  -2.2866153E-12  1.3903987E-09  1.3926853E-09  3.0134345E-10  3.0185868E-10 -7.4190396E-04
  tm169    169  -9.0005781E-12  1.4627255E-09  1.4717261E-09  3.1701897E-10  3.1899042E-10 -2.6923928E-03
  tm170    170   4.3010120E-26  4.3010120E-26  0.0000000E+00  9.3216565E-27  0.0000000E+00  0.0000000E+00
  tm171    171   2.2741240E-17  2.2741240E-17  0.0000000E+00  4.9287474E-18  0.0000000E+00  0.0000000E+00
  yb170    170   7.1923301E-12  2.8554886E-10  2.7835653E-10  6.1887488E-11  6.0332607E-11  1.1050780E-02
  yb171    171   1.1619594E-12  1.3249849E-09  1.3238229E-09  2.8716621E-10  2.8693303E-10  3.5278598E-04
  yb172    172   1.9212854E-11  2.0690505E-09  2.0498376E-09  4.4842882E-10  4.4429369E-10  4.0233997E-03
  yb173    173   2.1096458E-12  1.5324715E-09  1.5303618E-09  3.3213515E-10  3.3169947E-10  5.7004893E-04
  yb174    174   5.2990723E-11  3.1152594E-09  3.0622687E-09  6.7517542E-10  6.6373379E-10  7.4226861E-03
  lu175    175  -4.5377035E-12  1.3775610E-09  1.3820987E-09  2.9856112E-10  2.9956407E-10 -1.4564804E-03
  lu176    176   8.4942643E-12  4.8837150E-11  4.0342885E-11  1.0584558E-11  8.7441504E-12  8.2955137E-02
  lu177    177  -3.5381350E-36 -3.5381350E-36  0.0000000E+00 -7.6682603E-37  0.0000000E+00  0.0000000E+00
  hf176    176  -3.5177972E-12  3.0690334E-10  3.1042113E-10  6.6515682E-11  6.7282471E-11 -4.9778945E-03
  hf177    177  -3.5368375E-12  1.1121797E-09  1.1157165E-09  2.4104457E-10  2.4182686E-10 -1.4071865E-03
  hf178    178   2.3145375E-11  1.6693174E-09  1.6461720E-09  3.6179398E-10  3.5680081E-10  6.0355291E-03
  hf179    179   7.6605944E-12  8.3417223E-10  8.2651164E-10  1.8079156E-10  1.7914291E-10  3.9785146E-03
  hf180    180   5.7617466E-11  2.1980595E-09  2.1404420E-09  4.7638915E-10  4.6393178E-10  1.1507758E-02
  hf181    181  -9.6226068E-29 -9.6226068E-29  0.0000000E+00 -2.0855239E-29  0.0000000E+00  0.0000000E+00
  hf182    182   3.0256180E-11  3.0256180E-11  0.0000000E+00  6.5574729E-12  0.0000000E+00  0.0000000E+00
  ta181    181   1.0100087E-11  9.1696140E-10  9.0686131E-10  1.9873460E-10  1.9655837E-10  4.7819470E-03
  ta182    182   2.7759781E-19  2.7759781E-19  0.0000000E+00  6.0164245E-20  0.0000000E+00  0.0000000E+00
  ta183    183   4.6735406E-40  4.6735406E-40  0.0000000E+00  1.0129006E-40  0.0000000E+00  0.0000000E+00
   w182    182   1.6513457E-11  1.4396954E-09  1.4231819E-09  3.1202763E-10  3.0846867E-10  4.9820100E-03
   w183    183   1.6456336E-11  7.8917350E-10  7.7271717E-10  1.7103891E-10  1.6748318E-10  9.1237091E-03
   w184    184   3.8102410E-11  1.7016201E-09  1.6635177E-09  3.6879499E-10  3.6056041E-10  9.8069543E-03
   w185    185  -1.3057002E-27 -1.3057002E-27  0.0000000E+00 -2.8298661E-28  0.0000000E+00  0.0000000E+00
   w186    186   8.4733331E-12  1.5688175E-09  1.5603442E-09  3.4001249E-10  3.3819803E-10  2.3238196E-03
  re185    185   2.0367596E-12  7.9510554E-10  7.9306878E-10  1.7232457E-10  1.7189432E-10  1.0856972E-03
  re186    186  -2.4360133E-38 -2.4360133E-38  0.0000000E+00 -5.2796134E-39  0.0000000E+00  0.0000000E+00
  re187    187  -1.3489210E-11  1.4327325E-09  1.4462217E-09  3.1051853E-10  3.1346245E-10 -4.0979963E-03
  os186    186   1.4989704E-11  4.5455678E-10  4.3956708E-10  9.8516861E-11  9.5274309E-11  1.4534776E-02
  os187    187   3.4209580E-12  3.5491390E-10  3.5149295E-10  7.6921094E-11  7.6184607E-11  4.1782302E-03
  os188    188  -9.4657615E-13  3.7071564E-09  3.7081029E-09  8.0345830E-10  8.0371565E-10 -1.3908169E-04
  os189    189  -4.5714987E-11  4.4993875E-09  4.5451025E-09  9.7515984E-10  9.8513175E-10 -4.4185114E-03
  os190    190  -4.2124082E-11  7.3882394E-09  7.4303634E-09  1.6012657E-09  1.6104998E-09 -2.4972928E-03
  os191    191  -4.7448632E-31 -4.7448632E-31  0.0000000E+00 -1.0283622E-31  0.0000000E+00  0.0000000E+00
  os192    192  -1.2040768E-10  1.1540828E-08  1.1661236E-08  2.5012632E-09  2.5275240E-09 -4.5358916E-03
  ir191    191  -1.0819523E-10  9.7242330E-09  9.8324282E-09  2.1075495E-09  2.1311375E-09 -4.8336950E-03
  ir192    192  -4.0524598E-26 -4.0524598E-26  0.0000000E+00 -8.7829647E-27  0.0000000E+00  0.0000000E+00
  ir193    193  -1.8345858E-10  1.6517792E-08  1.6701250E-08  3.5799290E-09  3.6199255E-09 -4.8252144E-03
  pt192    192   9.6114228E-12  4.2307785E-10  4.1346643E-10  9.1694381E-11  8.9617105E-11  9.9517927E-03
  pt193    193   5.2771873E-16  5.2771873E-16  0.0000000E+00  1.1437338E-16  0.0000000E+00  0.0000000E+00
  pt194    194  -1.5020873E-10  1.7461604E-08  1.7611812E-08  3.7844829E-09  3.8172860E-09 -3.7481596E-03
  pt195    195  -1.8958168E-10  1.7977566E-08  1.8167148E-08  3.8963082E-09  3.9376529E-09 -4.5841294E-03
  pt196    196  -4.0291326E-11  1.3584134E-08  1.3624425E-08  2.9441123E-09  2.9530367E-09 -1.3144836E-03
  au197    197  -5.6108895E-11  8.1548883E-09  8.2109972E-09  1.7674228E-09  1.7796988E-09 -3.0060592E-03
  hg198    198   1.1929280E-10  2.0481505E-09  1.9288577E-09  4.4389914E-10  4.1807177E-10  2.6033459E-02
  hg199    199   2.5090596E-11  3.3052743E-09  3.2801837E-09  7.1635770E-10  7.1096595E-10  3.2811493E-03
  hg200    200   1.6184520E-10  4.6759943E-09  4.5141491E-09  1.0134361E-09  9.7842279E-10  1.5269801E-02
  hg201    201   6.0121241E-11  2.6485951E-09  2.5884739E-09  5.7403449E-10  5.6104082E-10  9.9435458E-03
  hg202    202   2.4052360E-10  6.1340177E-09  5.8934941E-09  1.3294360E-09  1.2773901E-09  1.7343894E-02
  tl203    203   1.2820900E-10  2.4595814E-09  2.3313724E-09  5.3306926E-10  5.0531512E-10  2.3221325E-02
  tl204    204   4.3573412E-15  4.3573412E-15  0.0000000E+00  9.4437397E-16  0.0000000E+00  0.0000000E+00
  tl205    205   1.7445734E-10  5.7943064E-09  5.6198490E-09  1.2558098E-09  1.2180786E-09  1.3248529E-02
  pb204    204   6.5079719E-11  3.0159024E-09  2.9508227E-09  6.5364164E-10  6.3957839E-10  9.4459122E-03
  pb205    205   0.0000000E+00  0.0000000E+00  0.0000000E+00  0.0000000E+00  0.0000000E+00  0.0000000E+00
  pb206    206   1.7853807E-10  2.7904594E-08  2.7726056E-08  6.0478098E-09  6.0095058E-09  2.7593572E-03
  pb207    207   1.0960832E-10  3.0940583E-08  3.0830975E-08  6.7058052E-09  6.6824839E-09  1.5130366E-03
  pb208    208   1.8994939E-10  8.8864915E-08  8.8674966E-08  1.9259843E-08  1.9219925E-08  9.0103538E-04
  bi209    209   8.2711615E-12  6.1752781E-09  6.1670069E-09  1.3383785E-09  1.3366728E-09  5.5386522E-04
  bi210    210   0.0000000E+00  0.0000000E+00  0.0000000E+00  0.0000000E+00  0.0000000E+00  0.0000000E+00
  po210    210   0.0000000E+00  0.0000000E+00  0.0000000E+00  0.0000000E+00  0.0000000E+00  0.0000000E+00
