  species    A      yield       mass(i)_lost    mass(i)_0        <X(i)>          X0(i)   log10(<X(i)>/X0(i)) 
      n      1   0.0000000E+00  0.0000000E+00  0.0000000E+00  0.0000000E+00  0.0000000E+00  0.0000000E+00
      p      1  -1.6297221E-01  2.6078706E+00  2.7708428E+00  6.3098735E-01  6.7046791E-01 -2.6357351E-02
      d      2  -3.9431718E-04  2.6795488E-09  3.9431985E-04  6.4833022E-10  9.5414587E-05 -5.1678185E+00
    he3      3  -1.7988116E-03  7.0933864E-04  2.5081502E-03  1.7162804E-04  6.0690352E-04 -5.4853141E-01
    he4      4   1.5089178E-01  1.3915677E+00  1.2406759E+00  3.3669677E-01  3.0020952E-01  4.9814474E-02
    li7      7   1.6350421E-07  2.3315576E-07  6.9651541E-08  5.6413203E-08  1.6853761E-08  5.2468395E-01
    be7      7   9.8137965E-12  9.8137965E-12  0.0000000E+00  2.3744971E-12  0.0000000E+00  0.0000000E+00
     b8      8   2.5179685E-24  2.5179685E-24  0.0000000E+00  6.0923506E-25  0.0000000E+00  0.0000000E+00
    c12     12   2.6230160E-03  2.3346771E-02  2.0723755E-02  5.6488677E-03  5.0145797E-03  5.1726881E-02
    c13     13   1.3075465E-03  1.5586717E-03  2.5112520E-04  3.7712842E-04  6.0765407E-05  7.9283285E-01
    c14     14   4.0820339E-08  4.0820339E-08  0.0000000E+00  9.8766852E-09  0.0000000E+00  0.0000000E+00
    n13     13   0.0000000E+00  0.0000000E+00  0.0000000E+00  0.0000000E+00  0.0000000E+00  0.0000000E+00
    n14     14   1.2957543E-02  1.9084331E-02  6.1267880E-03  4.6175495E-03  1.4825147E-03  4.9341255E-01
    n15     15  -1.3964046E-05  7.0198291E-07  1.4666029E-05  1.6984828E-07  3.5487767E-06 -1.3200176E+00
    o14     14   0.0000000E+00  0.0000000E+00  0.0000000E+00  0.0000000E+00  0.0000000E+00  0.0000000E+00
    o15     15   0.0000000E+00  0.0000000E+00  0.0000000E+00  0.0000000E+00  0.0000000E+00  0.0000000E+00
    o16     16  -4.2886846E-03  4.6434116E-02  5.0722800E-02  1.1234966E-02  1.2273526E-02 -3.8397565E-02
    o17     17   8.0799582E-05  1.0127379E-04  2.0474212E-05  2.4503701E-05  4.9541977E-06  6.9425833E-01
    o18     18  -6.2043735E-05  5.2356500E-05  1.1440023E-04  1.2667917E-05  2.7681719E-05 -3.3948785E-01
    o19     19   0.0000000E+00  0.0000000E+00  0.0000000E+00  0.0000000E+00  0.0000000E+00  0.0000000E+00
    f17     17   0.0000000E+00  0.0000000E+00  0.0000000E+00  0.0000000E+00  0.0000000E+00  0.0000000E+00
    f18     18   0.0000000E+00  0.0000000E+00  0.0000000E+00  0.0000000E+00  0.0000000E+00  0.0000000E+00
    f19     19   1.7828329E-06  5.0252775E-06  3.2424446E-06  1.2158911E-06  7.8458260E-07  1.9025600E-01
    f20     20   0.0000000E+00  0.0000000E+00  0.0000000E+00  0.0000000E+00  0.0000000E+00  0.0000000E+00
   ne19     19   0.0000000E+00  0.0000000E+00  0.0000000E+00  0.0000000E+00  0.0000000E+00  0.0000000E+00
   ne20     20  -1.1424534E-05  1.0253929E-02  1.0265353E-02  2.4809893E-03  2.4839337E-03 -5.1509961E-04
   ne21     21   6.8047484E-06  3.2641823E-05  2.5837075E-05  7.8978528E-06  6.2518634E-06  1.0149955E-01
   ne22     22   1.3699529E-03  2.2002265E-03  8.3027361E-04  5.3235580E-04  2.0090342E-04  4.2321467E-01
   ne23     23   0.0000000E+00  0.0000000E+00  0.0000000E+00  0.0000000E+00  0.0000000E+00  0.0000000E+00
   na21     21   0.0000000E+00  0.0000000E+00  0.0000000E+00  0.0000000E+00  0.0000000E+00  0.0000000E+00
   na22     22   5.4884170E-12  5.4884170E-12  0.0000000E+00  1.3279499E-12  0.0000000E+00  0.0000000E+00
   na23     23   1.2978251E-04  4.0765211E-04  2.7786961E-04  9.8633471E-05  6.7236826E-05  1.6641712E-01
   na24     24   0.0000000E+00  0.0000000E+00  0.0000000E+00  0.0000000E+00  0.0000000E+00  0.0000000E+00
   mg23     23   0.0000000E+00  0.0000000E+00  0.0000000E+00  0.0000000E+00  0.0000000E+00  0.0000000E+00
   mg24     24  -5.5309385E-05  4.8413901E-03  4.8966995E-03  1.1713986E-03  1.1848669E-03 -4.9648811E-03
   mg25     25   7.5670134E-05  7.2141085E-04  6.4574071E-04  1.7454896E-04  1.5625154E-04  4.8092932E-02
   mg26     26   5.7816273E-05  7.9721358E-04  7.3939731E-04  1.9288981E-04  1.7891386E-04  3.2665323E-02
   mg27     27   0.0000000E+00  0.0000000E+00  0.0000000E+00  0.0000000E+00  0.0000000E+00  0.0000000E+00
   al25     25   0.0000000E+00  0.0000000E+00  0.0000000E+00  0.0000000E+00  0.0000000E+00  0.0000000E+00
   al-6     26   0.0000000E+00  0.0000000E+00  0.0000000E+00  0.0000000E+00  0.0000000E+00  0.0000000E+00
   al*6     26   0.0000000E+00  0.0000000E+00  0.0000000E+00  0.0000000E+00  0.0000000E+00  0.0000000E+00
   al27     27   3.4301600E-05  5.0580059E-04  4.7149899E-04  1.2238098E-04  1.1408982E-04  3.0467045E-02
   al28     28   0.0000000E+00  0.0000000E+00  0.0000000E+00  0.0000000E+00  0.0000000E+00  0.0000000E+00
   si27     27   0.0000000E+00  0.0000000E+00  0.0000000E+00  0.0000000E+00  0.0000000E+00  0.0000000E+00
   si28     28   4.8684888E-06  5.4266881E-03  5.4218196E-03  1.3130143E-03  1.3119316E-03  3.5826932E-04
   si29     29   2.1920714E-06  2.8733039E-04  2.8513832E-04  6.9521026E-05  6.8995651E-05  3.2944572E-03
   si30     30   4.3392938E-06  1.9879041E-04  1.9445112E-04  4.8098333E-05  4.7051835E-05  9.5534464E-03
    p31     31   4.3772161E-07  5.4572796E-05  5.4135075E-05  1.3204161E-05  1.3099202E-05  3.4659836E-03
    p32     32   2.5854949E-30  2.5854949E-30  0.0000000E+00  6.2557346E-31  0.0000000E+00  0.0000000E+00
    p33     33   2.6147574E-29  2.6147574E-29  0.0000000E+00  6.3265362E-30  0.0000000E+00  0.0000000E+00
    s32     32  -3.9667357E-06  2.5942402E-03  2.5982070E-03  6.2768941E-04  6.2869478E-04 -6.9505058E-04
    s33     33   4.4814442E-07  2.1899183E-05  2.1451038E-05  5.2986170E-06  5.1905627E-06  8.9481147E-03
    s34     34   1.0956574E-06  1.2584901E-04  1.2475335E-04  3.0449797E-05  3.0186888E-05  3.7660813E-03
    s35     35   4.9203037E-24  4.9203037E-24  0.0000000E+00  1.1904921E-24  0.0000000E+00  0.0000000E+00
    s36     36   8.0793484E-08  6.9661041E-07  6.1581693E-07  1.6854837E-07  1.4901079E-07  5.3506836E-02
   cl35     35  -7.7778168E-08  2.6574213E-05  2.6651991E-05  6.4297637E-06  6.4490509E-06 -1.3008005E-03
   cl36     36   0.0000000E+00  0.0000000E+00  0.0000000E+00  0.0000000E+00  0.0000000E+00  0.0000000E+00
   cl37     37   7.2226067E-07  9.7274451E-06  9.0051844E-06  2.3536040E-06  2.1790077E-06  3.3474632E-02
   ar36     36  -1.6621198E-06  4.9466279E-04  4.9632491E-04  1.1968613E-04  1.2009701E-04 -1.4883763E-03
   ar37     37   8.4759941E-24  8.4759941E-24  0.0000000E+00  2.0508092E-24  0.0000000E+00  0.0000000E+00
   ar38     38   7.0498209E-07  9.5958123E-05  9.5253141E-05  2.3217548E-05  2.3048646E-05  3.1709203E-03
   ar39     39   4.4377013E-10  4.4377013E-10  0.0000000E+00  1.0737240E-10  0.0000000E+00  0.0000000E+00
   ar40     40   3.4592261E-08  1.9495705E-07  1.6036479E-07  4.7170833E-08  3.8803879E-08  8.4798411E-02
    k39     39   5.2181349E-08  2.5892110E-05  2.5839929E-05  6.2647255E-06  6.2525537E-06  8.4461394E-04
    k40     40  -4.1830623E-09  0.0000000E+00  4.1830623E-09  0.0000000E+00  1.0121863E-09  0.0000000E+00
    k41     41   9.0815547E-08  2.0510874E-06  1.9602719E-06  4.9627084E-07  4.7433201E-07  1.9636307E-02
   ca40     40  -1.0111253E-06  4.4637659E-04  4.4738772E-04  1.0800305E-04  1.0825555E-04 -1.0141789E-03
   ca41     41   0.0000000E+00  0.0000000E+00  0.0000000E+00  0.0000000E+00  0.0000000E+00  0.0000000E+00
   ca42     42   6.3908146E-08  3.1990960E-06  3.1351879E-06  7.7403729E-07  7.5862943E-07  8.7322127E-03
   ca43     43   1.4404179E-08  6.8416608E-07  6.6976190E-07  1.6553740E-07  1.6206401E-07  9.2095276E-03
   ca44     44  -4.3528416E-09  1.0585329E-05  1.0589682E-05  2.5611732E-06  2.5624124E-06 -2.1006366E-04
   ca45     45   1.8868820E-21  1.8868820E-21  0.0000000E+00  4.5654054E-22  0.0000000E+00  0.0000000E+00
   ca46     46   1.4233274E-08  3.5461817E-08  2.1228542E-08  8.5801641E-09  5.1367248E-09  2.2280931E-01
   ca47     47   4.0519767E-37  4.0519767E-37  0.0000000E+00  9.8039605E-38  0.0000000E+00  0.0000000E+00
   ca48     48  -3.8210146E-10  1.0352348E-06  1.0356169E-06  2.5048024E-07  2.5059089E-07 -1.9180561E-04
   sc45     45   1.8287238E-08  3.1705440E-07  2.9876716E-07  7.6712901E-08  7.2293453E-08  2.5769442E-02
   sc46     46   1.1475367E-25  1.1475367E-25  0.0000000E+00  2.7765226E-26  0.0000000E+00  0.0000000E+00
   sc47     47   1.1593454E-36  1.1593454E-36  0.0000000E+00  2.8050942E-37  0.0000000E+00  0.0000000E+00
   sc48     48   2.3278474E-31  1.8835382E-28  1.8812103E-28  4.5573148E-29  4.5520128E-29  0.0000000E+00
   ti46     46  -7.4402351E-09  1.8178264E-06  1.8252666E-06  4.3983218E-07  4.4166444E-07 -1.8054369E-03
   ti47     47  -1.0182475E-08  1.6716649E-06  1.6818474E-06  4.0446770E-07  4.0696094E-07 -2.6688732E-03
   ti48     48  -1.1783413E-07  1.6901460E-05  1.7019294E-05  4.0893929E-06  4.1182020E-06 -3.0488092E-03
   ti49     49   8.2456040E-08  1.3574498E-06  1.2749938E-06  3.2844179E-07  3.0851351E-07  2.7184222E-02
   ti50     50   6.5645963E-08  1.3113465E-06  1.2457006E-06  3.1728686E-07  3.0142536E-07  2.2272279E-02
    v51     51  -2.0106654E-08  2.7251617E-06  2.7452684E-06  6.5936649E-07  6.6427958E-07 -3.2240236E-03
   cr52     52  -3.2871321E-07  1.1221151E-04  1.1254022E-04  2.7150136E-05  2.7231643E-05 -1.3018390E-03
   cr53     53  -1.2241799E-08  1.2994260E-05  1.3006502E-05  3.1440263E-06  3.1472164E-06 -4.4044005E-04
   cr54     54   3.1283275E-07  3.6115171E-06  3.2986843E-06  8.7382460E-07  7.9819102E-07  3.9317433E-02
   mn55     55   7.0391980E-07  9.8985925E-05  9.8282006E-05  2.3950141E-05  2.3781547E-05  3.0679633E-03
   fe54     54  -4.9640657E-06  6.4262404E-04  6.4758811E-04  1.5548611E-04  1.5669856E-04 -3.3734031E-03
   fe55     55   5.5964348E-14  5.5964348E-14  0.0000000E+00  1.3540854E-14  0.0000000E+00  0.0000000E+00
   fe56     56  -3.7371181E-05  1.0504735E-02  1.0542106E-02  2.5416731E-03  2.5509002E-03 -1.5737639E-03
   fe57     57   1.5252212E-05  2.6307348E-04  2.4782127E-04  6.3651947E-05  5.9965951E-05  2.5906958E-02
   fe58     58   2.0634459E-05  5.4191434E-05  3.3556975E-05  1.3111889E-05  8.1198668E-06  2.0811634E-01
   fe59     59   1.7113633E-24  1.7113633E-24  0.0000000E+00  4.1407294E-25  0.0000000E+00  0.0000000E+00
   fe60     60   0.0000000E+00  0.0000000E+00  0.0000000E+00  0.0000000E+00  0.0000000E+00  0.0000000E+00
   co59     59   4.7162648E-06  3.0597301E-05  2.5881036E-05  7.4031700E-06  6.2625008E-06  7.2669923E-02
   co60     60   2.4833881E-12  2.4833881E-12  0.0000000E+00  6.0086815E-13  0.0000000E+00  0.0000000E+00
   ni58     58  -3.0500814E-06  3.6725195E-04  3.7030203E-04  8.8858447E-05  8.9602931E-05 -3.6235005E-03
   ni59     59   0.0000000E+00  0.0000000E+00  0.0000000E+00  0.0000000E+00  0.0000000E+00  0.0000000E+00
   ni60     60   2.2552849E-06  1.4980885E-04  1.4755357E-04  3.6247002E-05  3.5703917E-05  6.5562068E-03
   ni61     61   1.1990828E-06  7.7200293E-06  6.5209465E-06  1.8678998E-06  1.5778902E-06  7.3276795E-02
   ni62     62   1.7378188E-06  2.2870316E-05  2.1132497E-05  5.5335872E-06  5.1134848E-06  3.4289800E-02
   ni63     63   0.0000000E+00  0.0000000E+00  0.0000000E+00  0.0000000E+00  0.0000000E+00  0.0000000E+00
   ni64     64   5.5385726E-07  6.1091732E-06  5.5553160E-06  1.4781450E-06  1.3442341E-06  4.1242152E-02
   cu63     63   6.6598159E-07  5.2512587E-06  4.5852771E-06  1.2705683E-06  1.1095112E-06  5.8866337E-02
   cu64     64   0.0000000E+00  0.0000000E+00  0.0000000E+00  0.0000000E+00  0.0000000E+00  0.0000000E+00
   cu65     65   9.2588607E-08  2.2012393E-06  2.1086507E-06  5.3260089E-07  5.1023562E-07  1.8631130E-02
   zn64     64  -5.2375981E-08  7.8035173E-06  7.8558933E-06  1.8881001E-06  1.9009107E-06 -2.9367036E-03
   zn65     65   7.1098804E-20  7.1098804E-20  0.0000000E+00  1.7202712E-20  0.0000000E+00  0.0000000E+00
   zn66     66   6.9842372E-08  4.7178855E-06  4.6480432E-06  1.1415160E-06  1.1246990E-06  6.4456840E-03
   zn67     67   1.8530784E-08  7.1190647E-07  6.9337568E-07  1.7224933E-07  1.6777788E-07  1.1422846E-02
   zn68     68   7.6398464E-08  3.2946787E-06  3.2182802E-06  7.9716398E-07  7.7873545E-07  1.0157733E-02
   zn69     69   0.0000000E+00  0.0000000E+00  0.0000000E+00  0.0000000E+00  0.0000000E+00  0.0000000E+00
   zn70     70  -3.9545967E-10  1.0915373E-07  1.0954919E-07  2.6410291E-08  2.6507900E-08 -1.6021349E-03
   ga69     69   1.1166065E-08  3.0622357E-07  2.9505750E-07  7.4092327E-08  7.1395824E-08  1.6100427E-02
   ga70     70   0.0000000E+00  0.0000000E+00  0.0000000E+00  0.0000000E+00  0.0000000E+00  0.0000000E+00
   ga71     71   7.2703727E-09  2.0876283E-07  2.0149245E-07  5.0511211E-08  4.8755648E-08  1.5362860E-02
   ge70     70   1.4997312E-08  3.4316434E-07  3.2816703E-07  8.3030329E-08  7.9407421E-08  1.9375650E-02
   ge71     71   9.2789988E-30  9.2789988E-30  0.0000000E+00  2.2451002E-30  0.0000000E+00  0.0000000E+00
   ge72     72   8.9972900E-09  4.5507485E-07  4.4607756E-07  1.1010764E-07  1.0793853E-07  8.6409198E-03
   ge73     73   2.6082887E-09  1.2955329E-07  1.2694500E-07  3.1346065E-08  3.0717207E-08  8.8013178E-03
   ge74     74   8.2639531E-09  6.1222079E-07  6.0395683E-07  1.4812989E-07  1.4614099E-07  5.8706338E-03
   as75     75   3.2875391E-10  8.8875794E-08  8.8547040E-08  2.1503944E-08  2.1425953E-08  1.5779859E-03
   se76     76   3.5286618E-09  9.5714185E-08  9.2185523E-08  2.3158526E-08  2.2306367E-08  1.6282080E-02
   se77     77   8.5670138E-10  7.6912940E-08  7.6056239E-08  1.8609471E-08  1.8403522E-08  4.8330976E-03
   se78     78   6.7286976E-09  2.4674438E-07  2.4001568E-07  5.9701037E-08  5.8077209E-08  1.1976141E-02
   se79     79   0.0000000E+00  0.0000000E+00  0.0000000E+00  0.0000000E+00  0.0000000E+00  0.0000000E+00
   se80     80   3.5200856E-09  5.1729222E-07  5.1377214E-07  1.2516143E-07  1.2431876E-07  2.9338719E-03
   br79     79   1.0361774E-09  8.3197534E-08  8.2161357E-08  2.0130059E-08  1.9880794E-08  5.4113124E-03
   br80     80   0.0000000E+00  0.0000000E+00  0.0000000E+00  0.0000000E+00  0.0000000E+00  0.0000000E+00
   br81     81   3.1748471E-10  8.2264243E-08  8.1946759E-08  1.9904245E-08  1.9828869E-08  1.6477737E-03
   kr80     80  -1.8542679E-10  1.9394754E-08  1.9580181E-08  4.6926578E-09  4.7378670E-09 -4.1639828E-03
   kr81     81   0.0000000E+00  0.0000000E+00  0.0000000E+00  0.0000000E+00  0.0000000E+00  0.0000000E+00
   kr82     82   2.9779770E-09  1.0354343E-07  1.0056545E-07  2.5052850E-08  2.4334081E-08  1.2642195E-02
   kr83     83   2.2207303E-10  1.0105969E-07  1.0083762E-07  2.4451898E-08  2.4399938E-08  9.2387054E-04
   kr84     84   2.7870897E-09  5.0573721E-07  5.0295012E-07  1.2236565E-07  1.2170013E-07  2.3684641E-03
   kr-5     85   6.3724410E-15  6.3724410E-15  0.0000000E+00  1.5418440E-15  0.0000000E+00  0.0000000E+00
   kr*5     85   0.0000000E+00  0.0000000E+00  0.0000000E+00  0.0000000E+00  0.0000000E+00  0.0000000E+00
   kr86     86   3.3702747E-09  1.5908907E-07  1.5571879E-07  3.8492395E-08  3.7679676E-08  9.2677623E-03
   rb85     85   1.5793731E-09  8.3206942E-08  8.1627569E-08  2.0132335E-08  1.9751633E-08  8.2911476E-03
   rb86     86   6.6334742E-28  6.6334742E-28  0.0000000E+00  1.6050022E-28  0.0000000E+00  0.0000000E+00
   rb87     87   1.7719870E-09  3.6156614E-08  3.4384627E-08  8.7482732E-09  8.3201357E-09  2.1791931E-02
   sr86     86   1.1273258E-09  3.9218556E-08  3.8091230E-08  9.4891259E-09  9.2170325E-09  1.2635105E-02
   sr87     87   4.4470205E-10  2.7374714E-08  2.6930012E-08  6.6234489E-09  6.5163239E-09  7.0815072E-03
   sr88     88   2.2017730E-09  3.2878305E-07  3.2658127E-07  7.9550702E-08  7.9023707E-08  2.8866113E-03
   sr89     89   6.0424461E-27  6.0424461E-27  0.0000000E+00  1.4620001E-27  0.0000000E+00  0.0000000E+00
   sr90     90   1.1901782E-14  1.1901782E-14  0.0000000E+00  2.8796956E-15  0.0000000E+00  0.0000000E+00
    y89     89   4.5240256E-10  7.8346460E-08  7.7894057E-08  1.8956317E-08  1.8848224E-08  2.4835297E-03
    y90     90   3.0098691E-18  3.0098691E-18  0.0000000E+00  7.2825291E-19  0.0000000E+00  0.0000000E+00
    y91     91   2.0041984E-31  2.0041984E-31  0.0000000E+00  4.8492583E-32  0.0000000E+00  0.0000000E+00
   zr90     90   2.8997249E-11  9.2871254E-08  9.2842257E-08  2.2470664E-08  2.2465278E-08  1.0410089E-04
   zr91     91   8.7643670E-11  2.0559320E-08  2.0471676E-08  4.9744302E-09  4.9535838E-09  1.8238180E-03
   zr92     92   1.5351986E-10  3.1788403E-08  3.1634883E-08  7.6913631E-09  7.6547746E-09  2.0709021E-03
   zr93     93   0.0000000E+00  0.0000000E+00  0.0000000E+00  0.0000000E+00  0.0000000E+00  0.0000000E+00
   zr94     94   8.0557783E-11  3.2836606E-08  3.2756049E-08  7.9449816E-09  7.9260651E-09  1.0352393E-03
   zr95     95   2.0538534E-26  2.0538534E-26  0.0000000E+00  4.9694012E-27  0.0000000E+00  0.0000000E+00
   zr96     96   7.0250472E-11  5.4597464E-09  5.3894960E-09  1.3210130E-09  1.3041102E-09  5.5927890E-03
   nb93     93   8.9235286E-12  1.4153708E-08  1.4144784E-08  3.4245604E-09  3.4226495E-09  2.4238034E-04
   nb94     94   1.9495472E-13  1.9495472E-13  0.0000000E+00  4.7170269E-14  0.0000000E+00  0.0000000E+00
   nb95     95   2.3351951E-26  2.3351951E-26  0.0000000E+00  5.6501215E-27  0.0000000E+00  0.0000000E+00
   mo94     94  -4.2154724E-11  4.3910946E-09  4.4332493E-09  1.0624474E-09  1.0727247E-09 -4.1808668E-03
   mo95     95   2.2737368E-12  7.7565598E-09  7.7542861E-09  1.8767385E-09  1.8763244E-09  9.5819283E-05
   mo96     96   7.5071505E-11  8.3234815E-09  8.2484100E-09  2.0139079E-09  1.9958890E-09  3.9031997E-03
   mo97     97  -4.1411319E-12  4.7944377E-09  4.7985789E-09  1.1600382E-09  1.1611244E-09 -4.0647044E-04
   mo98     98   1.0887291E-11  1.2329600E-08  1.2318712E-08  2.9832083E-09  2.9807905E-09  3.5211348E-04
   tc99     99   0.0000000E+00  0.0000000E+00  0.0000000E+00  0.0000000E+00  0.0000000E+00  0.0000000E+00
   ru99     99  -3.3242298E-11  4.2681561E-09  4.3013983E-09  1.0327017E-09  1.0408203E-09 -3.4008743E-03
  ru100    100   2.3810731E-11  4.3140682E-09  4.2902575E-09  1.0438104E-09  1.0381246E-09  2.3721198E-03
  ru101    101  -5.7582827E-11  5.8093494E-09  5.8669323E-09  1.4056012E-09  1.4196366E-09 -4.3150717E-03
  ru102    102  -2.2204460E-11  1.0935246E-08  1.0957450E-08  2.6458373E-09  2.6514024E-09 -9.1250648E-04
  rh103    103  -6.8795636E-11  6.9289636E-09  6.9977593E-09  1.6764974E-09  1.6932657E-09 -4.3222350E-03
  pd104    104   2.8497427E-11  3.0906875E-09  3.0621901E-09  7.4780732E-10  7.4096596E-10  3.9914418E-03
  pd105    105  -6.1887384E-11  6.1351022E-09  6.1969896E-09  1.4844187E-09  1.4995014E-09 -4.3904530E-03
  pd106    106  -1.2908785E-11  7.6441378E-09  7.6570466E-09  1.8495374E-09  1.8527950E-09 -7.6425640E-04
  pd107    107   0.0000000E+00  0.0000000E+00  0.0000000E+00  0.0000000E+00  0.0000000E+00  0.0000000E+00
  pd108    108   1.1469936E-11  7.5646547E-09  7.5531847E-09  1.8303060E-09  1.8276636E-09  6.2743662E-04
  ag107    107  -4.8985704E-11  5.1526925E-09  5.2016782E-09  1.2467197E-09  1.2586634E-09 -4.1407752E-03
  ag108    108   0.0000000E+00  0.0000000E+00  0.0000000E+00  0.0000000E+00  0.0000000E+00  0.0000000E+00
  ag109    109  -3.4690473E-11  4.8882658E-09  4.9229563E-09  1.1827404E-09  1.1912203E-09 -3.1026956E-03
  cd108    108   1.2551349E-12  2.9294894E-10  2.9169381E-10  7.0880461E-11  7.0581894E-11  1.8332008E-03
  cd109    109   4.7043973E-23  4.7043973E-23  0.0000000E+00  1.1382524E-23  0.0000000E+00  0.0000000E+00
  cd110    110   4.7413629E-11  4.2167958E-09  4.1693822E-09  1.0202749E-09  1.0088761E-09  4.8793792E-03
  cd111    111  -2.1816771E-11  4.2899027E-09  4.3117194E-09  1.0379634E-09  1.0433179E-09 -2.2346247E-03
  cd112    112   2.6363800E-11  8.2279925E-09  8.2016287E-09  1.9908040E-09  1.9845690E-09  1.3623105E-03
  cd113    113  -1.4675816E-11  4.1758406E-09  4.1905164E-09  1.0103655E-09  1.0139899E-09 -1.5551366E-03
  cd114    114   6.5845107E-11  1.0005097E-08  9.9392521E-09  2.4207834E-09  2.4050264E-09  2.8360537E-03
  in115    115  -1.0810908E-11  3.7369525E-09  3.7477634E-09  9.0417435E-10  9.0685587E-10 -1.2860793E-03
  sn116    116   1.1025048E-10  1.1835762E-08  1.1725511E-08  2.8637217E-09  2.8372522E-09  4.0328889E-03
  sn117    117  -4.8308024E-12  6.2418479E-09  6.2466787E-09  1.5102464E-09  1.5115248E-09 -3.6747730E-04
  sn118    118   1.0466472E-10  1.9153225E-08  1.9048560E-08  4.6342183E-09  4.6092290E-09  2.3482279E-03
  sn119    119   7.4686923E-12  7.1138944E-09  7.1064257E-09  1.7212424E-09  1.7195600E-09  4.2468461E-04
  sn120    120   1.3413803E-10  2.7313874E-08  2.7179736E-08  6.6087282E-09  6.5767498E-09  2.1065567E-03
  sb121    121  -1.9108715E-11  4.1724415E-09  4.1915502E-09  1.0095431E-09  1.0142401E-09 -2.0159336E-03
  te122    122   2.3751889E-11  2.8099816E-09  2.7862297E-09  6.7988909E-10  6.7419115E-10  3.6550511E-03
  te123    123   9.0266683E-12  9.8945085E-10  9.8042419E-10  2.3940258E-10  2.3723576E-10  3.9486568E-03
  te124    124   3.9775738E-11  5.3037983E-09  5.2640226E-09  1.2832805E-09  1.2737490E-09  3.2377292E-03
  te125    125  -6.4325434E-11  7.8506694E-09  7.9149949E-09  1.8995088E-09  1.9152118E-09 -3.5755003E-03
  te126    126  -4.5455195E-11  2.1214767E-08  2.1260222E-08  5.1330189E-09  5.1443902E-09 -9.6104370E-04
   i127    127  -3.0537350E-10  2.6358443E-08  2.6663816E-08  6.3775571E-09  6.4519119E-09 -5.0340639E-03
   i128    128   0.0000000E+00  0.0000000E+00  0.0000000E+00  0.0000000E+00  0.0000000E+00  0.0000000E+00
   i129    129   6.5085442E-14  6.5085442E-14  0.0000000E+00  1.5747749E-14  0.0000000E+00  0.0000000E+00
  xe128    128   5.1360693E-11  2.9312108E-09  2.8798501E-09  7.0922113E-10  6.9684469E-10  7.6456489E-03
  xe129    129  -4.2262727E-10  3.5730963E-08  3.6153590E-08  8.6452854E-09  8.7481773E-09 -5.1382510E-03
  xe130    130   1.4725288E-10  5.9971637E-09  5.8499108E-09  1.4510437E-09  1.4155179E-09  1.0765119E-02
  xe131    131  -2.7789504E-10  2.8943653E-08  2.9221548E-08  7.0030617E-09  7.0708124E-09 -4.1813636E-03
  xe132    132   1.0161472E-10  3.6090444E-08  3.5988830E-08  8.7322638E-09  8.7083096E-09  1.1929973E-03
  xe133    133   1.3627869E-34  1.3627869E-34  0.0000000E+00  3.2973311E-35  0.0000000E+00  0.0000000E+00
  xe134    134   9.0378371E-11  1.3579948E-08  1.3489569E-08  3.2857363E-09  3.2641059E-09  2.8684565E-03
  cs133    133  -4.3416826E-11  9.4182502E-09  9.4616670E-09  2.2787927E-09  2.2894637E-09 -2.0289372E-03
  cs134    134   1.3844665E-19  1.3844665E-19  0.0000000E+00  3.3497862E-20  0.0000000E+00  0.0000000E+00
  cs135    135   0.0000000E+00  0.0000000E+00  0.0000000E+00  0.0000000E+00  0.0000000E+00  0.0000000E+00
  cs136    136   1.0410939E-34  1.0410939E-34  0.0000000E+00  2.5189788E-35  0.0000000E+00  0.0000000E+00
  cs137    137   0.0000000E+00  0.0000000E+00  0.0000000E+00  0.0000000E+00  0.0000000E+00  0.0000000E+00
  ba134    134   1.3892576E-10  3.0396101E-09  2.9006844E-09  7.3544887E-10  7.0188605E-10  2.0285882E-02
  ba135    135   4.7435833E-11  8.0177855E-09  7.9703497E-09  1.9399433E-09  1.9286059E-09  2.5455549E-03
  ba136    136   3.1750247E-10  9.8840394E-09  9.5665369E-09  2.3914928E-09  2.3148394E-09  1.4148179E-02
  ba137    137   2.6607516E-10  1.4047453E-08  1.3781378E-08  3.3988514E-09  3.3347154E-09  8.2734209E-03
  ba138    138   4.8459725E-10  8.9098876E-08  8.8614279E-08  2.1557918E-08  2.1442224E-08  2.3370022E-03
  la139    139   2.0126123E-11  1.2174680E-08  1.2154554E-08  2.9457248E-09  2.9410685E-09  6.8703940E-04
  ce140    140   4.7965187E-11  2.7905688E-08  2.7857723E-08  6.7519208E-09  6.7408044E-09  7.1562309E-04
  ce141    141   1.2542767E-28  1.2542767E-28  0.0000000E+00  3.0347853E-29  0.0000000E+00  0.0000000E+00
  ce142    142   1.2576606E-12  3.5516146E-09  3.5503569E-09  8.5933088E-10  8.5908897E-10  1.2226810E-04
  pr141    141  -1.6965540E-11  4.7840749E-09  4.8010405E-09  1.1575308E-09  1.1617202E-09 -1.5689577E-03
  nd142    142   1.3557599E-11  6.4181416E-09  6.4045840E-09  1.5529015E-09  1.5497336E-09  8.8687899E-04
  nd143    143  -1.7456259E-11  2.8497742E-09  2.8672305E-09  6.8951711E-10  6.9379108E-10 -2.6836672E-03
  nd144    144  -1.0141221E-11  5.6883129E-09  5.6984542E-09  1.3763157E-09  1.3788695E-09 -8.0507458E-04
  nd145    145  -1.4658941E-11  2.1043596E-09  2.1190185E-09  5.0916033E-10  5.1274435E-10 -3.0463326E-03
  nd146    146   7.4309447E-12  4.1782697E-09  4.1708388E-09  1.0109532E-09  1.0092285E-09  7.4156898E-04
  nd147    147   8.5994712E-32  8.5994712E-32  0.0000000E+00  2.0806851E-32  0.0000000E+00  0.0000000E+00
  nd148    148  -7.1583850E-12  1.4036554E-09  1.4108138E-09  3.3962144E-10  3.4137826E-10 -2.2407654E-03
  pm147    147   3.7752156E-19  3.7752156E-19  0.0000000E+00  9.1343229E-20  0.0000000E+00  0.0000000E+00
  pm148    148   0.0000000E+00  0.0000000E+00  0.0000000E+00  0.0000000E+00  0.0000000E+00  0.0000000E+00
  sm147    147  -7.2964967E-12  1.1283190E-09  1.1356155E-09  2.7300243E-10  2.7478778E-10 -2.8309065E-03
  sm148    148   4.2238990E-12  8.6154583E-10  8.5732194E-10  2.0845532E-10  2.0744838E-10  2.1029501E-03
  sm149    149  -1.0990209E-11  1.0502335E-09  1.0612237E-09  2.5410923E-10  2.5678701E-10 -4.5526065E-03
  sm150    150   7.4109607E-12  5.7792338E-10  5.7051242E-10  1.3983145E-10  1.3804835E-10  5.5736224E-03
  sm151    151   9.2886618E-16  9.2886618E-16  0.0000000E+00  2.2474381E-16  0.0000000E+00  0.0000000E+00
  sm152    152  -1.3025803E-11  2.0824424E-09  2.0954682E-09  5.0385734E-10  5.0704585E-10 -2.7396446E-03
  eu151    151  -1.6090684E-11  1.3662438E-09  1.3823345E-09  3.3056952E-10  3.3448702E-10 -5.1164585E-03
  eu152    152   3.5680862E-20  3.5680862E-20  0.0000000E+00  8.6331629E-21  0.0000000E+00  0.0000000E+00
  eu153    153  -1.7213453E-11  1.5117509E-09  1.5289644E-09  3.6577572E-10  3.6996742E-10 -4.9486216E-03
  eu154    154   2.8562306E-19  2.8562306E-19  0.0000000E+00  6.9107929E-20  0.0000000E+00  0.0000000E+00
  eu155    155   3.7588984E-19  3.7588984E-19  0.0000000E+00  9.0948431E-20  0.0000000E+00  0.0000000E+00
  gd152    152  -2.2237420E-14  2.0161144E-11  2.0183381E-11  4.8780897E-12  4.8838242E-12 -5.1025319E-04
  gd153    153   4.3337581E-26  4.3337581E-26  0.0000000E+00  1.0485744E-26  0.0000000E+00  0.0000000E+00
  gd154    154   3.9821757E-12  2.2687116E-10  2.2288899E-10  5.4892611E-11  5.3933018E-11  7.6591801E-03
  gd155    155  -1.7112423E-11  1.5059411E-09  1.5230536E-09  3.6437001E-10  3.6853717E-10 -4.9386723E-03
  gd156    156  -1.5598856E-11  2.1044979E-09  2.1200968E-09  5.0919380E-10  5.1300519E-10 -3.2386542E-03
  gd157    157  -1.5432211E-11  1.6158366E-09  1.6312688E-09  3.9095974E-10  3.9472228E-10 -4.1596182E-03
  gd158    158  -1.0188739E-11  2.5955298E-09  2.6057185E-09  6.2800143E-10  6.3051242E-10 -1.7330241E-03
  gd159    159   0.0000000E+00  0.0000000E+00  0.0000000E+00  0.0000000E+00  0.0000000E+00  0.0000000E+00
  gd160    160  -2.5655922E-11  2.2964923E-09  2.3221483E-09  5.5564781E-10  5.6189614E-10 -4.8564426E-03
  tb159    159  -2.0152990E-11  1.9455515E-09  1.9657045E-09  4.7073589E-10  4.7564652E-10 -4.5070145E-03
  tb160    160   1.7489707E-25  1.7489707E-25  0.0000000E+00  4.2317220E-26  0.0000000E+00  0.0000000E+00
  tb161    161   1.9488615E-33  1.9488615E-33  0.0000000E+00  4.7153679E-34  0.0000000E+00  0.0000000E+00
  dy160    160   5.0856819E-12  3.0253028E-10  2.9744460E-10  7.3198711E-11  7.1973427E-11  7.3312698E-03
  dy161    161  -2.6708191E-11  2.4007725E-09  2.4274807E-09  5.8087890E-10  5.8738370E-10 -4.8362864E-03
  dy162    162  -2.1464164E-11  3.2726863E-09  3.2941505E-09  7.9184281E-10  7.9709406E-10 -2.8705907E-03
  dy163    163  -3.2350789E-11  3.2068372E-09  3.2391880E-09  7.7591034E-10  7.8379458E-10 -4.3907142E-03
  dy164    164  -1.5343282E-12  3.6979046E-09  3.6994390E-09  8.9472652E-10  8.9516272E-10 -2.1166936E-04
  ho165    165  -2.6938229E-11  2.8544447E-09  2.8813829E-09  6.9064715E-10  6.9721562E-10 -4.1108793E-03
  er166    166  -1.3832713E-11  2.7234091E-09  2.7372418E-09  6.5894246E-10  6.6233746E-10 -2.2318405E-03
  er167    167  -1.5542900E-11  1.8641109E-09  1.8796538E-09  4.5103096E-10  4.5482462E-10 -3.6376226E-03
  er168    168   5.7767124E-12  2.2364324E-09  2.2306557E-09  5.4111599E-10  5.3975746E-10  1.0916877E-03
  er169    169   3.0369543E-32  3.0369543E-32  0.0000000E+00  7.3480629E-33  0.0000000E+00  0.0000000E+00
  er170    170  -1.2128076E-12  1.2462784E-09  1.2474912E-09  3.0154329E-10  3.0185868E-10 -4.5399237E-04
  tm169    169  -8.1978868E-12  1.3100938E-09  1.3182917E-09  3.1698374E-10  3.1899042E-10 -2.7406346E-03
  tm170    170   3.7512353E-25  3.7512353E-25  0.0000000E+00  9.0763014E-26  0.0000000E+00  0.0000000E+00
  tm171    171   2.2405603E-19  2.2405603E-19  0.0000000E+00  5.4211479E-20  0.0000000E+00  0.0000000E+00
  yb170    170   7.7967632E-12  2.5713331E-10  2.4933655E-10  6.2214692E-11  6.0332607E-11  1.3340868E-02
  yb171    171   2.2141178E-12  1.1880222E-09  1.1858081E-09  2.8744793E-10  2.8693303E-10  7.7862456E-04
  yb172    172   2.1598834E-11  1.8577313E-09  1.8361325E-09  4.4948739E-10  4.4429369E-10  5.0473637E-03
  yb173    173   3.3494318E-12  1.3741639E-09  1.3708145E-09  3.3248582E-10  3.3169947E-10  1.0283184E-03
  yb174    174   5.5329519E-11  2.7983420E-09  2.7430125E-09  6.7707284E-10  6.6373379E-10  8.6414786E-03
  lu175    175  -4.0100145E-12  1.2339983E-09  1.2380084E-09  2.9857208E-10  2.9956407E-10 -1.4405332E-03
  lu176    176   8.5082219E-12  4.4645173E-11  3.6136951E-11  1.0802123E-11  8.7441504E-12  9.1791488E-02
  lu177    177   8.1529946E-35  8.1529946E-35  0.0000000E+00  1.9726579E-35  0.0000000E+00  0.0000000E+00
  hf176    176  -3.4397207E-12  2.7461858E-10  2.7805830E-10  6.6445335E-11  6.7282471E-11 -5.4374379E-03
  hf177    177  -3.1473713E-12  9.9625042E-10  9.9939779E-10  2.4104777E-10  2.4182686E-10 -1.4014471E-03
  hf178    178   2.4016233E-11  1.4985670E-09  1.4745508E-09  3.6258579E-10  3.5680081E-10  6.9849761E-03
  hf179    179   7.3779316E-12  7.4772188E-10  7.4034395E-10  1.8091505E-10  1.7914291E-10  4.2750803E-03
  hf180    180   5.5859983E-11  1.9731508E-09  1.9172908E-09  4.7741372E-10  4.6393178E-10  1.2440750E-02
  hf181    181   2.1488689E-27  2.1488689E-27  0.0000000E+00  5.1992958E-28  0.0000000E+00  0.0000000E+00
  hf182    182   2.7733923E-11  2.7733923E-11  0.0000000E+00  6.7103614E-12  0.0000000E+00  0.0000000E+00
  ta181    181   9.5142783E-12  8.2183105E-10  8.1231677E-10  1.9884613E-10  1.9655837E-10  5.0256145E-03
  ta182    182   2.5445637E-19  2.5445637E-19  0.0000000E+00  6.1566988E-20  0.0000000E+00  0.0000000E+00
  ta183    183   4.5711197E-39  4.5711197E-39  0.0000000E+00  1.1060056E-39  0.0000000E+00  0.0000000E+00
   w182    182   1.5605517E-11  1.2904140E-09  1.2748085E-09  3.1222211E-10  3.0846867E-10  5.2525732E-03
   w183    183   1.4884038E-11  7.0704176E-10  6.9215772E-10  1.7107230E-10  1.6748318E-10  9.2084641E-03
   w184    184   3.3333558E-11  1.5234215E-09  1.4900879E-09  3.6859946E-10  3.6056041E-10  9.5766410E-03
   w185    185   3.3637174E-26  3.3637174E-26  0.0000000E+00  8.1386826E-27  0.0000000E+00  0.0000000E+00
   w186    186   5.7029936E-12  1.4033739E-09  1.3976709E-09  3.3955333E-10  3.3819803E-10  1.7369392E-03
  re185    185   1.0635381E-12  7.1145118E-10  7.1038764E-10  1.7213916E-10  1.7189432E-10  6.1818270E-04
  re186    186   7.1971411E-37  7.1971411E-37  0.0000000E+00  1.7413843E-37  0.0000000E+00  0.0000000E+00
  re187    187  -1.4047319E-11  1.2813990E-09  1.2954463E-09  3.1004088E-10  3.1346245E-10 -4.7665592E-03
  os186    186   1.3172435E-11  4.0691256E-10  3.9374012E-10  9.8454529E-11  9.5274309E-11  1.4259916E-02
  os187    187   3.3080205E-12  3.1815617E-10  3.1484815E-10  7.6979478E-11  7.6184607E-11  4.5077088E-03
  os188    188  -4.8656634E-12  3.3166501E-09  3.3215157E-09  8.0248008E-10  8.0371565E-10 -6.6816463E-04
  os189    189  -4.4975579E-11  4.0262789E-09  4.0712544E-09  9.7417829E-10  9.8513175E-10 -4.8558665E-03
  os190    190  -4.3934190E-11  6.6117782E-09  6.6557124E-09  1.5997528E-09  1.6104998E-09 -2.9078024E-03
  os191    191   1.1207495E-29  1.1207495E-29  0.0000000E+00  2.7117095E-30  0.0000000E+00  0.0000000E+00
  os192    192  -1.1785417E-10  1.0327644E-08  1.0445498E-08  2.4988251E-09  2.5275240E-09 -4.9594087E-03
  ir191    191  -1.0559997E-10  8.7017513E-09  8.8073513E-09  2.1054323E-09  2.1311375E-09 -5.2701845E-03
  ir192    192   9.4431245E-25  9.4431245E-25  0.0000000E+00  2.2848111E-25  0.0000000E+00  0.0000000E+00
  ir193    193  -1.7803536E-10  1.4782030E-08  1.4960065E-08  3.5765861E-09  3.6199255E-09 -5.2309353E-03
  pt192    192   8.5567664E-12  3.7891740E-10  3.7036063E-10  9.1680961E-11  8.9617105E-11  9.8882364E-03
  pt193    193   3.5786941E-16  3.5786941E-16  0.0000000E+00  8.6588294E-17  0.0000000E+00  0.0000000E+00
  pt194    194  -1.4687274E-10  1.5628824E-08  1.5775697E-08  3.7814725E-09  3.8172860E-09 -4.0937634E-03
  pt195    195  -1.8309088E-10  1.6090047E-08  1.6273138E-08  3.8930672E-09  3.9376529E-09 -4.9455320E-03
  pt196    196  -3.0973446E-11  1.2173041E-08  1.2204015E-08  2.9453282E-09  2.9530367E-09 -1.1351582E-03
  au197    197  -5.1430860E-11  7.3035307E-09  7.3549615E-09  1.7671258E-09  1.7796988E-09 -3.0790495E-03
  hg198    198   1.3000401E-10  1.8577692E-09  1.7277652E-09  4.4949655E-10  4.1807177E-10  3.1475518E-02
  hg199    199   3.0778047E-11  2.9689871E-09  2.9382090E-09  7.1836126E-10  7.1096595E-10  4.4940794E-03
  hg200    200   1.7339730E-10  4.2169255E-09  4.0435282E-09  1.0203062E-09  9.7842279E-10  1.8203931E-02
  hg201    201   6.3878014E-11  2.3824913E-09  2.3186133E-09  5.7645572E-10  5.6104082E-10  1.1771466E-02
  hg202    202   2.3173996E-10  5.5108100E-09  5.2790701E-09  1.3333681E-09  1.2773901E-09  1.8626517E-02
  tl203    203   1.1658075E-10  2.2048965E-09  2.0883157E-09  5.3348576E-10  5.0531512E-10  2.3560556E-02
  tl204    204   1.5825916E-17  1.5825916E-17  0.0000000E+00  3.8291593E-18  0.0000000E+00  0.0000000E+00
  tl205    205   1.3881118E-10  5.1727644E-09  5.0339533E-09  1.2515763E-09  1.2180786E-09  1.1781996E-02
  pb204    204   5.6782135E-11  2.6999676E-09  2.6431854E-09  6.5327066E-10  6.3957839E-10  9.1993911E-03
  pb205    205   0.0000000E+00  0.0000000E+00  0.0000000E+00  0.0000000E+00  0.0000000E+00  0.0000000E+00
  pb206    206   1.2556889E-10  2.4961054E-08  2.4835485E-08  6.0394516E-09  6.0095058E-09  2.1587445E-03
  pb207    207   7.6974871E-11  2.7693677E-08  2.7616702E-08  6.7006236E-09  6.6824839E-09  1.1773016E-03
  pb208    208   1.4246382E-10  7.9572651E-08  7.9430187E-08  1.9253001E-08  1.9219925E-08  7.4673735E-04
  bi209    209   5.6759042E-12  5.5297433E-09  5.5240674E-09  1.3379491E-09  1.3366728E-09  4.1449536E-04
  bi210    210   0.0000000E+00  0.0000000E+00  0.0000000E+00  0.0000000E+00  0.0000000E+00  0.0000000E+00
  po210    210   0.0000000E+00  0.0000000E+00  0.0000000E+00  0.0000000E+00  0.0000000E+00  0.0000000E+00
