  species    A      yield       mass(i)_lost    mass(i)_0        <X(i)>          X0(i)   log10(<X(i)>/X0(i)) 
      n      1   0.0000000E+00  0.0000000E+00  0.0000000E+00  0.0000000E+00  0.0000000E+00  0.0000000E+00
      p      1  -1.5088201E-02  5.9822184E-01  6.1331004E-01  6.8840253E-01  7.0584649E-01 -1.0867794E-02
      d      2   3.7680281E-18  3.7680281E-18  0.0000000E+00  4.3360506E-18  0.0000000E+00  0.0000000E+00
    he3      3   2.8203541E-04  2.8203541E-04  0.0000000E+00  3.2455169E-04  0.0000000E+00  0.0000000E+00
    he4      4   1.4693275E-02  2.5793239E-01  2.4323912E-01  2.9681519E-01  2.7993914E-01  2.5422508E-02
    li7      7  -4.9585336E-09  2.9467384E-09  7.9052720E-09  3.3909533E-09  9.0980219E-09 -4.2862517E-01
    be7      7   9.7002540E-19  9.7002540E-19  0.0000000E+00  1.1162548E-18  0.0000000E+00  0.0000000E+00
     b8      8   1.8398328E-28  1.8398328E-28  0.0000000E+00  2.1171839E-28  0.0000000E+00  0.0000000E+00
    c12     12  -6.8282569E-04  1.4937127E-03  2.1765383E-03  1.7188868E-03  2.5049355E-03 -1.6354927E-01
    c13     13   4.5966975E-05  7.2342351E-05  2.6375374E-05  8.3247811E-05  3.0354900E-05  4.3814400E-01
    c14     14   2.2960850E-27  2.2960850E-27  0.0000000E+00  2.6422151E-27  0.0000000E+00  0.0000000E+00
    n13     13   0.0000000E+00  0.0000000E+00  0.0000000E+00  0.0000000E+00  0.0000000E+00  0.0000000E+00
    n14     14   7.5068651E-04  1.3941999E-03  6.4351340E-04  1.6043728E-03  7.4060698E-04  3.3571747E-01
    n15     15  -6.8495063E-07  9.0009979E-07  1.5850504E-06  1.0357880E-06  1.8242035E-06 -2.4580239E-01
    o14     14   0.0000000E+00  0.0000000E+00  0.0000000E+00  0.0000000E+00  0.0000000E+00  0.0000000E+00
    o15     15   0.0000000E+00  0.0000000E+00  0.0000000E+00  0.0000000E+00  0.0000000E+00  0.0000000E+00
    o16     16  -4.9099326E-06  5.2508619E-03  5.2557718E-03  6.0424185E-03  6.0487650E-03 -4.5590990E-04
    o17     17   4.2419215E-06  6.3635048E-06  2.1215835E-06  7.3227902E-06  2.4416890E-06  4.7698623E-01
    o18     18  -2.6927837E-06  9.1327038E-06  1.1825487E-05  1.0509440E-05  1.3609721E-05 -1.1226965E-01
    o19     19   0.0000000E+00  0.0000000E+00  0.0000000E+00  0.0000000E+00  0.0000000E+00  0.0000000E+00
    f17     17   0.0000000E+00  0.0000000E+00  0.0000000E+00  0.0000000E+00  0.0000000E+00  0.0000000E+00
    f18     18   0.0000000E+00  0.0000000E+00  0.0000000E+00  0.0000000E+00  0.0000000E+00  0.0000000E+00
    f19     19   7.1449335E-10  3.4125623E-07  3.4054173E-07  3.9269992E-07  3.9192281E-07  8.6027000E-04
    f20     20   0.0000000E+00  0.0000000E+00  0.0000000E+00  0.0000000E+00  0.0000000E+00  0.0000000E+00
   ne19     19   0.0000000E+00  0.0000000E+00  0.0000000E+00  0.0000000E+00  0.0000000E+00  0.0000000E+00
   ne20     20  -8.4983185E-09  1.0781141E-03  1.0781226E-03  1.2406376E-03  1.2407904E-03 -5.3457818E-05
   ne21     21   1.9645086E-10  2.7138331E-06  2.7136366E-06  3.1229379E-06  3.1230711E-06 -1.8534749E-05
   ne22     22  -1.6798294E-06  8.5522777E-05  8.7202607E-05  9.8415163E-05  1.0035978E-04 -8.4976843E-03
   ne23     23   0.0000000E+00  0.0000000E+00  0.0000000E+00  0.0000000E+00  0.0000000E+00  0.0000000E+00
   na21     21   0.0000000E+00  0.0000000E+00  0.0000000E+00  0.0000000E+00  0.0000000E+00  0.0000000E+00
   na22     22   4.0939733E-35  4.0939733E-35  0.0000000E+00  4.7111314E-35  0.0000000E+00  0.0000000E+00
   na23     23   1.7580624E-06  3.0943367E-05  2.9185305E-05  3.5608016E-05  3.3588796E-05  2.5353363E-02
   na24     24   0.0000000E+00  0.0000000E+00  0.0000000E+00  0.0000000E+00  0.0000000E+00  0.0000000E+00
   mg23     23   0.0000000E+00  0.0000000E+00  0.0000000E+00  0.0000000E+00  0.0000000E+00  0.0000000E+00
   mg24     24  -1.9208528E-09  5.1428203E-04  5.1428395E-04  5.9180899E-04  5.9187930E-04 -5.1593801E-05
   mg25     25  -3.8198777E-09  6.7816458E-05  6.7820278E-05  7.8039651E-05  7.8053032E-05 -7.4454430E-05
   mg26     26   4.5765773E-09  7.7661447E-05  7.7656870E-05  8.9368754E-05  8.9373774E-05 -2.4385266E-05
   mg27     27   0.0000000E+00  0.0000000E+00  0.0000000E+00  0.0000000E+00  0.0000000E+00  0.0000000E+00
   al25     25   0.0000000E+00  0.0000000E+00  0.0000000E+00  0.0000000E+00  0.0000000E+00  0.0000000E+00
   al-6     26   0.0000000E+00  0.0000000E+00  0.0000000E+00  0.0000000E+00  0.0000000E+00  0.0000000E+00
   al*6     26   0.0000000E+00  0.0000000E+00  0.0000000E+00  0.0000000E+00  0.0000000E+00  0.0000000E+00
   al27     27   8.8766683E-10  4.9521852E-05  4.9520964E-05  5.6987170E-05  5.6992707E-05 -4.2196181E-05
   al28     28   0.0000000E+00  0.0000000E+00  0.0000000E+00  0.0000000E+00  0.0000000E+00  0.0000000E+00
   si27     27   0.0000000E+00  0.0000000E+00  0.0000000E+00  0.0000000E+00  0.0000000E+00  0.0000000E+00
   si28     28  -3.4342520E-09  5.6944368E-04  5.6944712E-04  6.5528613E-04  6.5536553E-04 -5.2629362E-05
   si29     29  -1.7280399E-10  2.9948815E-05  2.9948988E-05  3.4463537E-05  3.4467706E-05 -5.2525807E-05
   si30     30  -1.2369128E-10  2.0422580E-05  2.0422704E-05  2.3501243E-05  2.3504090E-05 -5.2603475E-05
    p31     31  -3.7744030E-11  5.6857029E-06  5.6857407E-06  6.5428112E-06  6.5436075E-06 -5.2862364E-05
    p32     32   0.0000000E+00  0.0000000E+00  0.0000000E+00  0.0000000E+00  0.0000000E+00  0.0000000E+00
    p33     33   0.0000000E+00  0.0000000E+00  0.0000000E+00  0.0000000E+00  0.0000000E+00  0.0000000E+00
    s32     32  -8.1490725E-10  2.7288290E-04  2.7288371E-04  3.1401945E-04  3.1405652E-04 -5.1283132E-05
    s33     33   3.2059688E-11  2.2529796E-06  2.2529475E-06  2.5926117E-06  2.5928732E-06 -4.3801268E-05
    s34     34  -9.0039975E-11  1.3102454E-05  1.3102544E-05  1.5077623E-05  1.5079462E-05 -5.2965923E-05
    s35     35   0.0000000E+00  0.0000000E+00  0.0000000E+00  0.0000000E+00  0.0000000E+00  0.0000000E+00
    s36     36   5.2580162E-13  6.4677465E-08  6.4676939E-08  7.4427462E-08  7.4435420E-08 -4.6441914E-05
   cl35     35  -1.7053026E-11  2.7992699E-06  2.7992869E-06  3.2212540E-06  3.2216446E-06 -5.2655254E-05
   cl36     36   0.0000000E+00  0.0000000E+00  0.0000000E+00  0.0000000E+00  0.0000000E+00  0.0000000E+00
   cl37     37  -5.5706550E-12  9.4578195E-07  9.4578752E-07  1.0883566E-06  1.0884884E-06 -5.2577583E-05
   ar36     36  -4.3291948E-10  5.2126405E-05  5.2126838E-05  5.9984355E-05  5.9991758E-05 -5.3587260E-05
   ar37     37   0.0000000E+00  0.0000000E+00  0.0000000E+00  0.0000000E+00  0.0000000E+00  0.0000000E+00
   ar38     38  -7.9126039E-11  1.0004242E-05  1.0004321E-05  1.1512360E-05  1.1513776E-05 -5.3406042E-05
   ar39     39   2.8019207E-27  2.8019207E-27  0.0000000E+00  3.2243045E-27  0.0000000E+00  0.0000000E+00
   ar40     40   3.7628567E-11  1.6880547E-08  1.6842918E-08  1.9425254E-08  1.9384185E-08  9.1916928E-04
    k39     39   1.0686563E-11  2.7138792E-06  2.7138685E-06  3.1229911E-06  3.1233380E-06 -4.8254125E-05
    k40     40  -4.3932383E-10  0.0000000E+00  4.3932383E-10  0.0000000E+00  5.0560922E-10  0.0000000E+00
    k41     41   1.3784529E-12  2.0589349E-07  2.0589211E-07  2.3693151E-07  2.3695719E-07 -4.7063240E-05
   ca40     40   8.3309715E-10  4.6987680E-05  4.6986846E-05  5.4070977E-05  5.4076245E-05 -4.2299733E-05
   ca41     41   0.0000000E+00  0.0000000E+00  0.0000000E+00  0.0000000E+00  0.0000000E+00  0.0000000E+00
   ca42     42   3.4390268E-12  3.2929205E-07  3.2928861E-07  3.7893216E-07  3.7897183E-07 -4.5484030E-05
   ca43     43   9.5923269E-13  7.0343361E-08  7.0342402E-08  8.0947480E-08  8.0955701E-08 -4.4111930E-05
   ca44     44  -8.6401997E-12  1.1122127E-06  1.1122213E-06  1.2798764E-06  1.2800336E-06 -5.3354262E-05
   ca45     45   0.0000000E+00  0.0000000E+00  0.0000000E+00  0.0000000E+00  0.0000000E+00  0.0000000E+00
   ca46     46   8.8817842E-15  2.2296969E-09  2.2296880E-09  2.5658191E-09  2.5661042E-09 -4.8254125E-05
   ca47     47   0.0000000E+00  0.0000000E+00  0.0000000E+00  0.0000000E+00  0.0000000E+00  0.0000000E+00
   ca48     48  -2.0605739E-13  1.0876938E-07  1.0876958E-07  1.2516614E-07  1.2518078E-07 -5.0791241E-05
   sc45     45   2.3092639E-13  3.1378992E-08  3.1378761E-08  3.6109309E-08  3.6113200E-08 -4.6778463E-05
   sc46     46   0.0000000E+00  0.0000000E+00  0.0000000E+00  0.0000000E+00  0.0000000E+00  0.0000000E+00
   sc47     47   0.0000000E+00  0.0000000E+00  0.0000000E+00  0.0000000E+00  0.0000000E+00  0.0000000E+00
   sc48     48  -2.7083390E-35  1.9790721E-29  1.9790748E-29  2.2774132E-29  2.2776783E-29  0.0000000E+00
   ti46     46   1.3642421E-12  1.9170888E-07  1.9170751E-07  2.2060860E-07  2.2063243E-07 -4.6907910E-05
   ti47     47   1.1795009E-12  1.7664560E-07  1.7664442E-07  2.0327457E-07  2.0329659E-07 -4.7063240E-05
   ti48     48   9.6633812E-12  1.7875253E-06  1.7875157E-06  2.0569912E-06  2.0572168E-06 -4.7606907E-05
   ti49     49   1.1226575E-12  1.3391217E-07  1.3391104E-07  1.5409915E-07  1.5411560E-07 -4.6338355E-05
   ti50     50   9.6633812E-13  1.3083755E-07  1.3083658E-07  1.5056104E-07  1.5057726E-07 -4.6804354E-05
    v51     51   2.1600499E-12  2.8834319E-07  2.8834103E-07  3.3181033E-07  3.3184605E-07 -4.6752575E-05
   cr52     52   3.0013325E-11  1.1819992E-05  1.1819962E-05  1.3601833E-05  1.3603363E-05 -4.8875459E-05
   cr53     53  -8.9812602E-12  1.3660481E-06  1.3660571E-06  1.5719770E-06  1.5721682E-06 -5.2836476E-05
   cr54     54  -2.3874236E-12  3.4645439E-07  3.4645677E-07  3.9868169E-07  3.9873032E-07 -5.2965923E-05
   mn55     55  -8.3673513E-11  1.0322594E-05  1.0322678E-05  1.1878704E-05  1.1880167E-05 -5.3509597E-05
   fe54     54  -5.1659299E-10  6.8014873E-05  6.8015390E-05  7.8267978E-05  7.8277582E-05 -5.3276592E-05
   fe55     55   0.0000000E+00  0.0000000E+00  0.0000000E+00  0.0000000E+00  0.0000000E+00  0.0000000E+00
   fe56     56   6.9849193E-09  1.1072315E-03  1.1072245E-03  1.2741444E-03  1.2742830E-03 -4.7244463E-05
   fe57     57  -6.3664629E-11  2.6027314E-05  2.6027377E-05  2.9950877E-05  2.9954399E-05 -5.1050130E-05
   fe58     58  -2.0008883E-11  3.5245287E-06  3.5245487E-06  4.0558443E-06  4.0563341E-06 -5.2448140E-05
   fe59     59   0.0000000E+00  0.0000000E+00  0.0000000E+00  0.0000000E+00  0.0000000E+00  0.0000000E+00
   fe60     60   0.0000000E+00  0.0000000E+00  0.0000000E+00  0.0000000E+00  0.0000000E+00  0.0000000E+00
   co59     59  -1.4324542E-11  2.7181368E-06  2.7181511E-06  3.1278903E-06  3.1282668E-06 -5.2266914E-05
   co60     60   0.0000000E+00  0.0000000E+00  0.0000000E+00  0.0000000E+00  0.0000000E+00  0.0000000E+00
   ni58     58   5.2750693E-10  3.8891892E-05  3.8891365E-05  4.4754765E-05  4.4759308E-05 -4.4086042E-05
   ni59     59   0.0000000E+00  0.0000000E+00  0.0000000E+00  0.0000000E+00  0.0000000E+00  0.0000000E+00
   ni60     60  -1.0004442E-10  1.5497533E-05  1.5497633E-05  1.7833754E-05  1.7835922E-05 -5.2810588E-05
   ni61     61   1.0231815E-12  6.8491460E-07  6.8491357E-07  7.8816407E-07  7.8825360E-07 -4.9341459E-05
   ni62     62   2.6602720E-11  2.2195470E-06  2.2195204E-06  2.5541392E-06  2.5544027E-06 -4.4810924E-05
   ni63     63   0.0000000E+00  0.0000000E+00  0.0000000E+00  0.0000000E+00  0.0000000E+00  0.0000000E+00
   ni64     64   7.1622708E-12  5.8350304E-07  5.8349588E-07  6.7146493E-07  6.7153400E-07 -4.4655593E-05
   cu63     63  -4.6611603E-12  4.8159234E-07  4.8159700E-07  5.5419139E-07  5.5426062E-07 -5.4260378E-05
   cu64     64   0.0000000E+00  0.0000000E+00  0.0000000E+00  0.0000000E+00  0.0000000E+00  0.0000000E+00
   cu65     65   1.3358203E-12  2.2146750E-07  2.2146617E-07  2.5485329E-07  2.5488109E-07 -4.7373909E-05
   zn64     64   4.4337867E-12  8.2512713E-07  8.2512270E-07  9.4951338E-07  9.4961757E-07 -4.7658687E-05
   zn65     65   0.0000000E+00  0.0000000E+00  0.0000000E+00  0.0000000E+00  0.0000000E+00  0.0000000E+00
   zn66     66   1.4779289E-12  4.8817401E-07  4.8817253E-07  5.6176526E-07  5.6182824E-07 -4.8694237E-05
   zn67     67   4.6185278E-13  7.2824861E-08  7.2824399E-08  8.3803059E-08  8.3812175E-08 -4.7244463E-05
   zn68     68   4.8316906E-13  3.3801251E-07  3.3801203E-07  3.8896721E-07  3.8901143E-07 -4.9367347E-05
   zn69     69   0.0000000E+00  0.0000000E+00  0.0000000E+00  0.0000000E+00  0.0000000E+00  0.0000000E+00
   zn70     70  -6.9277917E-14  1.1505749E-08  1.1505819E-08  1.3240218E-08  1.3241821E-08 -5.2577583E-05
   ga69     69  -1.5987212E-13  3.0988776E-08  3.0988936E-08  3.5660271E-08  3.5664559E-08 -5.2215139E-05
   ga70     70   0.0000000E+00  0.0000000E+00  0.0000000E+00  0.0000000E+00  0.0000000E+00  0.0000000E+00
   ga71     71  -5.5067062E-14  2.1162453E-08  2.1162508E-08  2.4352650E-08  2.4355515E-08 -5.1101906E-05
   ge70     70   2.7000624E-13  3.4468467E-08  3.4468197E-08  3.9664517E-08  3.9668777E-08 -4.6649020E-05
   ge71     71   0.0000000E+00  0.0000000E+00  0.0000000E+00  0.0000000E+00  0.0000000E+00  0.0000000E+00
   ge72     72   8.5265128E-14  4.6851063E-08  4.6850978E-08  5.3913766E-08  5.3919877E-08 -4.9212013E-05
   ge73     73   3.2862602E-14  1.3333228E-08  1.3333195E-08  1.5343185E-08  1.5344913E-08 -4.8927235E-05
   ge74     74   8.2422957E-13  6.3434960E-08  6.3434136E-08  7.2997651E-08  7.3005104E-08 -4.4344928E-05
   as75     75  -1.0658141E-14  9.2999759E-09  9.2999866E-09  1.0701928E-08  1.0703173E-08 -5.0480572E-05
   se76     76   6.3060668E-14  9.6821955E-09  9.6821324E-09  1.1141767E-08  1.1142977E-08 -4.7192683E-05
   se77     77  -4.6185278E-14  7.9880476E-09  7.9880937E-09  9.1922292E-09  9.1933412E-09 -5.2525807E-05
   se78     78   4.2454928E-13  2.5208980E-08  2.5208555E-08  2.9009183E-08  2.9012032E-08 -4.2662170E-05
   se79     79   0.0000000E+00  0.0000000E+00  0.0000000E+00  0.0000000E+00  0.0000000E+00  0.0000000E+00
   se80     80  -4.4764192E-13  5.3961113E-08  5.3961561E-08  6.2095644E-08  6.2103297E-08 -5.3509597E-05
   br79     79  -5.7731597E-14  8.6292493E-09  8.6293070E-09  9.9300914E-09  9.9313002E-09 -5.2862364E-05
   br80     80   0.0000000E+00  0.0000000E+00  0.0000000E+00  0.0000000E+00  0.0000000E+00  0.0000000E+00
   br81     81  -1.0391688E-13  8.6070164E-09  8.6071203E-09  9.9045065E-09  9.9057660E-09 -5.5218279E-05
   kr80     80  -1.0658141E-14  2.0564719E-09  2.0564825E-09  2.3664808E-09  2.3667655E-09 -5.2241026E-05
   kr81     81   0.0000000E+00  0.0000000E+00  0.0000000E+00  0.0000000E+00  0.0000000E+00  0.0000000E+00
   kr82     82   6.6613381E-14  1.0561978E-08  1.0561911E-08  1.2154175E-08  1.2155497E-08 -4.7244463E-05
   kr83     83   1.0658141E-13  1.0591319E-08  1.0591212E-08  1.2187939E-08  1.2189219E-08 -4.5639361E-05
   kr84     84   4.3343107E-13  5.2825403E-08  5.2824969E-08  6.0788722E-08  6.0795223E-08 -4.6441914E-05
   kr-5     85   2.5750440E-37  2.5750440E-37  0.0000000E+00  2.9632265E-37  0.0000000E+00  0.0000000E+00
   kr*5     85   0.0000000E+00  0.0000000E+00  0.0000000E+00  0.0000000E+00  0.0000000E+00  0.0000000E+00
   kr86     86   8.7041485E-14  1.6355417E-08  1.6355330E-08  1.8820963E-08  1.8823028E-08 -4.7658687E-05
   rb85     85  -7.8159701E-14  8.5735357E-09  8.5736138E-09  9.8659783E-09  9.8672048E-09 -5.4001488E-05
   rb86     86   0.0000000E+00  0.0000000E+00  0.0000000E+00  0.0000000E+00  0.0000000E+00  0.0000000E+00
   rb87     87  -1.4225687E-10  3.4690804E-09  3.6113372E-09  3.9920374E-09  4.1562171E-09 -1.7503629E-02
   sr86     86  -1.8207658E-14  4.0007317E-09  4.0007500E-09  4.6038338E-09  4.6043849E-09 -5.1982133E-05
   sr87     87   1.4222667E-10  2.9706531E-09  2.8284264E-09  3.4184731E-09  3.2551806E-09  2.1257071E-02
   sr88     88  -1.4921397E-13  3.4299902E-08  3.4300051E-08  3.9470542E-08  3.9475257E-08 -5.1878582E-05
   sr89     89   0.0000000E+00  0.0000000E+00  0.0000000E+00  0.0000000E+00  0.0000000E+00  0.0000000E+00
   sr90     90   0.0000000E+00  0.0000000E+00  0.0000000E+00  0.0000000E+00  0.0000000E+00  0.0000000E+00
    y89     89  -4.1744386E-14  8.1814626E-09  8.1815044E-09  9.4148014E-09  9.4159329E-09 -5.2189247E-05
    y90     90   0.0000000E+00  0.0000000E+00  0.0000000E+00  0.0000000E+00  0.0000000E+00  0.0000000E+00
    y91     91   0.0000000E+00  0.0000000E+00  0.0000000E+00  0.0000000E+00  0.0000000E+00  0.0000000E+00
   zr90     90   5.5067062E-14  9.7511643E-09  9.7511093E-09  1.1221132E-08  1.1222361E-08 -4.7529240E-05
   zr91     91   3.1086245E-14  2.1501068E-09  2.1500757E-09  2.4742310E-09  2.4744802E-09 -4.3723605E-05
   zr92     92  -3.7081449E-14  3.3225362E-09  3.3225733E-09  3.8234016E-09  3.8238848E-09 -5.4881722E-05
   zr93     93   0.0000000E+00  0.0000000E+00  0.0000000E+00  0.0000000E+00  0.0000000E+00  0.0000000E+00
   zr94     94  -4.6851412E-14  3.4403220E-09  3.4403689E-09  3.9589434E-09  3.9594532E-09 -5.5917295E-05
   zr95     95   0.0000000E+00  0.0000000E+00  0.0000000E+00  0.0000000E+00  0.0000000E+00  0.0000000E+00
   zr96     96   4.8294702E-15  5.6605703E-10  5.6605221E-10  6.5138900E-10  6.5145839E-10 -4.6260691E-05
   nb93     93  -1.5099033E-14  1.4856348E-09  1.4856499E-09  1.7095912E-09  1.7098053E-09 -5.4363936E-05
   nb94     94   2.1601394E-27  2.1601394E-27  0.0000000E+00  2.4857760E-27  0.0000000E+00  0.0000000E+00
   nb95     95   0.0000000E+00  0.0000000E+00  0.0000000E+00  0.0000000E+00  0.0000000E+00  0.0000000E+00
   mo94     94   1.6653345E-15  4.6561222E-10  4.6561055E-10  5.3580229E-10  5.3586208E-10 -4.8461239E-05
   mo95     95   6.8278716E-15  8.1443002E-10  8.1442320E-10  9.3720365E-10  9.3730379E-10 -4.6390134E-05
   mo96     96  -8.7707619E-15  8.6631169E-10  8.6632046E-10  9.9690645E-10  9.9703124E-10 -5.4363936E-05
   mo97     97  -2.6645353E-15  5.0398619E-10  5.0398885E-10  5.7996108E-10  5.8003086E-10 -5.2241026E-05
   mo98     98  -1.0436096E-14  1.2938514E-09  1.2938618E-09  1.4888968E-09  1.4890802E-09 -5.3483705E-05
   tc99     99   0.0000000E+00  0.0000000E+00  0.0000000E+00  0.0000000E+00  0.0000000E+00  0.0000000E+00
   ru99     99   2.8310687E-15  4.5176485E-10  4.5176202E-10  5.1986748E-10  5.1992405E-10 -4.7244463E-05
  ru100    100   3.1086245E-15  4.5060355E-10  4.5060045E-10  5.1853111E-10  5.1858728E-10 -4.7037352E-05
  ru101    101   6.1617378E-15  6.1621169E-10  6.1620553E-10  7.0910433E-10  7.0917894E-10 -4.5691140E-05
  ru102    102  -1.1546319E-14  1.1508361E-09  1.1508476E-09  1.3243223E-09  1.3244881E-09 -5.4363936E-05
  rh103    103  -1.5543122E-15  7.3495565E-10  7.3495721E-10  8.4574869E-10  8.4584784E-10 -5.0894800E-05
  pd104    104   2.1094237E-15  3.2162470E-10  3.2162259E-10  3.7010897E-10  3.7014913E-10 -4.7115020E-05
  pd105    105   7.1054274E-15  6.5088762E-10  6.5088052E-10  7.4900758E-10  7.4908568E-10 -4.5276920E-05
  pd106    106   8.7152507E-15  8.0421891E-10  8.0421020E-10  9.2545327E-10  9.2554975E-10 -4.5276920E-05
  pd107    107   0.0000000E+00  0.0000000E+00  0.0000000E+00  0.0000000E+00  0.0000000E+00  0.0000000E+00
  pd108    108   1.8318680E-15  7.9330364E-10  7.9330181E-10  9.1289254E-10  9.1299551E-10 -4.8979015E-05
  ag107    107   1.2767565E-15  5.4634580E-10  5.4634453E-10  6.2870631E-10  6.2877720E-10 -4.8953127E-05
  ag108    108   0.0000000E+00  0.0000000E+00  0.0000000E+00  0.0000000E+00  0.0000000E+00  0.0000000E+00
  ag109    109   0.0000000E+00  5.1706150E-10  5.1706150E-10  5.9500749E-10  5.9507599E-10 -4.9988681E-05
  cd108    108  -2.7755576E-16  3.0635966E-11  3.0636244E-11  3.5254275E-11  3.5258654E-11 -5.3923824E-05
  cd109    109   0.0000000E+00  0.0000000E+00  0.0000000E+00  0.0000000E+00  0.0000000E+00  0.0000000E+00
  cd110    110  -1.1657342E-15  4.3790391E-10  4.3790507E-10  5.0391702E-10  5.0397642E-10 -5.1179573E-05
  cd111    111  -7.4940054E-16  4.5284909E-10  4.5284984E-10  5.2111515E-10  5.2117599E-10 -5.0713574E-05
  cd112    112  -4.6629367E-15  8.6138285E-10  8.6138752E-10  9.9123454E-10  9.9135400E-10 -5.2344581E-05
  cd113    113  -2.6090241E-15  4.4011728E-10  4.4011988E-10  5.0646404E-10  5.0652538E-10 -5.2603475E-05
  cd114    114  -4.8849813E-15  1.0439026E-09  1.0439075E-09  1.2012689E-09  1.2014127E-09 -5.2008025E-05
  in115    115  -5.1625371E-15  3.9361783E-10  3.9362300E-10  4.5295492E-10  4.5301299E-10 -5.5658398E-05
  sn116    116   6.6613381E-15  1.2315230E-09  1.2315163E-09  1.4171726E-09  1.4173279E-09 -4.7606907E-05
  sn117    117  -5.6066263E-15  6.5609573E-10  6.5610134E-10  7.5500084E-10  7.5509421E-10 -5.3716711E-05
  sn118    118   5.3290705E-15  2.0006523E-09  2.0006470E-09  2.3022466E-09  2.3025055E-09 -4.8849568E-05
  sn119    119   4.7184479E-15  7.4639428E-10  7.4638956E-10  8.5891172E-10  8.5900514E-10 -4.7244463E-05
  sn120    120   1.5321078E-14  2.8546696E-09  2.8546543E-09  3.2850052E-09  3.2853658E-09 -4.7658687E-05
  sb121    121   2.9976022E-15  4.4023113E-10  4.4022813E-10  5.0659510E-10  5.0664994E-10 -4.7011465E-05
  te122    122   3.4972025E-15  2.9263250E-10  2.9262900E-10  3.3674624E-10  3.3678099E-10 -4.4810924E-05
  te123    123  -7.1470607E-16  1.0297097E-10  1.0297169E-10  1.1849363E-10  1.1850811E-10 -5.3043594E-05
  te124    124  -5.2735594E-15  5.5286858E-10  5.5287386E-10  6.3621242E-10  6.3629169E-10 -5.4105043E-05
  te125    125   5.2735594E-15  8.3129670E-10  8.3129142E-10  9.5661301E-10  9.5671704E-10 -4.7218575E-05
  te126    126   2.8865799E-14  2.2329638E-09  2.2329349E-09  2.5695785E-09  2.5698412E-09 -4.4396704E-05
   i127    127   2.0206059E-14  2.8004330E-09  2.8004128E-09  3.2225926E-09  3.2229404E-09 -4.6856130E-05
   i128    128   0.0000000E+00  0.0000000E+00  0.0000000E+00  0.0000000E+00  0.0000000E+00  0.0000000E+00
   i129    129   0.0000000E+00  0.0000000E+00  0.0000000E+00  0.0000000E+00  0.0000000E+00  0.0000000E+00
  xe128    128  -2.2759572E-15  3.0247044E-10  3.0247271E-10  3.4806724E-10  3.4810993E-10 -5.3250704E-05
  xe129    129  -3.0642155E-14  3.7971373E-09  3.7971679E-09  4.3695478E-09  4.3700856E-09 -5.3457818E-05
  xe130    130  -2.3869795E-15  6.1438399E-10  6.1438638E-10  7.0700112E-10  7.0708528E-10 -5.1697356E-05
  xe131    131  -9.3258734E-15  3.0690943E-09  3.0691036E-09  3.5317540E-09  3.5321712E-09 -5.1309020E-05
  xe132    132  -3.1530334E-14  3.7798316E-09  3.7798631E-09  4.3496335E-09  4.3501704E-09 -5.3613152E-05
  xe133    133   0.0000000E+00  0.0000000E+00  0.0000000E+00  0.0000000E+00  0.0000000E+00  0.0000000E+00
  xe134    134   4.4408921E-15  1.4167976E-09  1.4167931E-09  1.6303769E-09  1.6305596E-09 -4.8642458E-05
  cs133    133  -4.8849813E-15  9.9374242E-10  9.9374731E-10  1.1435470E-09  1.1436843E-09 -5.2111580E-05
  cs134    134   0.0000000E+00  0.0000000E+00  0.0000000E+00  0.0000000E+00  0.0000000E+00  0.0000000E+00
  cs135    135   0.0000000E+00  0.0000000E+00  0.0000000E+00  0.0000000E+00  0.0000000E+00  0.0000000E+00
  cs136    136   0.0000000E+00  0.0000000E+00  0.0000000E+00  0.0000000E+00  0.0000000E+00  0.0000000E+00
  cs137    137   0.0000000E+00  0.0000000E+00  0.0000000E+00  0.0000000E+00  0.0000000E+00  0.0000000E+00
  ba134    134  -2.3037128E-15  3.0464722E-10  3.0464953E-10  3.5057218E-10  3.5061518E-10 -5.3250704E-05
  ba135    135   6.9388939E-15  8.3709956E-10  8.3709262E-10  9.6329056E-10  9.6339359E-10 -4.6441914E-05
  ba136    136   6.8833828E-15  1.0047450E-09  1.0047381E-09  1.1562082E-09  1.1563334E-09 -4.6985573E-05
  ba137    137   8.8817842E-15  1.4474502E-09  1.4474413E-09  1.6656503E-09  1.6658319E-09 -4.7348018E-05
  ba138    138  -9.5035091E-14  9.3069552E-09  9.3070502E-09  1.0709960E-08  1.0711301E-08 -5.4389828E-05
  la139    139   1.6986412E-14  1.2765951E-09  1.2765781E-09  1.4690391E-09  1.4691887E-09 -4.4215485E-05
  ce140    140   2.6201263E-14  2.9258278E-09  2.9258016E-09  3.3668903E-09  3.3672480E-09 -4.6131245E-05
  ce141    141   0.0000000E+00  0.0000000E+00  0.0000000E+00  0.0000000E+00  0.0000000E+00  0.0000000E+00
  ce142    142  -3.0808689E-15  3.7289274E-10  3.7289583E-10  4.2910556E-10  4.2915851E-10 -5.3587260E-05
  pr141    141   6.8278716E-15  5.0425430E-10  5.0424748E-10  5.8026961E-10  5.8032856E-10 -4.4111930E-05
  nd142    142   5.6621374E-15  6.7264666E-10  6.7264100E-10  7.7404677E-10  7.7412932E-10 -4.6312467E-05
  nd143    143   6.1062266E-16  3.0114855E-10  3.0114794E-10  3.4654607E-10  3.4658523E-10 -4.9082573E-05
  nd144    144  -4.0523140E-15  5.9849758E-10  5.9850164E-10  6.8871986E-10  6.8880385E-10 -5.2965923E-05
  nd145    145   2.4980018E-16  2.2256448E-10  2.2256423E-10  2.5611563E-10  2.5614483E-10 -4.9496794E-05
  nd146    146   2.8310687E-15  4.3806725E-10  4.3806442E-10  5.0410498E-10  5.0415977E-10 -4.7192683E-05
  nd147    147   0.0000000E+00  0.0000000E+00  0.0000000E+00  0.0000000E+00  0.0000000E+00  0.0000000E+00
  nd148    148  -7.3552275E-16  1.4817532E-10  1.4817605E-10  1.7051245E-10  1.7053293E-10 -5.2163359E-05
  pm147    147   0.0000000E+00  0.0000000E+00  0.0000000E+00  0.0000000E+00  0.0000000E+00  0.0000000E+00
  pm148    148   0.0000000E+00  0.0000000E+00  0.0000000E+00  0.0000000E+00  0.0000000E+00  0.0000000E+00
  sm147    147   1.9428903E-16  1.1927377E-10  1.1927358E-10  1.3725406E-10  1.3726963E-10 -4.9263792E-05
  sm148    148   7.9797280E-16  9.0044271E-11  9.0043473E-11  1.0361826E-10  1.0362927E-10 -4.6157136E-05
  sm149    149   2.8449465E-16  1.1146060E-10  1.1146032E-10  1.2826307E-10  1.2827750E-10 -4.8875459E-05
  sm150    150  -6.9388939E-18  5.9920215E-11  5.9920222E-11  6.8953065E-11  6.8961011E-11 -5.0040460E-05
  sm151    151   1.2421076E-31  1.2421076E-31  0.0000000E+00  1.4293528E-31  0.0000000E+00  0.0000000E+00
  sm152    152   1.2212453E-15  2.2009232E-10  2.2009110E-10  2.5327079E-10  2.5329852E-10 -4.7555128E-05
  eu151    151  -1.7347235E-15  1.4518317E-10  1.4518491E-10  1.6706923E-10  1.6709047E-10 -5.5192395E-05
  eu152    152   1.7423698E-35  1.7423698E-35  0.0000000E+00  2.0050285E-35  0.0000000E+00  0.0000000E+00
  eu153    153  -2.3592239E-16  1.6058500E-10  1.6058524E-10  1.8479286E-10  1.8481443E-10 -5.0687686E-05
  eu154    154   8.6942582E-40  8.6942582E-40  0.0000000E+00  1.0004907E-39  0.0000000E+00  0.0000000E+00
  eu155    155   0.0000000E+00  0.0000000E+00  0.0000000E+00  0.0000000E+00  0.0000000E+00  0.0000000E+00
  gd152    152  -7.3725748E-18  2.1198284E-12  2.1198358E-12  2.4393883E-12  2.4396776E-12 -5.1490246E-05
  gd153    153   0.0000000E+00  0.0000000E+00  0.0000000E+00  0.0000000E+00  0.0000000E+00  0.0000000E+00
  gd154    154  -2.9143354E-16  2.3410135E-11  2.3410426E-11  2.6939164E-11  2.6942601E-11 -5.5399505E-05
  gd155    155   9.9920072E-16  1.5996547E-10  1.5996447E-10  1.8407995E-10  1.8409997E-10 -4.7244463E-05
  gd156    156   1.1657342E-15  2.2267233E-10  2.2267116E-10  2.5623972E-10  2.5626790E-10 -4.7736350E-05
  gd157    157  -9.1593400E-16  1.7132926E-10  1.7133017E-10  1.9715679E-10  1.9718054E-10 -5.2292806E-05
  gd158    158  -8.8817842E-16  2.7367456E-10  2.7367544E-10  3.1493044E-10  3.1496772E-10 -5.1412579E-05
  gd159    159   0.0000000E+00  0.0000000E+00  0.0000000E+00  0.0000000E+00  0.0000000E+00  0.0000000E+00
  gd160    160  -1.9428903E-15  2.4389044E-10  2.4389238E-10  2.8065641E-10  2.8069097E-10 -5.3457818E-05
  tb159    159  -2.3592239E-15  2.0645319E-10  2.0645555E-10  2.3757560E-10  2.3760566E-10 -5.4933502E-05
  tb160    160   0.0000000E+00  0.0000000E+00  0.0000000E+00  0.0000000E+00  0.0000000E+00  0.0000000E+00
  tb161    161   0.0000000E+00  0.0000000E+00  0.0000000E+00  0.0000000E+00  0.0000000E+00  0.0000000E+00
  dy160    160  -3.9551695E-16  3.1239848E-11  3.1240243E-11  3.5949192E-11  3.5953782E-11 -5.5451284E-05
  dy161    161  -1.9706459E-15  2.5495336E-10  2.5495533E-10  2.9338706E-10  2.9342309E-10 -5.3328371E-05
  dy162    162   1.6930901E-15  3.4598938E-10  3.4598768E-10  3.9814657E-10  3.9819045E-10 -4.7865797E-05
  dy163    163   1.1102230E-15  3.4020906E-10  3.4020795E-10  3.9149486E-10  3.9153866E-10 -4.8590682E-05
  dy164    164  -3.9412917E-15  3.8853648E-10  3.8854042E-10  4.4710757E-10  4.4716358E-10 -5.4389828E-05
  ho165    165  -1.8596236E-15  3.0262623E-10  3.0262809E-10  3.4824651E-10  3.4828876E-10 -5.2681142E-05
  er166    166  -2.7755576E-16  2.8748892E-10  2.8748920E-10  3.3082728E-10  3.3086567E-10 -5.0377017E-05
  er167    167  -2.9282132E-15  1.9741481E-10  1.9741773E-10  2.2717468E-10  2.2720421E-10 -5.6460969E-05
  er168    168  -1.1657342E-15  2.3428190E-10  2.3428307E-10  2.6959943E-10  2.6963179E-10 -5.2137471E-05
  er169    169   0.0000000E+00  0.0000000E+00  0.0000000E+00  0.0000000E+00  0.0000000E+00  0.0000000E+00
  er170    170   1.0963452E-15  1.3102505E-10  1.3102396E-10  1.5077681E-10  1.5079291E-10 -4.6364243E-05
  tm169    169  -1.0824674E-15  1.3845455E-10  1.3845564E-10  1.5932630E-10  1.5934587E-10 -5.3328371E-05
  tm170    170   0.0000000E+00  0.0000000E+00  0.0000000E+00  0.0000000E+00  0.0000000E+00  0.0000000E+00
  tm171    171   0.0000000E+00  0.0000000E+00  0.0000000E+00  0.0000000E+00  0.0000000E+00  0.0000000E+00
  yb170    170   2.6714742E-16  2.6187044E-11  2.6186777E-11  3.0134686E-11  3.0137847E-11 -4.5535806E-05
  yb171    171  -1.1241008E-15  1.2454583E-10  1.2454696E-10  1.4332087E-10  1.4333865E-10 -5.3872045E-05
  yb172    172   2.1094237E-15  1.9285633E-10  1.9285422E-10  2.2192903E-10  2.2195215E-10 -4.5251032E-05
  yb173    173  -1.6098234E-15  1.4397637E-10  1.4397798E-10  1.6568051E-10  1.6570142E-10 -5.4829947E-05
  yb174    174   1.7763568E-15  2.8808950E-10  2.8808772E-10  3.3151840E-10  3.3155453E-10 -4.7348018E-05
  lu175    175  -1.9290125E-15  1.3002610E-10  1.3002803E-10  1.4962727E-10  1.4964671E-10 -5.6435078E-05
  lu176    176  -1.9628591E-13  3.5991334E-12  3.7954193E-12  4.1416952E-12  4.3680740E-12 -2.3111848E-02
  lu177    177   0.0000000E+00  0.0000000E+00  0.0000000E+00  0.0000000E+00  0.0000000E+00  0.0000000E+00
  hf176    176   1.9646090E-13  2.9400586E-11  2.9204125E-11  3.3832666E-11  3.3610455E-11  2.8618218E-03
  hf177    177  -7.9797280E-16  1.0496629E-10  1.0496708E-10  1.2078974E-10  1.2080456E-10 -5.3276592E-05
  hf178    178  -1.6653345E-15  1.5486086E-10  1.5486253E-10  1.7820583E-10  1.7822825E-10 -5.4648717E-05
  hf179    179   2.5673907E-16  7.7757675E-11  7.7757419E-11  8.9479486E-11  8.9489492E-11 -4.8564791E-05
  hf180    180  -1.7347235E-15  2.0136898E-10  2.0137071E-10  2.3172494E-10  2.3175362E-10 -5.3742595E-05
  hf181    181   0.0000000E+00  0.0000000E+00  0.0000000E+00  0.0000000E+00  0.0000000E+00  0.0000000E+00
  hf182    182   0.0000000E+00  0.0000000E+00  0.0000000E+00  0.0000000E+00  0.0000000E+00  0.0000000E+00
  ta181    181  -9.9226183E-16  8.5318794E-11  8.5319786E-11  9.8180429E-11  9.8192877E-11 -5.5062945E-05
  ta182    182   0.0000000E+00  0.0000000E+00  0.0000000E+00  0.0000000E+00  0.0000000E+00  0.0000000E+00
  ta183    183   0.0000000E+00  0.0000000E+00  0.0000000E+00  0.0000000E+00  0.0000000E+00  0.0000000E+00
   w182    182   2.1094237E-15  1.3389052E-10  1.3388841E-10  1.5407425E-10  1.5408956E-10 -4.3154054E-05
   w183    183  -2.2204460E-16  7.2697064E-11  7.2697286E-11  8.3655999E-11  8.3665880E-11 -5.1283132E-05
   w184    184  -1.0685897E-15  1.5650425E-10  1.5650532E-10  1.8009695E-10  1.8011892E-10 -5.2965923E-05
   w185    185   0.0000000E+00  0.0000000E+00  0.0000000E+00  0.0000000E+00  0.0000000E+00  0.0000000E+00
   w186    186   1.7486013E-15  1.4679742E-10  1.4679567E-10  1.6892683E-10  1.6894426E-10 -4.4810924E-05
  re185    185   5.7592819E-16  7.4610915E-11  7.4610339E-11  8.5858355E-11  8.5867577E-11 -4.6649020E-05
  re186    186   0.0000000E+00  0.0000000E+00  0.0000000E+00  0.0000000E+00  0.0000000E+00  0.0000000E+00
  re187    187  -6.4387523E-12  1.2962201E-10  1.3606076E-10  1.4916227E-10  1.5658967E-10 -2.1104151E-02
  os186    186  -1.3530843E-16  4.1353101E-11  4.1353237E-11  4.7586997E-11  4.7592631E-11 -5.1412579E-05
  os187    187   6.4378607E-12  3.9505982E-11  3.3068121E-11  4.5461430E-11  3.8057453E-11  7.7203348E-02
  os188    188   2.4702462E-15  3.4884906E-10  3.4884659E-10  4.0143736E-10  4.0148071E-10 -4.6907910E-05
  os189    189  -2.4147351E-15  4.2758821E-10  4.2759063E-10  4.9204629E-10  4.9210569E-10 -5.2422249E-05
  os190    190   9.7144515E-15  6.9905115E-10  6.9904144E-10  8.0443169E-10  8.0451312E-10 -4.3956599E-05
  os191    191   0.0000000E+00  0.0000000E+00  0.0000000E+00  0.0000000E+00  0.0000000E+00  0.0000000E+00
  os192    192  -1.2545520E-14  1.0970987E-09  1.0971113E-09  1.2624841E-09  1.2626439E-09 -5.4959390E-05
  ir191    191  -4.8849813E-15  9.2505370E-10  9.2505859E-10  1.0645037E-09  1.0646317E-09 -5.2215139E-05
  ir192    192   0.0000000E+00  0.0000000E+00  0.0000000E+00  0.0000000E+00  0.0000000E+00  0.0000000E+00
  ir193    193  -7.2164497E-15  1.5712637E-09  1.5712709E-09  1.8081284E-09  1.8083449E-09 -5.2008025E-05
  pt192    192   5.5511151E-16  3.8898242E-11  3.8897687E-11  4.4762073E-11  4.4766586E-11 -4.3801268E-05
  pt193    193   8.0363876E-33  8.0363876E-33  0.0000000E+00  9.2478565E-33  0.0000000E+00  0.0000000E+00
  pt194    194   8.1046281E-15  1.6569441E-09  1.6569360E-09  1.9067250E-09  1.9069353E-09 -4.7891685E-05
  pt195    195  -9.1038288E-15  1.7092232E-09  1.7092323E-09  1.9668851E-09  1.9671220E-09 -5.2318694E-05
  pt196    196   2.7755576E-15  1.2817586E-09  1.2817558E-09  1.4749811E-09  1.4751477E-09 -4.9030794E-05
  au197    197   5.3290705E-15  7.7249657E-10  7.7249124E-10  8.8894886E-10  8.8904500E-10 -4.6959685E-05
  hg198    198  -1.0547119E-15  1.8146400E-10  1.8146505E-10  2.0881932E-10  2.0884458E-10 -5.2525807E-05
  hg199    199   1.8596236E-15  3.0859840E-10  3.0859654E-10  3.5511899E-10  3.5515768E-10 -4.7322130E-05
  hg200    200  -2.6367797E-15  4.2467549E-10  4.2467813E-10  4.8869447E-10  4.8875376E-10 -5.2681142E-05
  hg201    201   4.4408921E-16  2.4351285E-10  2.4351240E-10  2.8022190E-10  2.8025368E-10 -4.9237904E-05
  hg202    202   4.2743586E-15  5.5444976E-10  5.5444549E-10  6.3803196E-10  6.3810046E-10 -4.6623132E-05
  tl203    203  -1.0269563E-15  2.1932342E-10  2.1932445E-10  2.5238597E-10  2.5241623E-10 -5.2059804E-05
  tl204    204   0.0000000E+00  0.0000000E+00  0.0000000E+00  0.0000000E+00  0.0000000E+00  0.0000000E+00
  tl205    205  -3.4972025E-15  5.2871540E-10  5.2871890E-10  6.0841815E-10  6.0849220E-10 -5.2862364E-05
  pb204    204  -8.3266727E-16  2.7760971E-10  2.7761055E-10  3.1945882E-10  3.1949654E-10 -5.1283132E-05
  pb205    205   0.0000000E+00  0.0000000E+00  0.0000000E+00  0.0000000E+00  0.0000000E+00  0.0000000E+00
  pb206    206  -2.3536728E-14  2.6084173E-09  2.6084408E-09  3.0016309E-09  3.0020035E-09 -5.3897929E-05
  pb207    207   2.8643754E-14  2.9005771E-09  2.9005485E-09  3.3378331E-09  3.3381844E-09 -4.5691140E-05
  pb208    208   2.6645353E-15  8.3423677E-09  8.3423650E-09  9.5999626E-09  9.6010648E-09 -4.9859238E-05
  bi209    209  -3.9412917E-15  5.8019123E-10  5.8019517E-10  6.6765388E-10  6.6773526E-10 -5.2940031E-05
  bi210    210   0.0000000E+00  0.0000000E+00  0.0000000E+00  0.0000000E+00  0.0000000E+00  0.0000000E+00
  po210    210   0.0000000E+00  0.0000000E+00  0.0000000E+00  0.0000000E+00  0.0000000E+00  0.0000000E+00
