  species    A      yield       mass(i)_lost    mass(i)_0        <X(i)>          X0(i)   log10(<X(i)>/X0(i)) 
      n      1   0.0000000E+00  0.0000000E+00  0.0000000E+00  0.0000000E+00  0.0000000E+00  0.0000000E+00
      p      1  -3.3781171E-02  1.0778565E+00  1.1116377E+00  6.8435335E-01  7.0584649E-01 -1.3429864E-02
      d      2   9.4188525E-18  9.4188525E-18  0.0000000E+00  5.9802238E-18  0.0000000E+00  0.0000000E+00
    he3      3   2.4916709E-04  2.4916709E-04  0.0000000E+00  1.5820132E-04  0.0000000E+00  0.0000000E+00
    he4      4   2.6388377E-02  4.6726459E-01  4.4087622E-01  2.9667592E-01  2.7993914E-01  2.5218651E-02
    li7      7  -9.2480210E-09  5.0804565E-09  1.4328477E-08  3.2256866E-09  9.0980219E-09 -4.5032480E-01
    be7      7   8.3159544E-18  8.3159544E-18  0.0000000E+00  5.2799708E-18  0.0000000E+00  0.0000000E+00
     b8      8   2.0221833E-28  2.0221833E-28  0.0000000E+00  1.2839259E-28  0.0000000E+00  0.0000000E+00
    c12     12   4.2923987E-03  8.2374215E-03  3.9450228E-03  5.2301087E-03  2.5049355E-03  3.1971419E-01
    c13     13   6.3226500E-05  1.1103244E-04  4.7805937E-05  7.0496782E-05  3.0354900E-05  3.6594048E-01
    c14     14   7.5212752E-09  7.5212752E-09  0.0000000E+00  4.7754125E-09  0.0000000E+00  0.0000000E+00
    n13     13   0.0000000E+00  0.0000000E+00  0.0000000E+00  0.0000000E+00  0.0000000E+00  0.0000000E+00
    n14     14   1.5029018E-03  2.6692839E-03  1.1663821E-03  1.6947833E-03  7.4060698E-04  3.5952640E-01
    n15     15  -1.2363691E-06  1.6365693E-06  2.8729385E-06  1.0390916E-06  1.8242035E-06 -2.4441949E-01
    o14     14   0.0000000E+00  0.0000000E+00  0.0000000E+00  0.0000000E+00  0.0000000E+00  0.0000000E+00
    o15     15   0.0000000E+00  0.0000000E+00  0.0000000E+00  0.0000000E+00  0.0000000E+00  0.0000000E+00
    o16     16   6.3171610E-06  9.5325178E-03  9.5262006E-03  6.0523921E-03  6.0487650E-03  2.6033481E-04
    o17     17   3.1321888E-05  3.5167304E-05  3.8454164E-06  2.2328446E-05  2.4416890E-06  9.6116817E-01
    o18     18  -5.8139030E-06  1.5620049E-05  2.1433952E-05  9.9174913E-06  1.3609721E-05 -1.3744742E-01
    o19     19   0.0000000E+00  0.0000000E+00  0.0000000E+00  0.0000000E+00  0.0000000E+00  0.0000000E+00
    f17     17   0.0000000E+00  0.0000000E+00  0.0000000E+00  0.0000000E+00  0.0000000E+00  0.0000000E+00
    f18     18   0.0000000E+00  0.0000000E+00  0.0000000E+00  0.0000000E+00  0.0000000E+00  0.0000000E+00
    f19     19   1.0409266E-06  1.6581658E-06  6.1723927E-07  1.0528037E-06  3.9192281E-07  4.2914686E-01
    f20     20   0.0000000E+00  0.0000000E+00  0.0000000E+00  0.0000000E+00  0.0000000E+00  0.0000000E+00
   ne19     19   0.0000000E+00  0.0000000E+00  0.0000000E+00  0.0000000E+00  0.0000000E+00  0.0000000E+00
   ne20     20   1.2146775E-06  1.9553355E-03  1.9541208E-03  1.2414828E-03  1.2407904E-03  2.4227684E-04
   ne21     21   3.0045567E-07  5.2189812E-06  4.9185255E-06  3.3136387E-06  3.1230711E-06  2.5723286E-02
   ne22     22   1.2055243E-03  1.3635809E-03  1.5805663E-04  8.6576567E-04  1.0035978E-04  9.3584067E-01
   ne23     23   0.0000000E+00  0.0000000E+00  0.0000000E+00  0.0000000E+00  0.0000000E+00  0.0000000E+00
   na21     21   0.0000000E+00  0.0000000E+00  0.0000000E+00  0.0000000E+00  0.0000000E+00  0.0000000E+00
   na22     22   1.4733972E-23  1.4733972E-23  0.0000000E+00  9.3549027E-24  0.0000000E+00  0.0000000E+00
   na23     23   2.9432074E-05  8.2331077E-05  5.2899002E-05  5.2273699E-05  3.3588796E-05  1.9208881E-01
   na24     24   0.0000000E+00  0.0000000E+00  0.0000000E+00  0.0000000E+00  0.0000000E+00  0.0000000E+00
   mg23     23   0.0000000E+00  0.0000000E+00  0.0000000E+00  0.0000000E+00  0.0000000E+00  0.0000000E+00
   mg24     24   5.0764647E-06  9.3722733E-04  9.3215087E-04  5.9506495E-04  5.9187930E-04  2.3312350E-03
   mg25     25   2.6123744E-06  1.2553809E-04  1.2292572E-04  7.9706726E-05  7.8053032E-05  9.1052055E-03
   mg26     26   2.8974318E-07  1.4104451E-04  1.4075477E-04  8.9552064E-05  8.9373774E-05  8.6548866E-04
   mg27     27   0.0000000E+00  0.0000000E+00  0.0000000E+00  0.0000000E+00  0.0000000E+00  0.0000000E+00
   al25     25   0.0000000E+00  0.0000000E+00  0.0000000E+00  0.0000000E+00  0.0000000E+00  0.0000000E+00
   al-6     26   0.0000000E+00  0.0000000E+00  0.0000000E+00  0.0000000E+00  0.0000000E+00  0.0000000E+00
   al*6     26   0.0000000E+00  0.0000000E+00  0.0000000E+00  0.0000000E+00  0.0000000E+00  0.0000000E+00
   al27     27   3.3295219E-06  9.3087350E-05  8.9757828E-05  5.9103077E-05  5.6992707E-05  1.5790813E-02
   al28     28   0.0000000E+00  0.0000000E+00  0.0000000E+00  0.0000000E+00  0.0000000E+00  0.0000000E+00
   si27     27   0.0000000E+00  0.0000000E+00  0.0000000E+00  0.0000000E+00  0.0000000E+00  0.0000000E+00
   si28     28   4.3283217E-07  1.0325680E-03  1.0321352E-03  6.5559876E-04  6.5536553E-04  1.5451174E-04
   si29     29   4.0781742E-08  5.4323973E-05  5.4283191E-05  3.4491411E-05  3.4467706E-05  2.9856965E-04
   si30     30   2.2800668E-07  3.7244601E-05  3.7016594E-05  2.3647364E-05  2.3504090E-05  2.6393218E-03
    p31     31   6.0604543E-07  1.0911574E-05  1.0305528E-05  6.9279831E-06  6.5436075E-06  2.4789575E-02
    p32     32   0.0000000E+00  0.0000000E+00  0.0000000E+00  0.0000000E+00  0.0000000E+00  0.0000000E+00
    p33     33   0.0000000E+00  0.0000000E+00  0.0000000E+00  0.0000000E+00  0.0000000E+00  0.0000000E+00
    s32     32  -5.5949204E-07  4.9404817E-04  4.9460767E-04  3.1368138E-04  3.1405652E-04 -5.1909080E-04
    s33     33   6.8222107E-08  4.1517387E-06  4.0835166E-06  2.6360244E-06  2.5928732E-06  7.1681389E-03
    s34     34   3.6861820E-08  2.3785507E-05  2.3748646E-05  1.5101909E-05  1.5079462E-05  6.4599555E-04
    s35     35   0.0000000E+00  0.0000000E+00  0.0000000E+00  0.0000000E+00  0.0000000E+00  0.0000000E+00
    s36     36   1.8910917E-08  1.3613926E-07  1.1722835E-07  8.6437623E-08  7.4435420E-08  6.4923190E-02
   cl35     35  -1.6661488E-08  5.0571070E-06  5.0737685E-06  3.2108615E-06  3.2216446E-06 -1.4560648E-03
   cl36     36   0.0000000E+00  0.0000000E+00  0.0000000E+00  0.0000000E+00  0.0000000E+00  0.0000000E+00
   cl37     37   2.1199037E-07  1.9262509E-06  1.7142605E-06  1.2230164E-06  1.0884884E-06  5.0608508E-02
   ar36     36  -3.1479431E-07  9.4166229E-05  9.4481024E-05  5.9788079E-05  5.9991758E-05 -1.4769994E-03
   ar37     37   0.0000000E+00  0.0000000E+00  0.0000000E+00  0.0000000E+00  0.0000000E+00  0.0000000E+00
   ar38     38   1.1049633E-07  1.8243545E-05  1.8133049E-05  1.1583203E-05  1.1513776E-05  2.6108646E-03
   ar39     39   5.6982578E-12  5.6982578E-12  0.0000000E+00  3.6179414E-12  0.0000000E+00  0.0000000E+00
   ar40     40   2.7126120E-08  5.7654276E-08  3.0528156E-08  3.6605890E-08  1.9384185E-08  2.7610341E-01
    k39     39   2.9129296E-08  4.9480745E-06  4.9189453E-06  3.1416346E-06  3.1233380E-06  2.5367020E-03
    k40     40  -7.9628404E-10  0.0000000E+00  7.9628404E-10  0.0000000E+00  5.0560922E-10  0.0000000E+00
    k41     41   2.8296569E-08  4.0148046E-07  3.7318389E-07  2.5490823E-07  2.3695719E-07  3.1713951E-02
   ca40     40  -2.2972381E-07  8.4934960E-05  8.5164684E-05  5.3926957E-05  5.4076245E-05 -1.2006185E-03
   ca41     41   0.0000000E+00  0.0000000E+00  0.0000000E+00  0.0000000E+00  0.0000000E+00  0.0000000E+00
   ca42     42   1.9570564E-08  6.1641333E-07  5.9684277E-07  3.9137353E-07  3.7897183E-07  1.3984530E-02
   ca43     43   3.7832706E-09  1.3128042E-07  1.2749715E-07  8.3352646E-08  8.0955701E-08  1.2671964E-02
   ca44     44   2.4973815E-08  2.0408991E-06  2.0159252E-06  1.2958089E-06  1.2800336E-06  5.3195739E-03
   ca45     45   0.0000000E+00  0.0000000E+00  0.0000000E+00  0.0000000E+00  0.0000000E+00  0.0000000E+00
   ca46     46   1.8901025E-08  2.2942382E-08  4.0413579E-09  1.4566591E-08  2.5661042E-09  7.5408363E-01
   ca47     47   0.0000000E+00  0.0000000E+00  0.0000000E+00  0.0000000E+00  0.0000000E+00  0.0000000E+00
   ca48     48  -1.9215918E-10  1.9695509E-07  1.9714724E-07  1.2505085E-07  1.2518078E-07 -4.5101234E-04
   sc45     45   4.1394124E-09  6.1014099E-08  5.6874686E-08  3.8739110E-08  3.6113200E-08  3.0483646E-02
   sc46     46   0.0000000E+00  0.0000000E+00  0.0000000E+00  0.0000000E+00  0.0000000E+00  0.0000000E+00
   sc47     47   0.0000000E+00  0.0000000E+00  0.0000000E+00  0.0000000E+00  0.0000000E+00  0.0000000E+00
   sc48     48  -3.4907480E-32  3.5836254E-29  3.5871161E-29  2.2753177E-29  2.2776783E-29  0.0000000E+00
   ti46     46   4.5095589E-09  3.5198360E-07  3.4747404E-07  2.2348165E-07  2.2063243E-07  5.5724978E-03
   ti47     47   6.6754069E-10  3.2083938E-07  3.2017184E-07  2.0370753E-07  2.0329659E-07  8.7695901E-04
   ti48     48  -1.2046485E-08  3.2278647E-06  3.2399112E-06  2.0494379E-06  2.0572168E-06 -1.6452926E-03
   ti49     49   1.7525821E-08  2.6024250E-07  2.4271668E-07  1.6523333E-07  1.5411560E-07  3.0251056E-02
   ti50     50   5.6063129E-08  2.9320728E-07  2.3714415E-07  1.8616335E-07  1.5057726E-07  9.2134796E-02
    v51     51  -2.1156552E-09  5.2050871E-07  5.2262436E-07  3.3048170E-07  3.3184605E-07 -1.7892431E-03
   cr52     52  -5.1059033E-08  2.1372880E-05  2.1423939E-05  1.3570082E-05  1.3603363E-05 -1.0638174E-03
   cr53     53  -7.3243882E-09  2.4686838E-06  2.4760081E-06  1.5674182E-06  1.5721682E-06 -1.3141460E-03
   cr54     54   3.1673892E-08  6.5963434E-07  6.2796045E-07  4.1881543E-07  3.9873032E-07  2.1343434E-02
   mn55     55   1.9945946E-07  1.8909537E-05  1.8710078E-05  1.2006055E-05  1.1880167E-05  4.5777955E-03
   fe54     54  -7.4820127E-07  1.2253117E-04  1.2327937E-04  7.7797566E-05  7.8277582E-05 -2.6713994E-03
   fe55     55   3.4623918E-24  3.4623918E-24  0.0000000E+00  2.1983439E-24  0.0000000E+00  0.0000000E+00
   fe56     56  -6.0293823E-06  2.0008390E-03  2.0068684E-03  1.2703739E-03  1.2742830E-03 -1.3343209E-03
   fe57     57   1.5280020E-06  4.8703187E-05  4.7175185E-05  3.0922656E-05  2.9954399E-05  1.3816157E-02
   fe58     58   1.1174293E-06  7.5057505E-06  6.3883213E-06  4.7655558E-06  4.0563341E-06  6.9979861E-02
   fe59     59   0.0000000E+00  0.0000000E+00  0.0000000E+00  0.0000000E+00  0.0000000E+00  0.0000000E+00
   fe60     60   0.0000000E+00  0.0000000E+00  0.0000000E+00  0.0000000E+00  0.0000000E+00  0.0000000E+00
   co59     59   3.3103652E-07  5.2577448E-06  4.9267082E-06  3.3382505E-06  3.1282668E-06  2.8215133E-02
   co60     60   2.0069073E-15  2.0069073E-15  0.0000000E+00  1.2742268E-15  0.0000000E+00  0.0000000E+00
   ni58     58  -4.2558531E-07  7.0065857E-05  7.0491442E-05  4.4486256E-05  4.4759308E-05 -2.6575173E-03
   ni59     59   0.0000000E+00  0.0000000E+00  0.0000000E+00  0.0000000E+00  0.0000000E+00  0.0000000E+00
   ni60     60   1.3410681E-07  2.8223902E-05  2.8089795E-05  1.7919938E-05  1.7835922E-05  2.0409133E-03
   ni61     61   1.2817804E-07  1.3695987E-06  1.2414207E-06  8.6958647E-07  7.8825360E-07  4.2646822E-02
   ni62     62   1.5828937E-07  4.1812186E-06  4.0229293E-06  2.6547418E-06  2.5544027E-06  1.6732942E-02
   ni63     63   0.0000000E+00  0.0000000E+00  0.0000000E+00  0.0000000E+00  0.0000000E+00  0.0000000E+00
   ni64     64   5.7512750E-07  1.6327265E-06  1.0575990E-06  1.0366517E-06  6.7153400E-07  1.8856488E-01
   cu63     63   6.0418699E-08  9.3332380E-07  8.7290510E-07  5.9258650E-07  5.5426062E-07  2.9037708E-02
   cu64     64   0.0000000E+00  0.0000000E+00  0.0000000E+00  0.0000000E+00  0.0000000E+00  0.0000000E+00
   cu65     65   1.4290214E-07  5.4431439E-07  4.0141225E-07  3.4559642E-07  2.5488109E-07  1.3223161E-01
   zn64     64   2.9506282E-08  1.5250591E-06  1.4955529E-06  9.6829149E-07  9.4961757E-07  8.4573617E-03
   zn65     65   2.4113964E-40  2.4113964E-40  0.0000000E+00  1.5310447E-40  0.0000000E+00  0.0000000E+00
   zn66     66   1.5507732E-07  1.0399007E-06  8.8482335E-07  6.6025439E-07  5.6182824E-07  7.0107728E-02
   zn67     67   3.4787746E-08  1.6678356E-07  1.3199582E-07  1.0589432E-07  8.3812175E-08  1.0156557E-01
   zn68     68   2.0696660E-07  8.1962077E-07  6.1265416E-07  5.2039411E-07  3.8901143E-07  1.2637000E-01
   zn69     69   0.0000000E+00  0.0000000E+00  0.0000000E+00  0.0000000E+00  0.0000000E+00  0.0000000E+00
   zn70     70   9.8060937E-10  2.1835154E-08  2.0854545E-08  1.3863589E-08  1.3241821E-08  1.9927962E-02
   ga69     69   3.6868595E-08  9.3036711E-08  5.6168115E-08  5.9070924E-08  3.5664559E-08  2.1913689E-01
   ga70     70   0.0000000E+00  0.0000000E+00  0.0000000E+00  0.0000000E+00  0.0000000E+00  0.0000000E+00
   ga71     71   4.3807923E-08  8.2165428E-08  3.8357506E-08  5.2168524E-08  2.4355515E-08  3.3081123E-01
   ge70     70   6.8705724E-08  1.3118009E-07  6.2474363E-08  8.3288938E-08  3.9668777E-08  3.2213849E-01
   ge71     71   0.0000000E+00  0.0000000E+00  0.0000000E+00  0.0000000E+00  0.0000000E+00  0.0000000E+00
   ge72     72   7.8103611E-08  1.6302204E-07  8.4918426E-08  1.0350605E-07  5.3919877E-08  2.8321689E-01
   ge73     73   2.2283974E-08  4.6450680E-08  2.4166706E-08  2.9492494E-08  1.5344913E-08  2.8374708E-01
   ge74     74   1.0514326E-07  2.2011901E-07  1.1497575E-07  1.3975810E-07  7.3005104E-08  2.8202379E-01
   as75     75   9.6133999E-09  2.6469829E-08  1.6856429E-08  1.6806240E-08  1.0703173E-08  1.9595803E-01
   se76     76   3.6939234E-08  5.4488311E-08  1.7549077E-08  3.4595750E-08  1.1142977E-08  4.9202153E-01
   se77     77   1.4995667E-08  2.9474261E-08  1.4478593E-08  1.8713816E-08  9.1933412E-09  3.0868897E-01
   se78     78   1.0150906E-07  1.4720011E-07  4.5691056E-08  9.3460386E-08  2.9012032E-08  5.0804943E-01
   se79     79   0.0000000E+00  0.0000000E+00  0.0000000E+00  0.0000000E+00  0.0000000E+00  0.0000000E+00
   se80     80   1.3559116E-07  2.3339766E-07  9.7806499E-08  1.4818899E-07  6.2103297E-08  3.7770128E-01
   br79     79   2.1925393E-08  3.7566199E-08  1.5640806E-08  2.3851554E-08  9.9313002E-09  3.8051057E-01
   br80     80   0.0000000E+00  0.0000000E+00  0.0000000E+00  0.0000000E+00  0.0000000E+00  0.0000000E+00
   br81     81   1.8692615E-08  3.4293208E-08  1.5600593E-08  2.1773465E-08  9.9057660E-09  3.4203950E-01
   kr80     80   9.5094332E-10  4.6783626E-09  3.7274193E-09  2.9703888E-09  2.3667655E-09  9.8658077E-02
   kr81     81   0.0000000E+00  0.0000000E+00  0.0000000E+00  0.0000000E+00  0.0000000E+00  0.0000000E+00
   kr82     82   8.6609859E-08  1.0575356E-07  1.9143695E-08  6.7145116E-08  1.2155497E-08  7.4224174E-01
   kr83     83   2.7531065E-08  4.6727870E-08  1.9196804E-08  2.9668488E-08  1.2189219E-08  3.8631952E-01
   kr84     84   1.9158483E-07  2.8733123E-07  9.5746408E-08  1.8243253E-07  6.0795223E-08  4.7723281E-01
   kr-5     85   7.4992419E-17  7.4992419E-17  0.0000000E+00  4.7614233E-17  0.0000000E+00  0.0000000E+00
   kr*5     85   0.0000000E+00  0.0000000E+00  0.0000000E+00  0.0000000E+00  0.0000000E+00  0.0000000E+00
   kr86     86   4.5440679E-08  7.5085069E-08  2.9644390E-08  4.7673058E-08  1.8823028E-08  4.0358353E-01
   rb85     85   2.9333341E-08  4.4873204E-08  1.5539863E-08  2.8490922E-08  9.8672048E-09  4.6051234E-01
   rb86     86   0.0000000E+00  0.0000000E+00  0.0000000E+00  0.0000000E+00  0.0000000E+00  0.0000000E+00
   rb87     87   2.8482656E-09  9.3938928E-09  6.5456272E-09  5.9643761E-09  4.1562171E-09  1.5686679E-01
   sr86     86   7.8041460E-08  8.5292903E-08  7.2514470E-09  5.4154224E-08  4.6043849E-09  1.0704607E+00
   sr87     87   5.1734357E-08  5.6860941E-08  5.1265845E-09  3.6102183E-08  3.2551806E-09  1.0449584E+00
   sr88     88   8.6269227E-07  9.2486187E-07  6.2169590E-08  5.8721389E-07  3.9475257E-08  1.1724714E+00
   sr89     89   0.0000000E+00  0.0000000E+00  0.0000000E+00  0.0000000E+00  0.0000000E+00  0.0000000E+00
   sr90     90   1.1829202E-15  1.1829202E-15  0.0000000E+00  7.5106041E-16  0.0000000E+00  0.0000000E+00
    y89     89   2.2646115E-07  2.4129031E-07  1.4829155E-08  1.5320019E-07  9.4159329E-09  1.2113960E+00
    y90     90   2.9915132E-19  2.9915132E-19  0.0000000E+00  1.8993734E-19  0.0000000E+00  0.0000000E+00
    y91     91   0.0000000E+00  0.0000000E+00  0.0000000E+00  0.0000000E+00  0.0000000E+00  0.0000000E+00
   zr90     90   2.7036853E-07  2.8804263E-07  1.7674097E-08  1.8288421E-07  1.1222361E-08  1.2120920E+00
   zr91     91   6.3283053E-08  6.7180110E-08  3.8970591E-09  4.2654037E-08  2.4744802E-09  1.2364762E+00
   zr92     92   1.0016190E-07  1.0618413E-07  6.0222369E-09  6.7418497E-08  3.8238848E-09  1.2462742E+00
   zr93     93   0.0000000E+00  0.0000000E+00  0.0000000E+00  0.0000000E+00  0.0000000E+00  0.0000000E+00
   zr94     94   1.4453182E-07  1.5076756E-07  6.2357430E-09  9.5725433E-08  3.9594532E-09  1.3833921E+00
   zr95     95   0.0000000E+00  0.0000000E+00  0.0000000E+00  0.0000000E+00  0.0000000E+00  0.0000000E+00
   zr96     96   5.9001792E-10  1.6159998E-09  1.0259819E-09  1.0260316E-09  6.5145839E-10  1.9727407E-01
   nb93     93   3.4738868E-08  3.7431640E-08  2.6927727E-09  2.3766120E-08  1.7098053E-09  1.1430116E+00
   nb94     94   8.4612699E-12  8.4612699E-12  0.0000000E+00  5.3722348E-12  0.0000000E+00  0.0000000E+00
   nb95     95   0.0000000E+00  0.0000000E+00  0.0000000E+00  0.0000000E+00  0.0000000E+00  0.0000000E+00
   mo94     94   2.5191327E-10  1.0958425E-09  8.4392926E-10  6.9577299E-10  5.3586208E-10  1.1341455E-01
   mo95     95   1.5932887E-08  1.7409047E-08  1.4761597E-09  1.1053363E-08  9.3730379E-10  1.0716140E+00
   mo96     96   3.2553938E-08  3.4124163E-08  1.5702246E-09  2.1666134E-08  9.9703124E-10  1.3370726E+00
   mo97     97   1.0867030E-08  1.1780521E-08  9.1349073E-10  7.4796951E-09  5.8003086E-10  1.1104327E+00
   mo98     98   3.9904013E-08  4.2249166E-08  2.3451525E-09  2.6824866E-08  1.4890802E-09  1.2556195E+00
   tc99     99   0.0000000E+00  0.0000000E+00  0.0000000E+00  0.0000000E+00  0.0000000E+00  0.0000000E+00
   ru99     99   5.1257452E-09  5.9445737E-09  8.1882851E-10  3.7743324E-09  5.1992405E-10  8.6090028E-01
  ru100    100   1.9954111E-08  2.0770834E-08  8.1672319E-10  1.3187830E-08  5.1858728E-10  1.4053515E+00
  ru101    101   4.2890278E-09  5.4059139E-09  1.1168859E-09  3.4323262E-09  7.0917894E-10  6.8483269E-01
  ru102    102   2.6973073E-08  2.9059009E-08  2.0859363E-09  1.8450164E-08  1.3244881E-09  1.1439521E+00
  rh103    103   4.4851185E-09  5.8172445E-09  1.3321259E-09  3.6934884E-09  8.4584784E-10  6.4014453E-01
  pd104    104   1.5020877E-08  1.5603824E-08  5.8294791E-10  9.9071897E-09  3.7014913E-10  1.4275737E+00
  pd105    105   3.7842782E-09  4.9640132E-09  1.1797351E-09  3.1517544E-09  7.4908568E-10  6.2402087E-01
  pd106    106   1.7467794E-08  1.8925443E-08  1.4576484E-09  1.2016153E-08  9.2554975E-10  1.1133657E+00
  pd107    107   0.0000000E+00  0.0000000E+00  0.0000000E+00  0.0000000E+00  0.0000000E+00  0.0000000E+00
  pd108    108   2.1933273E-08  2.3371150E-08  1.4378768E-09  1.4838825E-08  9.1299551E-10  1.2109309E+00
  ag107    107   3.4210308E-09  4.4112922E-09  9.9026143E-10  2.8008205E-09  6.2877720E-10  6.4878845E-01
  ag108    108   0.0000000E+00  0.0000000E+00  0.0000000E+00  0.0000000E+00  0.0000000E+00  0.0000000E+00
  ag109    109   5.4719047E-09  6.4090901E-09  9.3718533E-10  4.0692636E-09  5.9507599E-10  8.3494341E-01
  cd108    108   1.4625356E-11  7.0154216E-11  5.5528859E-11  4.4542359E-11  3.5258654E-11  1.0150751E-01
  cd109    109   2.1204282E-37  2.1204282E-37  0.0000000E+00  1.3463036E-37  0.0000000E+00  0.0000000E+00
  cd110    110   1.8930578E-08  1.9724290E-08  7.9371254E-10  1.2523358E-08  5.0397642E-10  1.3953106E+00
  cd111    111   6.2260135E-09  7.0468138E-09  8.2080021E-10  4.4741673E-09  5.2117599E-10  9.3372780E-01
  cd112    112   2.3360737E-08  2.4922022E-08  1.5612837E-09  1.5823506E-08  9.9135400E-10  1.2030740E+00
  cd113    113   6.8225314E-09  7.6202582E-09  7.9772688E-10  4.8382591E-09  5.0652538E-10  9.8008788E-01
  cd114    114   3.3223234E-08  3.5115338E-08  1.8921051E-09  2.2295453E-08  1.2014127E-09  1.2685241E+00
  in115    115   6.3531904E-09  7.0666406E-09  7.1345024E-10  4.4867559E-09  4.5301299E-10  9.9582177E-01
  sn116    116   4.6388159E-08  4.8620308E-08  2.2321500E-09  3.0870037E-08  1.4173279E-09  1.3380668E+00
  sn117    117   1.3681978E-08  1.4871176E-08  1.1891981E-09  9.4420161E-09  7.5509421E-10  1.0970635E+00
  sn118    118   6.1833028E-08  6.5459247E-08  3.6262160E-09  4.1561425E-08  2.3025055E-09  1.2564898E+00
  sn119    119   1.8316889E-08  1.9669736E-08  1.3528473E-09  1.2488721E-08  8.5900514E-10  1.1625222E+00
  sn120    120   9.7935001E-08  1.0310912E-07  5.1741229E-09  6.5466111E-08  3.2853658E-09  1.2994328E+00
  sb121    121   7.1181989E-09  7.9161220E-09  7.9792306E-10  5.0261089E-09  5.0664994E-10  9.9652392E-01
  te122    122   1.2845113E-08  1.3375509E-08  5.3039645E-10  8.4923863E-09  3.3678099E-10  1.4016821E+00
  te123    123   4.7507402E-09  4.9373785E-09  1.8663843E-10  3.1348435E-09  1.1850811E-10  1.4224678E+00
  te124    124   2.4865120E-08  2.5867216E-08  1.0020959E-09  1.6423629E-08  6.3629169E-10  1.4118129E+00
  te125    125   8.3834175E-09  9.8901509E-09  1.5067337E-09  6.2794605E-09  9.5671704E-10  8.1713885E-01
  te126    126   4.5868568E-08  4.9915812E-08  4.0472434E-09  3.1692579E-08  2.5698412E-09  1.0910513E+00
   i127    127   5.9401266E-09  1.1015936E-08  5.0758091E-09  6.9942447E-09  3.2229404E-09  3.3648857E-01
   i128    128   0.0000000E+00  0.0000000E+00  0.0000000E+00  0.0000000E+00  0.0000000E+00  0.0000000E+00
   i129    129   4.1449869E-12  4.1449869E-12  0.0000000E+00  2.6317377E-12  0.0000000E+00  0.0000000E+00
  xe128    128   1.4755321E-08  1.5303559E-08  5.4823840E-10  9.7165449E-09  3.4810993E-10  1.4457954E+00
  xe129    129   5.7161285E-09  1.2598577E-08  6.8824488E-09  7.9990965E-09  4.3700856E-09  2.6255098E-01
  xe130    130   3.0736441E-08  3.1850028E-08  1.1135888E-09  2.0222240E-08  7.0708528E-10  1.4563575E+00
  xe131    131   1.1473204E-08  1.7036021E-08  5.5628169E-09  1.0816521E-08  3.5321712E-09  4.8604584E-01
  xe132    132   5.7806293E-08  6.4657378E-08  6.8510841E-09  4.1052303E-08  4.3501704E-09  9.7483122E-01
  xe133    133   0.0000000E+00  0.0000000E+00  0.0000000E+00  0.0000000E+00  0.0000000E+00  0.0000000E+00
  xe134    134   1.8859736E-10  2.7565659E-09  2.5679685E-09  1.7502005E-09  1.6305596E-09  3.0751133E-02
  cs133    133   7.5558564E-09  9.3570449E-09  1.8011885E-09  5.9409806E-09  1.1436843E-09  7.1555197E-01
  cs134    134   1.0484078E-30  1.0484078E-30  0.0000000E+00  6.6565574E-31  0.0000000E+00  0.0000000E+00
  cs135    135   0.0000000E+00  0.0000000E+00  0.0000000E+00  0.0000000E+00  0.0000000E+00  0.0000000E+00
  cs136    136   0.0000000E+00  0.0000000E+00  0.0000000E+00  0.0000000E+00  0.0000000E+00  0.0000000E+00
  cs137    137   0.0000000E+00  0.0000000E+00  0.0000000E+00  0.0000000E+00  0.0000000E+00  0.0000000E+00
  ba134    134   2.1986933E-08  2.2539117E-08  5.5218391E-10  1.4310550E-08  3.5061518E-10  1.6108257E+00
  ba135    135   9.4655288E-09  1.0982777E-08  1.5172487E-09  6.9731918E-09  9.6339359E-10  8.5962784E-01
  ba136    136   5.6814827E-08  5.8635937E-08  1.8211096E-09  3.7229164E-08  1.1563334E-09  1.5078002E+00
  ba137    137   4.4263334E-08  4.6886854E-08  2.6235190E-09  2.9769430E-08  1.6658319E-09  1.2521393E+00
  ba138    138   4.1944648E-07  4.3631570E-07  1.6869231E-08  2.7702583E-07  1.0711301E-08  1.4126780E+00
  la139    139   4.6604338E-08  4.8918164E-08  2.3138254E-09  3.1059152E-08  1.4691887E-09  1.3251120E+00
  ce140    140   1.2005520E-07  1.2535828E-07  5.3030793E-09  7.9592560E-08  3.3672480E-09  1.3735974E+00
  ce141    141   0.0000000E+00  0.0000000E+00  0.0000000E+00  0.0000000E+00  0.0000000E+00  0.0000000E+00
  ce142    142   1.9389601E-10  8.6977786E-10  6.7588185E-10  5.5223992E-10  4.2915851E-10  1.0951006E-01
  pr141    141   9.9668789E-09  1.0880838E-08  9.1395952E-10  6.9084685E-09  5.8032856E-10  1.0757078E+00
  nd142    142   3.1003463E-08  3.2222641E-08  1.2191764E-09  2.0458819E-08  7.7412932E-10  1.4220670E+00
  nd143    143   4.1224575E-09  4.6682946E-09  5.4583715E-10  2.9639966E-09  3.4658523E-10  9.3206763E-01
  nd144    144   1.2857885E-08  1.3942682E-08  1.0847973E-09  8.8524956E-09  6.8880385E-10  1.1089702E+00
  nd145    145   2.3428604E-09  2.7462628E-09  4.0340251E-10  1.7436589E-09  2.5614483E-10  8.3297592E-01
  nd146    146   1.2184696E-08  1.2978697E-08  7.9400131E-10  8.2404421E-09  5.0415977E-10  1.2133824E+00
  nd147    147   0.0000000E+00  0.0000000E+00  0.0000000E+00  0.0000000E+00  0.0000000E+00  0.0000000E+00
  nd148    148   2.4874885E-10  5.1732119E-10  2.6857233E-10  3.2845787E-10  1.7053293E-10  2.8467143E-01
  pm147    147   9.3240509E-27  9.3240509E-27  0.0000000E+00  5.9200321E-27  0.0000000E+00  0.0000000E+00
  pm148    148   0.0000000E+00  0.0000000E+00  0.0000000E+00  0.0000000E+00  0.0000000E+00  0.0000000E+00
  sm147    147   1.3624784E-09  1.5786643E-09  2.1618594E-10  1.0023266E-09  1.3726963E-10  8.6343479E-01
  sm148    148   3.9937520E-09  4.1569579E-09  1.6320575E-10  2.6393383E-09  1.0362927E-10  1.4060127E+00
  sm149    149   5.5016908E-10  7.5219331E-10  2.0202424E-10  4.7758303E-10  1.2827750E-10  5.7089841E-01
  sm150    150   2.5549143E-09  2.6635210E-09  1.0860670E-10  1.6911244E-09  6.8961011E-11  1.3895719E+00
  sm151    151   5.6993222E-14  5.6993222E-14  0.0000000E+00  3.6186172E-14  0.0000000E+00  0.0000000E+00
  sm152    152   2.0556021E-09  2.4545219E-09  3.9891987E-10  1.5584266E-09  2.5329852E-10  7.8905368E-01
  eu151    151   3.7185430E-10  6.3500510E-10  2.6315081E-10  4.0317782E-10  1.6709047E-10  3.8254499E-01
  eu152    152   4.4233839E-20  4.4233839E-20  0.0000000E+00  2.8084976E-20  0.0000000E+00  0.0000000E+00
  eu153    153   3.8437056E-10  6.7543482E-10  2.9106426E-10  4.2884749E-10  1.8481443E-10  3.6556700E-01
  eu154    154   3.4313879E-21  3.4313879E-21  0.0000000E+00  2.1786588E-21  0.0000000E+00  0.0000000E+00
  eu155    155   1.5039059E-23  1.5039059E-23  0.0000000E+00  9.5486083E-24  0.0000000E+00  0.0000000E+00
  gd152    152   4.3052254E-12  8.1474740E-12  3.8422486E-12  5.1729992E-12  2.4396776E-12  3.2640997E-01
  gd153    153   0.0000000E+00  0.0000000E+00  0.0000000E+00  0.0000000E+00  0.0000000E+00  0.0000000E+00
  gd154    154   9.0440472E-10  9.4683661E-10  4.2431909E-11  6.0116606E-10  2.6942601E-11  1.3485550E+00
  gd155    155   3.5763575E-10  6.4757483E-10  2.8993907E-10  4.1115861E-10  1.8409997E-10  3.4895569E-01
  gd156    156   1.5467636E-09  1.9503599E-09  4.0359632E-10  1.2383237E-09  2.5626790E-10  6.8413997E-01
  gd157    157   7.4860684E-10  1.0591465E-09  3.1053968E-10  6.7247397E-10  1.9718054E-10  5.3281146E-01
  gd158    158   3.1214782E-09  3.6175209E-09  4.9604271E-10  2.2968387E-09  3.1496772E-10  8.6286449E-01
  gd159    159   0.0000000E+00  0.0000000E+00  0.0000000E+00  0.0000000E+00  0.0000000E+00  0.0000000E+00
  gd160    160   2.0584118E-11  4.6264437E-10  4.4206025E-10  2.9374245E-10  2.8069097E-10  1.9738279E-02
  tb159    159   6.6747352E-10  1.0416787E-09  3.7420519E-10  6.6138328E-10  2.3760566E-10  4.4459641E-01
  tb160    160   0.0000000E+00  0.0000000E+00  0.0000000E+00  0.0000000E+00  0.0000000E+00  0.0000000E+00
  tb161    161   0.0000000E+00  0.0000000E+00  0.0000000E+00  0.0000000E+00  0.0000000E+00  0.0000000E+00
  dy160    160   1.1427004E-09  1.1993240E-09  5.6623622E-11  7.6147549E-10  3.5953782E-11  1.3259114E+00
  dy161    161   5.1518151E-10  9.7729358E-10  4.6211207E-10  6.2050381E-10  2.9342309E-10  3.2525015E-01
  dy162    162   2.3441913E-09  2.9713014E-09  6.2711020E-10  1.8865405E-09  3.9819045E-10  6.7557532E-01
  dy163    163   1.0018686E-09  1.6185029E-09  6.1663430E-10  1.0276209E-09  3.9153866E-10  4.1905826E-01
  dy164    164   4.8133284E-09  5.5175664E-09  7.0423800E-10  3.5032166E-09  4.4716358E-10  8.9400059E-01
  ho165    165   8.9079244E-10  1.4393124E-09  5.4852001E-10  9.1384916E-10  3.4828876E-10  4.1893506E-01
  er166    166   2.0154198E-09  2.5365001E-09  5.2108040E-10  1.6104762E-09  3.3086567E-10  6.8730259E-01
  er167    167   8.1201346E-10  1.1698374E-09  3.5782396E-10  7.4275391E-10  2.2720421E-10  5.1442862E-01
  er168    168   3.1433649E-09  3.5680081E-09  4.2464313E-10  2.2654019E-09  2.6963179E-10  9.2437416E-01
  er169    169   0.0000000E+00  0.0000000E+00  0.0000000E+00  0.0000000E+00  0.0000000E+00  0.0000000E+00
  er170    170   2.3344351E-10  4.7092730E-10  2.3748378E-10  2.9900146E-10  1.5079291E-10  2.9729241E-01
  tm169    169   7.6934858E-10  1.0203024E-09  2.5095384E-10  6.4781103E-10  1.5934587E-10  6.0910749E-01
  tm170    170   0.0000000E+00  0.0000000E+00  0.0000000E+00  0.0000000E+00  0.0000000E+00  0.0000000E+00
  tm171    171   6.3062834E-30  6.3062834E-30  0.0000000E+00  4.0039895E-30  0.0000000E+00  0.0000000E+00
  yb170    170   1.0783848E-09  1.1258490E-09  4.7464102E-11  7.1482470E-10  3.0137847E-11  1.3750874E+00
  yb171    171   1.1408614E-09  1.3666055E-09  2.2574406E-10  8.6768598E-10  1.4333865E-10  7.8199929E-01
  yb172    172   3.2832519E-09  3.6328043E-09  3.4955250E-10  2.3065423E-09  2.2195215E-10  1.0167021E+00
  yb173    173   1.5065758E-09  1.7675390E-09  2.6096320E-10  1.1222470E-09  1.6570142E-10  8.3076221E-01
  yb174    174   7.2276851E-09  7.7498505E-09  5.2216526E-10  4.9205400E-09  3.3155453E-10  1.1714578E+00
  lu175    175   9.4800456E-10  1.1836832E-09  2.3567862E-10  7.5154483E-10  1.4964671E-10  7.0088768E-01
  lu176    176   7.1261474E-10  7.1949402E-10  6.8792801E-12  4.5682158E-10  4.3680740E-12  2.0194566E+00
  lu177    177   0.0000000E+00  0.0000000E+00  0.0000000E+00  0.0000000E+00  0.0000000E+00  0.0000000E+00
  hf176    176  -7.5207895E-13  5.2181030E-11  5.2933109E-11  3.3130811E-11  3.3610455E-11 -6.2423181E-03
  hf177    177   7.6358908E-10  9.5384423E-10  1.9025512E-10  6.0561534E-10  1.2080456E-10  7.0011353E-01
  hf178    178   3.5291789E-09  3.8098706E-09  2.8069169E-10  2.4189655E-09  1.7822825E-10  1.1326531E+00
  hf179    179   1.2224247E-09  1.3633618E-09  1.4093701E-10  8.6562646E-10  8.9489492E-11  9.8555845E-01
  hf180    180   7.0654229E-09  7.4304118E-09  3.6498882E-10  4.7177218E-09  2.3175362E-10  1.3087058E+00
  hf181    181   0.0000000E+00  0.0000000E+00  0.0000000E+00  0.0000000E+00  0.0000000E+00  0.0000000E+00
  hf182    182   3.5991821E-10  3.5991821E-10  0.0000000E+00  2.2851949E-10  0.0000000E+00  0.0000000E+00
  ta181    181   1.5954379E-09  1.7500819E-09  1.5464398E-10  1.1111631E-09  9.8192877E-11  1.0536978E+00
  ta182    182   3.3022010E-18  3.3022010E-18  0.0000000E+00  2.0966355E-18  0.0000000E+00  0.0000000E+00
  ta183    183   0.0000000E+00  0.0000000E+00  0.0000000E+00  0.0000000E+00  0.0000000E+00  0.0000000E+00
   w182    182   3.4810801E-09  3.7237557E-09  2.4267569E-10  2.3642892E-09  1.5408956E-10  1.1859274E+00
   w183    183   1.9404527E-09  2.0722182E-09  1.3176540E-10  1.3156940E-09  8.3665880E-11  1.1966065E+00
   w184    184   4.7746820E-09  5.0583515E-09  2.8366931E-10  3.2116516E-09  1.8011892E-10  1.2511691E+00
   w185    185   0.0000000E+00  0.0000000E+00  0.0000000E+00  0.0000000E+00  0.0000000E+00  0.0000000E+00
   w186    186   1.0264771E-09  1.2925474E-09  2.6607033E-10  8.2066498E-10  1.6894426E-10  6.8642247E-01
  re185    185   8.9455404E-10  1.0297869E-09  1.3523287E-10  6.5383293E-10  8.5867577E-11  8.8163757E-01
  re186    186   0.0000000E+00  0.0000000E+00  0.0000000E+00  0.0000000E+00  0.0000000E+00  0.0000000E+00
  re187    187   2.0353030E-10  4.5014339E-10  2.4661309E-10  2.8580532E-10  1.5658967E-10  2.6130721E-01
  os186    186   2.0847997E-09  2.1597533E-09  7.4953647E-11  1.3712719E-09  4.7592631E-11  1.4595839E+00
  os187    187   6.4535816E-10  7.0529482E-10  5.9936688E-11  4.4780624E-10  3.8057453E-11  1.0706505E+00
  os188    188   3.6992422E-09  4.3315342E-09  6.3229200E-10  2.7501803E-09  4.0148071E-10  8.3569646E-01
  os189    189   7.5773571E-10  1.5327530E-09  7.7501733E-10  9.7317654E-10  4.9210569E-10  2.9613325E-01
  os190    190   3.9214942E-09  5.1885221E-09  1.2670278E-09  3.2942997E-09  8.0451312E-10  6.1222994E-01
  os191    191   0.0000000E+00  0.0000000E+00  0.0000000E+00  0.0000000E+00  0.0000000E+00  0.0000000E+00
  os192    192   4.6961568E-10  2.4581537E-09  1.9885380E-09  1.5607324E-09  1.2626439E-09  9.2047565E-02
  ir191    191   7.3055695E-10  2.4072457E-09  1.6766888E-09  1.5284100E-09  1.0646317E-09  1.5704046E-01
  ir192    192   0.0000000E+00  0.0000000E+00  0.0000000E+00  0.0000000E+00  0.0000000E+00  0.0000000E+00
  ir193    193   7.8572548E-10  3.6336880E-09  2.8479625E-09  2.3071034E-09  1.8083449E-09  1.0578580E-01
  pt192    192   1.1790968E-09  1.2495998E-09  7.0502909E-11  7.9339663E-10  4.4766586E-11  1.2485363E+00
  pt193    193   8.6824308E-15  8.6824308E-15  0.0000000E+00  5.5126543E-15  0.0000000E+00  0.0000000E+00
  pt194    194   3.1081215E-09  6.1113541E-09  3.0032326E-09  3.8802246E-09  1.9069353E-09  3.0852091E-01
  pt195    195   1.2545425E-09  4.3525632E-09  3.0980207E-09  2.7635321E-09  1.9671220E-09  1.4763321E-01
  pt196    196   5.6392846E-09  7.9624947E-09  2.3232101E-09  5.0555520E-09  1.4751477E-09  5.3493309E-01
  au197    197   1.7910577E-09  3.1912148E-09  1.4001571E-09  2.0261681E-09  8.8904500E-10  3.5775173E-01
  hg198    198   5.8825638E-09  6.2114731E-09  3.2890937E-10  3.9437924E-09  2.0884458E-10  1.2760909E+00
  hg199    199   2.4906481E-09  3.0499860E-09  5.5933791E-10  1.9364990E-09  3.5515768E-10  7.3659605E-01
  hg200    200   8.4051219E-09  9.1748600E-09  7.6973833E-10  5.8253078E-09  4.8875376E-10  1.0762287E+00
  hg201    201   3.3909344E-09  3.8323060E-09  4.4137158E-10  2.4332101E-09  2.8025368E-10  9.3862826E-01
  hg202    202   1.4426775E-08  1.5431720E-08  1.0049446E-09  9.7979171E-09  6.3810046E-10  1.1862447E+00
  tl203    203   6.3779511E-09  6.7754815E-09  3.9753034E-10  4.3018931E-09  2.5241623E-10  1.2315423E+00
  tl204    204   2.7475965E-23  2.7475965E-23  0.0000000E+00  1.7445056E-23  0.0000000E+00  0.0000000E+00
  tl205    205   6.9972081E-09  7.9555225E-09  9.5831454E-10  5.0511253E-09  6.0849220E-10  9.1913313E-01
  pb204    204   8.6113578E-09  9.1145331E-09  5.0317517E-10  5.7870051E-09  3.1949654E-10  1.2579877E+00
  pb205    205   0.0000000E+00  0.0000000E+00  0.0000000E+00  0.0000000E+00  0.0000000E+00  0.0000000E+00
  pb206    206   5.8128474E-08  6.2856330E-08  4.7278559E-09  3.9908780E-08  3.0020035E-09  1.1236572E+00
  pb207    207   7.7326391E-08  8.2583696E-08  5.2573070E-09  5.2434093E-08  3.3381844E-09  1.1961035E+00
  pb208    208   1.8642292E-07  2.0154364E-07  1.5120717E-08  1.2796421E-07  9.6010648E-09  1.1247691E+00
  bi209    209   1.4133039E-09  2.4649203E-09  1.0516163E-09  1.5650287E-09  6.6773526E-10  3.6991799E-01
  bi210    210   0.0000000E+00  0.0000000E+00  0.0000000E+00  0.0000000E+00  0.0000000E+00  0.0000000E+00
  po210    210   0.0000000E+00  0.0000000E+00  0.0000000E+00  0.0000000E+00  0.0000000E+00  0.0000000E+00
