  species    A      yield       mass(i)_lost    mass(i)_0        <X(i)>          X0(i)   log10(<X(i)>/X0(i)) 
      n      1   0.0000000E+00  0.0000000E+00  0.0000000E+00  0.0000000E+00  0.0000000E+00  0.0000000E+00
      p      1  -7.5389981E-02  1.3828183E+00  1.4582083E+00  6.6932154E-01  7.0584649E-01 -2.3075458E-02
      d      2   1.2281408E-17  1.2281408E-17  0.0000000E+00  5.9445343E-18  0.0000000E+00  0.0000000E+00
    he3      3   2.3492704E-04  2.3492704E-04  0.0000000E+00  1.1371105E-04  0.0000000E+00  0.0000000E+00
    he4      4   5.8199167E-02  6.3652545E-01  5.7832628E-01  3.0809557E-01  2.7993914E-01  4.1621841E-02
    li7      7  -1.4179474E-08  4.6161306E-09  1.8795605E-08  2.2343323E-09  9.0980219E-09 -6.0979921E-01
    be7      7   5.4031396E-18  5.4031396E-18  0.0000000E+00  2.6152661E-18  0.0000000E+00  0.0000000E+00
     b8      8   1.7039812E-28  1.7039812E-28  0.0000000E+00  8.2477312E-29  0.0000000E+00  0.0000000E+00
    c12     12   1.1704497E-02  1.6879443E-02  5.1749460E-03  8.1701083E-03  2.5049355E-03  5.1343131E-01
    c13     13   8.5555243E-05  1.4826543E-04  6.2710191E-05  7.1764487E-05  3.0354900E-05  3.7368077E-01
    c14     14   2.1984272E-08  2.1984272E-08  0.0000000E+00  1.0640984E-08  0.0000000E+00  0.0000000E+00
    n13     13   0.0000000E+00  0.0000000E+00  0.0000000E+00  0.0000000E+00  0.0000000E+00  0.0000000E+00
    n14     14   2.4269805E-03  3.9570006E-03  1.5300199E-03  1.9152955E-03  7.4060698E-04  4.1264796E-01
    n15     15  -1.8368610E-06  1.9317613E-06  3.7686223E-06  9.3502484E-07  1.8242035E-06 -2.9025012E-01
    o14     14   0.0000000E+00  0.0000000E+00  0.0000000E+00  0.0000000E+00  0.0000000E+00  0.0000000E+00
    o15     15   0.0000000E+00  0.0000000E+00  0.0000000E+00  0.0000000E+00  0.0000000E+00  0.0000000E+00
    o16     16  -3.4770742E-04  1.2148437E-02  1.2496145E-02  5.8801728E-03  6.0487650E-03 -1.2276613E-02
    o17     17   3.4428231E-05  3.9472518E-05  5.0442854E-06  1.9105768E-05  2.4416890E-06  8.9347416E-01
    o18     18  -8.9686473E-06  1.9147677E-05  2.8116325E-05  9.2679948E-06  1.3609721E-05 -1.6686347E-01
    o19     19   0.0000000E+00  0.0000000E+00  0.0000000E+00  0.0000000E+00  0.0000000E+00  0.0000000E+00
    f17     17   0.0000000E+00  0.0000000E+00  0.0000000E+00  0.0000000E+00  0.0000000E+00  0.0000000E+00
    f18     18   0.0000000E+00  0.0000000E+00  0.0000000E+00  0.0000000E+00  0.0000000E+00  0.0000000E+00
    f19     19   3.1713073E-06  3.9809806E-06  8.0967334E-07  1.9269025E-06  3.9192281E-07  6.9165921E-01
    f20     20   0.0000000E+00  0.0000000E+00  0.0000000E+00  0.0000000E+00  0.0000000E+00  0.0000000E+00
   ne19     19   0.0000000E+00  0.0000000E+00  0.0000000E+00  0.0000000E+00  0.0000000E+00  0.0000000E+00
   ne20     20   1.1956319E-05  2.5753051E-03  2.5633487E-03  1.2465174E-03  1.2407904E-03  1.9999456E-03
   ne21     21   1.1138691E-06  7.5658222E-06  6.4519531E-06  3.6620631E-06  3.1230711E-06  6.9143943E-02
   ne22     22   2.9126820E-03  3.1200154E-03  2.0733327E-04  1.5101720E-03  1.0035978E-04  1.1774668E+00
   ne23     23   0.0000000E+00  0.0000000E+00  0.0000000E+00  0.0000000E+00  0.0000000E+00  0.0000000E+00
   na21     21   0.0000000E+00  0.0000000E+00  0.0000000E+00  0.0000000E+00  0.0000000E+00  0.0000000E+00
   na22     22   2.7890550E-22  2.7890550E-22  0.0000000E+00  1.3499782E-22  0.0000000E+00  0.0000000E+00
   na23     23   6.2376042E-05  1.3176714E-04  6.9391099E-05  6.3778869E-05  3.3588796E-05  2.7848238E-01
   na24     24   0.0000000E+00  0.0000000E+00  0.0000000E+00  0.0000000E+00  0.0000000E+00  0.0000000E+00
   mg23     23   0.0000000E+00  0.0000000E+00  0.0000000E+00  0.0000000E+00  0.0000000E+00  0.0000000E+00
   mg24     24   9.7620068E-06  1.2325256E-03  1.2227636E-03  5.9657579E-04  5.9187930E-04  3.4324953E-03
   mg25     25   1.2871038E-05  1.7412080E-04  1.6124976E-04  8.4279185E-05  7.8053032E-05  3.3330575E-02
   mg26     26   3.1721866E-06  1.8780946E-04  1.8463728E-04  9.0904869E-05  8.9373774E-05  7.3770313E-03
   mg27     27   0.0000000E+00  0.0000000E+00  0.0000000E+00  0.0000000E+00  0.0000000E+00  0.0000000E+00
   al25     25   0.0000000E+00  0.0000000E+00  0.0000000E+00  0.0000000E+00  0.0000000E+00  0.0000000E+00
   al-6     26   0.0000000E+00  0.0000000E+00  0.0000000E+00  0.0000000E+00  0.0000000E+00  0.0000000E+00
   al*6     26   0.0000000E+00  0.0000000E+00  0.0000000E+00  0.0000000E+00  0.0000000E+00  0.0000000E+00
   al27     27   8.5709762E-06  1.2631221E-04  1.1774123E-04  6.1138533E-05  5.6992707E-05  3.0495713E-02
   al28     28   0.0000000E+00  0.0000000E+00  0.0000000E+00  0.0000000E+00  0.0000000E+00  0.0000000E+00
   si27     27   0.0000000E+00  0.0000000E+00  0.0000000E+00  0.0000000E+00  0.0000000E+00  0.0000000E+00
   si28     28   1.0670628E-06  1.3549868E-03  1.3539197E-03  6.5585034E-04  6.5536553E-04  3.2117785E-04
   si29     29   2.2956374E-07  7.1436400E-05  7.1206836E-05  3.4577155E-05  3.4467706E-05  1.3768643E-03
   si30     30   7.3334013E-07  4.9290444E-05  4.8557104E-05  2.3857910E-05  2.3504090E-05  6.4889886E-03
    p31     31   1.3239460E-06  1.4842385E-05  1.3518439E-05  7.1841168E-06  6.5436075E-06  4.0556148E-02
    p32     32   0.0000000E+00  0.0000000E+00  0.0000000E+00  0.0000000E+00  0.0000000E+00  0.0000000E+00
    p33     33   0.0000000E+00  0.0000000E+00  0.0000000E+00  0.0000000E+00  0.0000000E+00  0.0000000E+00
    s32     32  -1.4650868E-06  6.4734434E-04  6.4880942E-04  3.1333222E-04  3.1405652E-04 -1.0027626E-03
    s33     33   2.1468395E-07  5.5713008E-06  5.3566168E-06  2.6966607E-06  2.5928732E-06  1.7045023E-02
    s34     34   1.4922625E-07  3.1301886E-05  3.1152660E-05  1.5150961E-05  1.5079462E-05  2.0543106E-03
    s35     35   7.7560469E-41  7.7560469E-41  0.0000000E+00  3.7540786E-41  0.0000000E+00  0.0000000E+00
    s36     36   4.5194611E-08  1.9897075E-07  1.5377614E-07  9.6307240E-08  7.4435420E-08  1.1187931E-01
   cl35     35  -4.2044576E-08  6.6135512E-06  6.6555958E-06  3.2011380E-06  3.2216446E-06 -2.7732241E-03
   cl36     36   0.0000000E+00  0.0000000E+00  0.0000000E+00  0.0000000E+00  0.0000000E+00  0.0000000E+00
   cl37     37   5.2459040E-07  2.7732985E-06  2.2487081E-06  1.3423517E-06  1.0884884E-06  9.1042534E-02
   ar36     36  -7.9507299E-07  1.2314190E-04  1.2393697E-04  5.9604019E-05  5.9991758E-05 -2.8160552E-03
   ar37     37   2.9079465E-40  2.9079465E-40  0.0000000E+00  1.4075202E-40  0.0000000E+00  0.0000000E+00
   ar38     38   2.9298280E-07  2.4079294E-05  2.3786311E-05  1.1655031E-05  1.1513776E-05  5.2956389E-03
   ar39     39   2.1364062E-11  2.1364062E-11  0.0000000E+00  1.0340785E-11  0.0000000E+00  0.0000000E+00
   ar40     40   6.1602414E-08  1.0164820E-07  4.0045791E-08  4.9200487E-08  1.9384185E-08  4.0452188E-01
    k39     39   6.6991106E-08  6.5194954E-06  6.4525043E-06  3.1556126E-06  3.1233380E-06  4.4646673E-03
    k40     40  -1.0445380E-09  0.0000000E+00  1.0445380E-09  0.0000000E+00  5.0560922E-10  0.0000000E+00
    k41     41   7.2042212E-08  5.6157211E-07  4.8952990E-07  2.7181613E-07  2.3695719E-07  5.9605330E-02
   ca40     40  -5.6235876E-07  1.1115376E-04  1.1171612E-04  5.3801432E-05  5.4076245E-05 -2.2126907E-03
   ca41     41   0.0000000E+00  0.0000000E+00  0.0000000E+00  0.0000000E+00  0.0000000E+00  0.0000000E+00
   ca42     42   4.7067431E-08  8.2998531E-07  7.8291788E-07  4.0173538E-07  3.7897183E-07  2.5333144E-02
   ca43     43   9.2657473E-09  1.7651215E-07  1.6724640E-07  8.5436660E-08  8.0955701E-08  2.3396835E-02
   ca44     44   5.2214318E-08  2.6966361E-06  2.6444218E-06  1.3052450E-06  1.2800336E-06  8.4706126E-03
   ca45     45   9.2917299E-41  9.2917299E-41  0.0000000E+00  4.4974674E-41  0.0000000E+00  0.0000000E+00
   ca46     46   3.9683833E-08  4.4985146E-08  5.3013149E-09  2.1774030E-08  2.5661042E-09  9.2866451E-01
   ca47     47   0.0000000E+00  0.0000000E+00  0.0000000E+00  0.0000000E+00  0.0000000E+00  0.0000000E+00
   ca48     48  -4.1737280E-10  2.5819361E-07  2.5861098E-07  1.2497270E-07  1.2518078E-07 -7.2248263E-04
   sc45     45   1.0850769E-08  8.5457032E-08  7.4606263E-08  4.1363521E-08  3.6113200E-08  5.8951546E-02
   sc46     46   0.0000000E+00  0.0000000E+00  0.0000000E+00  0.0000000E+00  0.0000000E+00  0.0000000E+00
   sc47     47   0.0000000E+00  0.0000000E+00  0.0000000E+00  0.0000000E+00  0.0000000E+00  0.0000000E+00
   sc48     48  -7.5713121E-32  4.6978848E-29  4.7054561E-29  2.2739037E-29  2.2776783E-29  0.0000000E+00
   ti46     46   8.5809972E-09  4.6438555E-07  4.5580455E-07  2.2477519E-07  2.2063243E-07  8.0790361E-03
   ti47     47   5.2096993E-10  4.2051144E-07  4.1999047E-07  2.0353893E-07  2.0329659E-07  5.1741104E-04
   ti48     48  -3.6247457E-08  4.2137572E-06  4.2500046E-06  2.0395728E-06  2.0572168E-06 -3.7408490E-03
   ti49     49   4.6690019E-08  3.6507745E-07  3.1838744E-07  1.7670739E-07  1.5411560E-07  5.9408106E-02
   ti50     50   1.1102372E-07  4.2210132E-07  3.1107760E-07  2.0430848E-07  1.5057726E-07  1.3252701E-01
    v51     51  -6.6618782E-09  6.7889891E-07  6.8556079E-07  3.2860547E-07  3.3184605E-07 -4.2618713E-03
   cr52     52  -1.3344288E-07  2.7969745E-05  2.8103188E-05  1.3538115E-05  1.3603363E-05 -2.0880816E-03
   cr53     53  -1.5682872E-08  3.2322594E-06  3.2479422E-06  1.5645012E-06  1.5721682E-06 -2.1231195E-03
   cr54     54   8.9437606E-08  9.1317463E-07  8.2373703E-07  4.4200127E-07  3.9873032E-07  4.4744246E-02
   mn55     55   6.0999810E-07  2.5153236E-05  2.4543238E-05  1.2174848E-05  1.1880167E-05  1.0641012E-02
   fe54     54  -2.0554144E-06  1.5965826E-04  1.6171367E-04  7.7278928E-05  7.8277582E-05 -5.5763056E-03
   fe55     55   1.4920170E-21  1.4920170E-21  0.0000000E+00  7.2217669E-22  0.0000000E+00  0.0000000E+00
   fe56     56  -1.5560770E-05  2.6169806E-03  2.6325413E-03  1.2666895E-03  1.2742830E-03 -2.5957434E-03
   fe57     57   5.0410017E-06  6.6923792E-05  6.1882791E-05  3.2392931E-05  2.9954399E-05  3.3989634E-02
   fe58     58   3.4609957E-06  1.1840976E-05  8.3799805E-06  5.7313537E-06  4.0563341E-06  1.5012352E-01
   fe59     59   5.8219747E-41  5.8219747E-41  0.0000000E+00  2.8180112E-41  0.0000000E+00  0.0000000E+00
   fe60     60   0.0000000E+00  0.0000000E+00  0.0000000E+00  0.0000000E+00  0.0000000E+00  0.0000000E+00
   co59     59   9.4961797E-07  7.4123050E-06  6.4626870E-06  3.5877565E-06  3.1282668E-06  5.9519168E-02
   co60     60   1.6679483E-14  1.6679483E-14  0.0000000E+00  8.0733217E-15  0.0000000E+00  0.0000000E+00
   ni58     58  -1.1928350E-06  9.1275426E-05  9.2468261E-05  4.4179782E-05  4.4759308E-05 -5.6597996E-03
   ni59     59   0.0000000E+00  0.0000000E+00  0.0000000E+00  0.0000000E+00  0.0000000E+00  0.0000000E+00
   ni60     60   3.5549601E-07  3.7202728E-05  3.6847232E-05  1.8007129E-05  1.7835922E-05  4.1488991E-03
   ni61     61   3.6322831E-07  1.9916815E-06  1.6284532E-06  9.6402789E-07  7.8825360E-07  8.7423638E-02
   ni62     62   4.3095861E-07  5.7080993E-06  5.2771406E-06  2.7628748E-06  2.5544027E-06  3.4071829E-02
   ni63     63   0.0000000E+00  0.0000000E+00  0.0000000E+00  0.0000000E+00  0.0000000E+00  0.0000000E+00
   ni64     64   1.3722325E-06  2.7595547E-06  1.3873222E-06  1.3356993E-06  6.7153400E-07  2.9864070E-01
   cu63     63   1.5181070E-07  1.2968577E-06  1.1450470E-06  6.2771426E-07  5.5426062E-07  5.4047968E-02
   cu64     64   0.0000000E+00  0.0000000E+00  0.0000000E+00  0.0000000E+00  0.0000000E+00  0.0000000E+00
   cu65     65   3.4410948E-07  8.7066832E-07  5.2655884E-07  4.2142707E-07  2.5488109E-07  2.1838480E-01
   zn64     64   6.0780167E-08  2.0225953E-06  1.9618151E-06  9.7899090E-07  9.4961757E-07  1.3229899E-02
   zn65     65   1.4921616E-38  1.4921616E-38  0.0000000E+00  7.2224660E-39  0.0000000E+00  0.0000000E+00
   zn66     66   3.7644475E-07  1.5371257E-06  1.1606810E-06  7.4401055E-07  5.6182824E-07  1.2197553E-01
   zn67     67   8.4809329E-08  2.5795691E-07  1.7314758E-07  1.2485813E-07  8.3812175E-08  1.7310973E-01
   zn68     68   5.0572669E-07  1.3093854E-06  8.0365874E-07  6.3377803E-07  3.8901143E-07  2.1197481E-01
   zn69     69   0.0000000E+00  0.0000000E+00  0.0000000E+00  0.0000000E+00  0.0000000E+00  0.0000000E+00
   zn70     70   2.3244375E-09  2.9680718E-08  2.7356281E-08  1.4366273E-08  1.3241821E-08  3.5396401E-02
   ga69     69   8.5549360E-08  1.5922878E-07  7.3679416E-08  7.7071043E-08  3.5664559E-08  3.3465439E-01
   ga70     70   0.0000000E+00  0.0000000E+00  0.0000000E+00  0.0000000E+00  0.0000000E+00  0.0000000E+00
   ga71     71   1.0302313E-07  1.5333919E-07  5.0316064E-08  7.4220324E-08  2.4355515E-08  4.8392552E-01
   ge70     70   1.6035335E-07  2.4230508E-07  8.1951725E-08  1.1728223E-07  3.9668777E-08  4.7078341E-01
   ge71     71   0.0000000E+00  0.0000000E+00  0.0000000E+00  0.0000000E+00  0.0000000E+00  0.0000000E+00
   ge72     72   1.8822966E-07  2.9962274E-07  1.1139308E-07  1.4502552E-07  5.3919877E-08  4.2969555E-01
   ge73     73   5.4684453E-08  8.6385512E-08  3.1701060E-08  4.1812928E-08  1.5344913E-08  4.3534619E-01
   ge74     74   2.5332798E-07  4.0414923E-07  1.5082125E-07  1.9561918E-07  7.3005104E-08  4.2805821E-01
   as75     75   2.3178625E-08  4.5290310E-08  2.2111685E-08  2.1921737E-08  1.0703173E-08  3.1136245E-01
   se76     76   8.7626013E-08  1.1064629E-07  2.3020279E-08  5.3555805E-08  1.1142977E-08  6.8180531E-01
   se77     77   3.5467636E-08  5.4460159E-08  1.8992523E-08  2.6360194E-08  9.1933412E-09  4.5747524E-01
   se78     78   2.4438208E-07  3.0431804E-07  5.9935964E-08  1.4729818E-07  2.9012032E-08  7.0561922E-01
   se79     79   0.0000000E+00  0.0000000E+00  0.0000000E+00  0.0000000E+00  0.0000000E+00  0.0000000E+00
   se80     80   3.2700339E-07  4.5530260E-07  1.2829921E-07  2.2037879E-07  6.2103297E-08  5.5005515E-01
   br79     79   5.3704479E-08  7.4221553E-08  2.0517074E-08  3.5925243E-08  9.9313002E-09  5.5839360E-01
   br80     80   0.0000000E+00  0.0000000E+00  0.0000000E+00  0.0000000E+00  0.0000000E+00  0.0000000E+00
   br81     81   4.4883844E-08  6.5348168E-08  2.0464324E-08  3.1630286E-08  9.9057660E-09  5.0421506E-01
   kr80     80   1.4185630E-09  6.3080643E-09  4.8895012E-09  3.0532741E-09  2.3667655E-09  1.1061057E-01
   kr81     81   0.0000000E+00  0.0000000E+00  0.0000000E+00  0.0000000E+00  0.0000000E+00  0.0000000E+00
   kr82     82   2.0070573E-07  2.2581777E-07  2.5112042E-08  1.0930192E-07  1.2155497E-08  9.5385510E-01
   kr83     83   6.7730738E-08  9.2912451E-08  2.5181709E-08  4.4972143E-08  1.2189219E-08  5.6696773E-01
   kr84     84   4.6190473E-07  5.8750157E-07  1.2559686E-07  2.8436668E-07  6.0795223E-08  6.7000926E-01
   kr-5     85   1.1005929E-15  1.1005929E-15  0.0000000E+00  5.3271681E-16  0.0000000E+00  0.0000000E+00
   kr*5     85   0.0000000E+00  0.0000000E+00  0.0000000E+00  0.0000000E+00  0.0000000E+00  0.0000000E+00
   kr86     86   9.8565508E-08  1.3745201E-07  3.8886494E-08  6.6530497E-08  1.8823028E-08  5.4833126E-01
   rb85     85   8.0166032E-08  1.0055069E-07  2.0384659E-08  4.8669261E-08  9.8672048E-09  6.9306064E-01
   rb86     86   0.0000000E+00  0.0000000E+00  0.0000000E+00  0.0000000E+00  0.0000000E+00  0.0000000E+00
   rb87     87   1.3566126E-08  2.2152456E-08  8.5863299E-09  1.0722389E-08  4.1562171E-09  4.1159332E-01
   sr86     86   1.7581362E-07  1.8532583E-07  9.5121990E-09  8.9702723E-08  4.6043849E-09  1.2896340E+00
   sr87     87   1.1982772E-07  1.2655259E-07  6.7248780E-09  6.1254887E-08  3.2551806E-09  1.2745657E+00
   sr88     88   1.9053839E-06  1.9869358E-06  8.1551939E-08  9.6173073E-07  3.9475257E-08  1.3867285E+00
   sr89     89   0.0000000E+00  0.0000000E+00  0.0000000E+00  0.0000000E+00  0.0000000E+00  0.0000000E+00
   sr90     90   1.3746671E-14  1.3746671E-14  0.0000000E+00  6.6537614E-15  0.0000000E+00  0.0000000E+00
    y89     89   4.9429195E-07  5.1374434E-07  1.9452377E-08  2.4866620E-07  9.4159329E-09  1.4217534E+00
    y90     90   3.4764279E-18  3.4764279E-18  0.0000000E+00  1.6826853E-18  0.0000000E+00  0.0000000E+00
    y91     91   0.0000000E+00  0.0000000E+00  0.0000000E+00  0.0000000E+00  0.0000000E+00  0.0000000E+00
   zr90     90   5.6023561E-07  5.8341988E-07  2.3184274E-08  2.8239103E-07  1.1222361E-08  1.4007666E+00
   zr91     91   1.3540307E-07  1.4051510E-07  5.1120286E-09  6.8013115E-08  2.4744802E-09  1.4391087E+00
   zr92     92   2.0720061E-07  2.1510037E-07  7.8997635E-09  1.0411441E-07  3.8238848E-09  1.4350060E+00
   zr93     93   0.0000000E+00  0.0000000E+00  0.0000000E+00  0.0000000E+00  0.0000000E+00  0.0000000E+00
   zr94     94   2.8417537E-07  2.9235520E-07  8.1798346E-09  1.4150784E-07  3.9594532E-09  1.5531453E+00
   zr95     95   0.0000000E+00  0.0000000E+00  0.0000000E+00  0.0000000E+00  0.0000000E+00  0.0000000E+00
   zr96     96   2.8416127E-09  4.1874606E-09  1.3458479E-09  2.0268445E-09  6.5145839E-10  4.9293375E-01
   nb93     93   7.1790019E-08  7.5322305E-08  3.5322869E-09  3.6458037E-08  1.7098053E-09  1.3288467E+00
   nb94     94   9.8897340E-12  9.8897340E-12  0.0000000E+00  4.7868992E-12  0.0000000E+00  0.0000000E+00
   nb95     95   0.0000000E+00  0.0000000E+00  0.0000000E+00  0.0000000E+00  0.0000000E+00  0.0000000E+00
   mo94     94   3.2518610E-10  1.4322237E-09  1.1070376E-09  6.9323508E-10  5.3586208E-10  1.1182753E-01
   mo95     95   3.4847453E-08  3.6783828E-08  1.9363759E-09  1.7804370E-08  9.3730379E-10  1.2786462E+00
   mo96     96   6.3829788E-08  6.5889552E-08  2.0597668E-09  3.1892331E-08  9.9703124E-10  1.5049775E+00
   mo97     97   2.0747375E-08  2.1945661E-08  1.1982858E-09  1.0622295E-08  5.8003086E-10  1.2627673E+00
   mo98     98   7.6559914E-08  7.9636202E-08  3.0762908E-09  3.8546080E-08  1.4890802E-09  1.4130621E+00
   tc99     99   0.0000000E+00  0.0000000E+00  0.0000000E+00  0.0000000E+00  0.0000000E+00  0.0000000E+00
   ru99     99   9.7919592E-09  1.0866071E-08  1.0741111E-09  5.2594729E-09  5.1992405E-10  1.0050023E+00
  ru100    100   3.8270077E-08  3.9341426E-08  1.0713495E-09  1.9042316E-08  5.1858728E-10  1.5648979E+00
  ru101    101   8.2057880E-09  9.6708810E-09  1.4650927E-09  4.6809685E-09  7.0917894E-10  8.1957990E-01
  ru102    102   5.2155873E-08  5.4892134E-08  2.7362599E-09  2.6569280E-08  1.3244881E-09  1.3023317E+00
  rh103    103   8.6295380E-09  1.0376975E-08  1.7474372E-09  5.0227373E-09  8.4584784E-10  7.7364826E-01
  pd104    104   2.8750131E-08  2.9514823E-08  7.6469109E-10  1.4285974E-08  3.7014913E-10  1.5865331E+00
  pd105    105   7.2025079E-09  8.7500442E-09  1.5475362E-09  4.2352588E-09  7.4908568E-10  7.5234848E-01
  pd106    106   3.3415489E-08  3.5327581E-08  1.9120934E-09  1.7099508E-08  9.2554975E-10  1.2665838E+00
  pd107    107   0.0000000E+00  0.0000000E+00  0.0000000E+00  0.0000000E+00  0.0000000E+00  0.0000000E+00
  pd108    108   4.1994614E-08  4.3880771E-08  1.8861577E-09  2.1239483E-08  9.1299551E-10  1.3666754E+00
  ag107    107   6.5283681E-09  7.8273592E-09  1.2989909E-09  3.7886538E-09  6.2877720E-10  7.7998811E-01
  ag108    108   0.0000000E+00  0.0000000E+00  0.0000000E+00  0.0000000E+00  0.0000000E+00  0.0000000E+00
  ag109    109   1.0400465E-08  1.1629833E-08  1.2293675E-09  5.6291545E-09  5.9507599E-10  9.7587073E-01
  cd108    108   2.1469812E-11  9.4310663E-11  7.2840851E-11  4.5648919E-11  3.5258654E-11  1.1216476E-01
  cd109    109   3.3183120E-34  3.3183120E-34  0.0000000E+00  1.6061529E-34  0.0000000E+00  0.0000000E+00
  cd110    110   3.6136402E-08  3.7177568E-08  1.0411649E-09  1.7994951E-08  5.0397642E-10  1.5527405E+00
  cd111    111   1.1838032E-08  1.2914730E-08  1.0766975E-09  6.2510792E-09  5.2117599E-10  1.0789706E+00
  cd112    112   4.4681538E-08  4.6729578E-08  2.0480384E-09  2.2618384E-08  9.9135400E-10  1.3582327E+00
  cd113    113   1.2998814E-08  1.4045244E-08  1.0464308E-09  6.7982788E-09  5.0652538E-10  1.1277977E+00
  cd114    114   6.3108907E-08  6.5590903E-08  2.4819988E-09  3.1747774E-08  1.2014127E-09  1.4220210E+00
  in115    115   1.2000968E-08  1.2936848E-08  9.3587960E-10  6.2617853E-09  4.5301299E-10  1.1405876E+00
  sn116    116   8.6994490E-08  8.9922551E-08  2.9280578E-09  4.3524953E-08  1.4173279E-09  1.4872680E+00
  sn117    117   2.5417352E-08  2.6977300E-08  1.5599492E-09  1.3057745E-08  7.5509421E-10  1.2378671E+00
  sn118    118   1.1547544E-07  1.2023219E-07  4.7567461E-09  5.8195639E-08  2.3025055E-09  1.4026897E+00
  sn119    119   3.3591810E-08  3.5366430E-08  1.7746187E-09  1.7118310E-08  8.5900514E-10  1.2994651E+00
  sn120    120   1.7767216E-07  1.8445940E-07  6.7872374E-09  8.9283347E-08  3.2853658E-09  1.4341867E+00
  sb121    121   1.2762230E-08  1.3808918E-08  1.0466882E-09  6.6838908E-09  5.0664994E-10  1.1203213E+00
  te122    122   2.2902922E-08  2.3598679E-08  6.9575584E-10  1.1422400E-08  3.3678099E-10  1.5304098E+00
  te123    123   8.4523766E-09  8.6972021E-09  2.4482591E-10  4.2096815E-09  1.1850811E-10  1.5505012E+00
  te124    124   4.4369056E-08  4.5683571E-08  1.3145149E-09  2.2112086E-08  6.3629169E-10  1.5409735E+00
  te125    125   1.4880353E-08  1.6856834E-08  1.9764816E-09  8.1591649E-09  9.5671704E-10  9.3086219E-01
  te126    126   8.1540293E-08  8.6849326E-08  5.3090354E-09  4.2037428E-08  2.5698412E-09  1.2137299E+00
   i127    127   1.0475659E-08  1.7133932E-08  6.6582726E-09  8.2932869E-09  3.2229404E-09  4.1047442E-01
   i128    128   0.0000000E+00  0.0000000E+00  0.0000000E+00  0.0000000E+00  0.0000000E+00  0.0000000E+00
   i129    129   1.4855964E-11  1.4855964E-11  0.0000000E+00  7.1906890E-12  0.0000000E+00  0.0000000E+00
  xe128    128   2.5958492E-08  2.6677652E-08  7.1916034E-10  1.2912706E-08  3.4810993E-10  1.5693009E+00
  xe129    129   9.9150528E-09  1.8943213E-08  9.0281604E-09  9.1690291E-09  4.3700856E-09  3.2183343E-01
  xe130    130   5.3607536E-08  5.5068302E-08  1.4607675E-09  2.6654551E-08  7.0708528E-10  1.5762995E+00
  xe131    131   2.0101689E-08  2.7398801E-08  7.2971127E-09  1.3261762E-08  3.5321712E-09  5.7455951E-01
  xe132    132   1.0034196E-07  1.0932898E-07  8.9870174E-09  5.2918189E-08  4.3501704E-09  1.0850987E+00
  xe133    133   0.0000000E+00  0.0000000E+00  0.0000000E+00  0.0000000E+00  0.0000000E+00  0.0000000E+00
  xe134    134   1.0466370E-09  4.4152100E-09  3.3685730E-09  2.1370814E-09  1.6305596E-09  1.1748440E-01
  cs133    133   1.3253064E-08  1.5615802E-08  2.3627376E-09  7.5584712E-09  1.1436843E-09  8.2012784E-01
  cs134    134   7.4773498E-28  7.4773498E-28  0.0000000E+00  3.6192401E-28  0.0000000E+00  0.0000000E+00
  cs135    135   0.0000000E+00  0.0000000E+00  0.0000000E+00  0.0000000E+00  0.0000000E+00  0.0000000E+00
  cs136    136   0.0000000E+00  0.0000000E+00  0.0000000E+00  0.0000000E+00  0.0000000E+00  0.0000000E+00
  cs137    137   0.0000000E+00  0.0000000E+00  0.0000000E+00  0.0000000E+00  0.0000000E+00  0.0000000E+00
  ba134    134   3.5824005E-08  3.6548339E-08  7.2433592E-10  1.7690388E-08  3.5061518E-10  1.7029066E+00
  ba135    135   1.7438307E-08  1.9428581E-08  1.9902748E-09  9.4039603E-09  9.6339359E-10  9.8950702E-01
  ba136    136   9.6816088E-08  9.9204954E-08  2.3888693E-09  4.8017888E-08  1.1563334E-09  1.6183200E+00
  ba137    137   7.4885676E-08  7.8327119E-08  3.4414422E-09  3.7912450E-08  1.6658319E-09  1.3571507E+00
  ba138    138   6.7871940E-07  7.0084786E-07  2.2128480E-08  3.3922936E-07  1.0711301E-08  1.5006512E+00
  la139    139   7.4737585E-08  7.7772782E-08  3.0351968E-09  3.7644135E-08  1.4691887E-09  1.4086198E+00
  ce140    140   1.8969628E-07  1.9665268E-07  6.9563977E-09  9.5185229E-08  3.3672480E-09  1.4512944E+00
  ce141    141   0.0000000E+00  0.0000000E+00  0.0000000E+00  0.0000000E+00  0.0000000E+00  0.0000000E+00
  ce142    142   7.8164902E-10  1.6682477E-09  8.8659863E-10  8.0747709E-10  4.2915851E-10  2.7451250E-01
  pr141    141   1.6135621E-08  1.7334521E-08  1.1989008E-09  8.3903782E-09  5.8032856E-10  1.1601076E+00
  nd142    142   4.8253941E-08  4.9853217E-08  1.5992738E-09  2.4130308E-08  7.7412932E-10  1.4937494E+00
  nd143    143   6.5335466E-09  7.2495570E-09  7.1601047E-10  3.5089820E-09  3.4658523E-10  1.0053711E+00
  nd144    144   2.0148542E-08  2.1571543E-08  1.4229998E-09  1.0441211E-08  6.8880385E-10  1.1806554E+00
  nd145    145   3.7064409E-09  4.2356105E-09  5.2916960E-10  2.0501503E-09  2.5614483E-10  9.0330011E-01
  nd146    146   1.8926835E-08  1.9968379E-08  1.0415437E-09  9.6652366E-09  5.0415977E-10  1.2826443E+00
  nd147    147   0.0000000E+00  0.0000000E+00  0.0000000E+00  0.0000000E+00  0.0000000E+00  0.0000000E+00
  nd148    148   8.7756313E-10  1.2298671E-09  3.5230399E-10  5.9528904E-10  1.7053293E-10  5.4291964E-01
  pm147    147   1.8017467E-24  1.8017467E-24  0.0000000E+00  8.7209421E-25  0.0000000E+00  0.0000000E+00
  pm148    148   0.0000000E+00  0.0000000E+00  0.0000000E+00  0.0000000E+00  0.0000000E+00  0.0000000E+00
  sm147    147   2.1815936E-09  2.4651789E-09  2.8358532E-10  1.1932134E-09  1.3726963E-10  9.3914366E-01
  sm148    148   5.6677485E-09  5.8818364E-09  2.1408772E-10  2.8469682E-09  1.0362927E-10  1.4389002E+00
  sm149    149   8.2234797E-10  1.0873564E-09  2.6500849E-10  5.2631000E-10  1.2827750E-10  6.1309111E-01
  sm150    150   3.9842836E-09  4.1267501E-09  1.4246655E-10  1.9974589E-09  6.8961011E-11  1.4618742E+00
  sm151    151   5.5375755E-14  5.5375755E-14  0.0000000E+00  2.6803367E-14  0.0000000E+00  0.0000000E+00
  sm152    152   3.3377905E-09  3.8610799E-09  5.2328947E-10  1.8688673E-09  2.5329852E-10  8.6794579E-01
  eu151    151   5.7954785E-10  9.2474006E-10  3.4519221E-10  4.4759926E-10  1.6709047E-10  4.2793769E-01
  eu152    152   1.5288317E-19  1.5288317E-19  0.0000000E+00  7.3999597E-20  0.0000000E+00  0.0000000E+00
  eu153    153   6.2458594E-10  1.0063941E-09  3.8180814E-10  4.8712201E-10  1.8481443E-10  4.2090186E-01
  eu154    154   4.7367076E-20  4.7367076E-20  0.0000000E+00  2.2926949E-20  0.0000000E+00  0.0000000E+00
  eu155    155   7.1427404E-22  7.1427404E-22  0.0000000E+00  3.4572800E-22  0.0000000E+00  0.0000000E+00
  gd152    152   5.1924528E-12  1.0232583E-11  5.0401302E-12  4.9528476E-12  2.4396776E-12  3.0752251E-01
  gd153    153   0.0000000E+00  0.0000000E+00  0.0000000E+00  0.0000000E+00  0.0000000E+00  0.0000000E+00
  gd154    154   1.4500913E-09  1.5057520E-09  5.5660723E-11  7.2882478E-10  2.6942601E-11  1.4321836E+00
  gd155    155   5.7371896E-10  9.5405106E-10  3.8033213E-10  4.6178658E-10  1.8409997E-10  3.9938760E-01
  gd156    156   2.4000633E-09  2.9294871E-09  5.2942389E-10  1.4179512E-09  2.5626790E-10  7.4296707E-01
  gd157    157   1.1496897E-09  1.5570449E-09  4.0735529E-10  7.5365197E-10  1.9718054E-10  5.8230686E-01
  gd158    158   4.8109832E-09  5.4616751E-09  6.5069183E-10  2.6435989E-09  3.1496772E-10  9.2392951E-01
  gd159    159   0.0000000E+00  0.0000000E+00  0.0000000E+00  0.0000000E+00  0.0000000E+00  0.0000000E+00
  gd160    160   8.9088625E-11  6.6896816E-10  5.7987953E-10  3.2379871E-10  2.8069097E-10  6.2046669E-02
  tb159    159   1.0286219E-09  1.5194914E-09  4.9086951E-10  7.3547501E-10  2.3760566E-10  4.9071115E-01
  tb160    160   0.0000000E+00  0.0000000E+00  0.0000000E+00  0.0000000E+00  0.0000000E+00  0.0000000E+00
  tb161    161   0.0000000E+00  0.0000000E+00  0.0000000E+00  0.0000000E+00  0.0000000E+00  0.0000000E+00
  dy160    160   1.7535258E-09  1.8278027E-09  7.4276918E-11  8.8470603E-10  3.5953782E-11  1.3910544E+00
  dy161    161   7.8894619E-10  1.3951290E-09  6.0618283E-10  6.7528028E-10  2.9342309E-10  3.6198977E-01
  dy162    162   3.6111982E-09  4.4338200E-09  8.2262169E-10  2.1460891E-09  3.9819045E-10  7.3155689E-01
  dy163    163   1.5456348E-09  2.3545146E-09  8.0887974E-10  1.1396489E-09  3.9153866E-10  4.6399641E-01
  dy164    164   7.5125648E-09  8.4363601E-09  9.2379526E-10  4.0834269E-09  4.4716358E-10  9.6055835E-01
  ho165    165   1.3867054E-09  2.1062352E-09  7.1952977E-10  1.0194749E-09  3.4828876E-10  4.6643710E-01
  er166    166   3.1470391E-09  3.8305745E-09  6.8353539E-10  1.8541019E-09  3.3086567E-10  7.4848187E-01
  er167    167   1.2688405E-09  1.7382217E-09  4.6938120E-10  8.4134644E-10  2.2720421E-10  5.6855845E-01
  er168    168   4.8985740E-09  5.4556062E-09  5.5703236E-10  2.6406612E-09  2.6963179E-10  9.9094158E-01
  er169    169   0.0000000E+00  0.0000000E+00  0.0000000E+00  0.0000000E+00  0.0000000E+00  0.0000000E+00
  er170    170   7.8292478E-10  1.0944479E-09  3.1152309E-10  5.2974242E-10  1.5079291E-10  5.4568386E-01
  tm169    169   1.2041733E-09  1.5333660E-09  3.2919267E-10  7.4219070E-10  1.5934587E-10  6.6817468E-01
  tm170    170   0.0000000E+00  0.0000000E+00  0.0000000E+00  0.0000000E+00  0.0000000E+00  0.0000000E+00
  tm171    171   4.0033031E-27  4.0033031E-27  0.0000000E+00  1.9377072E-27  0.0000000E+00  0.0000000E+00
  yb170    170   1.6367497E-09  1.6990115E-09  6.2261786E-11  8.2236762E-10  3.0137847E-11  1.4359537E+00
  yb171    171   1.9340745E-09  2.2301978E-09  2.9612335E-10  1.0794762E-09  1.4333865E-10  8.7684977E-01
  yb172    172   5.1183418E-09  5.5768727E-09  4.5853096E-10  2.6993576E-09  2.2195215E-10  1.0850011E+00
  yb173    173   2.2952189E-09  2.6375415E-09  3.4232259E-10  1.2766416E-09  1.6570142E-10  8.8674271E-01
  yb174    174   1.1035127E-08  1.1720085E-08  6.8495853E-10  5.6728391E-09  3.3155453E-10  1.2332455E+00
  lu175    175   1.4500815E-09  1.7592366E-09  3.0915515E-10  8.5151824E-10  1.4964671E-10  7.5512677E-01
  lu176    176   1.0971982E-09  1.1062222E-09  9.0240046E-12  5.3544152E-10  4.3680740E-12  2.0884221E+00
  lu177    177   0.0000000E+00  0.0000000E+00  0.0000000E+00  0.0000000E+00  0.0000000E+00  0.0000000E+00
  hf176    176  -2.1844471E-12  6.7251392E-11  6.9435839E-11  3.2551496E-11  3.3610455E-11 -1.3903441E-02
  hf177    177   1.1825714E-09  1.4321415E-09  2.4957014E-10  6.9319533E-10  1.2080456E-10  7.5877231E-01
  hf178    178   5.5327396E-09  5.9009415E-09  3.6820175E-10  2.8562157E-09  1.7822825E-10  1.2048144E+00
  hf179    179   1.9226858E-09  2.1075621E-09  1.8487635E-10  1.0201172E-09  8.9489492E-11  1.0568780E+00
  hf180    180   1.0936684E-08  1.1415464E-08  4.7877985E-10  5.5253939E-09  2.3175362E-10  1.3773367E+00
  hf181    181   0.0000000E+00  0.0000000E+00  0.0000000E+00  0.0000000E+00  0.0000000E+00  0.0000000E+00
  hf182    182   1.1981083E-09  1.1981083E-09  0.0000000E+00  5.7991689E-10  0.0000000E+00  0.0000000E+00
  ta181    181   2.6195774E-09  2.8224341E-09  2.0285666E-10  1.3661346E-09  9.8192877E-11  1.1434135E+00
  ta182    182   1.0992500E-17  1.0992500E-17  0.0000000E+00  5.3206681E-18  0.0000000E+00  0.0000000E+00
  ta183    183   0.0000000E+00  0.0000000E+00  0.0000000E+00  0.0000000E+00  0.0000000E+00  0.0000000E+00
   w182    182   5.0366018E-09  5.3549356E-09  3.1833364E-10  2.5919340E-09  1.5408956E-10  1.2258507E+00
   w183    183   2.9344163E-09  3.1072616E-09  1.7284535E-10  1.5039988E-09  8.3665880E-11  1.2546991E+00
   w184    184   7.3131528E-09  7.6852604E-09  3.7210768E-10  3.7198744E-09  1.8011892E-10  1.3149689E+00
   w185    185   0.0000000E+00  0.0000000E+00  0.0000000E+00  0.0000000E+00  0.0000000E+00  0.0000000E+00
   w186    186   2.2898650E-09  2.6388869E-09  3.4902198E-10  1.2772928E-09  1.6894426E-10  8.7854701E-01
  re185    185   1.4190935E-09  1.5964874E-09  1.7739385E-10  7.7274315E-10  8.5867577E-11  9.5420599E-01
  re186    186   0.0000000E+00  0.0000000E+00  0.0000000E+00  0.0000000E+00  0.0000000E+00  0.0000000E+00
  re187    187   4.7413851E-10  7.9763712E-10  3.2349862E-10  3.8607800E-10  1.5658967E-10  3.9191195E-01
  os186    186   2.9935272E-09  3.0918488E-09  9.8321629E-11  1.4965387E-09  4.7592631E-11  1.4975482E+00
  os187    187   8.6252594E-10  9.4114883E-10  7.8622900E-11  4.5554155E-10  3.8057453E-11  1.0780883E+00
  os188    188   5.5357092E-09  6.3651284E-09  8.2941903E-10  3.0808947E-09  4.0148071E-10  8.8501215E-01
  os189    189   1.1204602E-09  2.1371014E-09  1.0166412E-09  1.0344150E-09  4.9210569E-10  3.2263640E-01
  os190    190   5.9301382E-09  7.5921820E-09  1.6620438E-09  3.6748220E-09  8.0451312E-10  6.5970320E-01
  os191    191   0.0000000E+00  0.0000000E+00  0.0000000E+00  0.0000000E+00  0.0000000E+00  0.0000000E+00
  os192    192   1.0774655E-09  3.6859615E-09  2.6084961E-09  1.7841053E-09  1.2626439E-09  1.5013960E-01
  ir191    191   1.0872987E-09  3.2867216E-09  2.1994229E-09  1.5908623E-09  1.0646317E-09  1.7443320E-01
  ir192    192   0.0000000E+00  0.0000000E+00  0.0000000E+00  0.0000000E+00  0.0000000E+00  0.0000000E+00
  ir193    193   1.2203980E-09  4.9562581E-09  3.7358601E-09  2.3989633E-09  1.8083449E-09  1.2274232E-01
  pt192    192   1.6343924E-09  1.7268756E-09  9.2483292E-11  8.3585461E-10  4.4766586E-11  1.2711767E+00
  pt193    193   6.7090435E-15  6.7090435E-15  0.0000000E+00  3.2473589E-15  0.0000000E+00  0.0000000E+00
  pt194    194   4.6586877E-09  8.5982252E-09  3.9395376E-09  4.1617740E-09  1.9069353E-09  3.3894256E-01
  pt195    195   1.8451520E-09  5.9090297E-09  4.0638777E-09  2.8601306E-09  1.9671220E-09  1.6255458E-01
  pt196    196   8.6472811E-09  1.1694789E-08  3.0475078E-09  5.6605951E-09  1.4751477E-09  5.8402658E-01
  au197    197   2.7760974E-09  4.6127755E-09  1.8366781E-09  2.2327085E-09  8.8904500E-10  3.9990824E-01
  hg198    198   9.2767634E-09  9.7082156E-09  4.3145204E-10  4.6990394E-09  2.0884458E-10  1.3521858E+00
  hg199    199   3.9363943E-09  4.6701145E-09  7.3372031E-10  2.2604620E-09  3.5515768E-10  8.0377603E-01
  hg200    200   1.3037601E-08  1.4047318E-08  1.0097163E-09  6.7992829E-09  4.8875376E-10  1.1433730E+00
  hg201    201   5.2871538E-09  5.8661298E-09  5.7897609E-10  2.8393659E-09  2.8025368E-10  1.0056701E+00
  hg202    202   2.1938257E-08  2.3256510E-08  1.3182517E-09  1.1256781E-08  6.3810046E-10  1.2465252E+00
  tl203    203   1.0122414E-08  1.0643880E-08  5.2146665E-10  5.1519269E-09  2.5241623E-10  1.3098524E+00
  tl204    204   1.7989833E-21  1.7989833E-21  0.0000000E+00  8.7075673E-22  0.0000000E+00  0.0000000E+00
  tl205    205   1.1543301E-08  1.2800385E-08  1.2570841E-09  6.1957333E-09  6.0849220E-10  1.0078377E+00
  pb204    204   1.2695525E-08  1.3355573E-08  6.6004791E-10  6.4644592E-09  3.1949654E-10  1.3060660E+00
  pb205    205   0.0000000E+00  0.0000000E+00  0.0000000E+00  0.0000000E+00  0.0000000E+00  0.0000000E+00
  pb206    206   8.5699497E-08  9.1901335E-08  6.2018390E-09  4.4482736E-08  3.0020035E-09  1.1707803E+00
  pb207    207   1.1013929E-07  1.1703565E-07  6.8963550E-09  5.6648425E-08  3.3381844E-09  1.2296776E+00
  pb208    208   2.3523485E-07  2.5506969E-07  1.9834841E-08  1.2346065E-07  9.6010648E-09  1.1092092E+00
  bi209    209   1.8533097E-09  3.2327840E-09  1.3794743E-09  1.5647551E-09  6.6773526E-10  3.6984205E-01
  bi210    210   0.0000000E+00  0.0000000E+00  0.0000000E+00  0.0000000E+00  0.0000000E+00  0.0000000E+00
  po210    210   0.0000000E+00  0.0000000E+00  0.0000000E+00  0.0000000E+00  0.0000000E+00  0.0000000E+00
