  species    A      yield       mass(i)_lost    mass(i)_0        <X(i)>          X0(i)   log10(<X(i)>/X0(i)) 
      n      1   0.0000000E+00  0.0000000E+00  0.0000000E+00  0.0000000E+00  0.0000000E+00  0.0000000E+00
      p      1  -1.1785567E-01  1.6762650E+00  1.7941207E+00  6.5942758E-01  7.0584649E-01 -2.9543158E-02
      d      2   1.5725357E-17  1.5725357E-17  0.0000000E+00  6.1862141E-18  0.0000000E+00  0.0000000E+00
    he3      3   2.2239992E-04  2.2239992E-04  0.0000000E+00  8.7490131E-05  0.0000000E+00  0.0000000E+00
    he4      4   9.1189086E-02  8.0273843E-01  7.1154934E-01  3.1579009E-01  2.7993914E-01  5.2334856E-02
    li7      7  -2.2211992E-08  9.1336055E-10  2.3125352E-08  3.5930783E-10  9.0980219E-09 -1.4034803E+00
    be7      7   6.4416947E-18  6.4416947E-18  0.0000000E+00  2.5341048E-18  0.0000000E+00  0.0000000E+00
     b8      8   2.2383828E-26  2.2383828E-26  0.0000000E+00  8.8055967E-27  0.0000000E+00  0.0000000E+00
    c12     12   1.8496204E-02  2.4863251E-02  6.3670455E-03  9.7809797E-03  2.5049355E-03  5.9158587E-01
    c13     13   1.1208968E-04  1.8924577E-04  7.7156088E-05  7.4447584E-05  3.0354900E-05  3.8962179E-01
    c14     14   5.7676232E-08  5.7676232E-08  0.0000000E+00  2.2689312E-08  0.0000000E+00  0.0000000E+00
    n13     13   0.0000000E+00  0.0000000E+00  0.0000000E+00  0.0000000E+00  0.0000000E+00  0.0000000E+00
    n14     14   3.4147650E-03  5.2972399E-03  1.8824749E-03  2.0838866E-03  7.4060698E-04  4.4928628E-01
    n15     15  -2.5184133E-06  2.1183471E-06  4.6367604E-06  8.3333873E-07  1.8242035E-06 -3.4025174E-01
    o14     14   0.0000000E+00  0.0000000E+00  0.0000000E+00  0.0000000E+00  0.0000000E+00  0.0000000E+00
    o15     15   0.0000000E+00  0.0000000E+00  0.0000000E+00  0.0000000E+00  0.0000000E+00  0.0000000E+00
    o16     16  -8.3245989E-04  1.4542291E-02  1.5374751E-02  5.7208068E-03  6.0487650E-03 -2.4209447E-02
    o17     17   3.6253958E-05  4.2460244E-05  6.2062854E-06  1.6703480E-05  2.4416890E-06  8.3511662E-01
    o18     18  -1.2448767E-05  2.2144424E-05  3.4593191E-05  8.7114176E-06  1.3609721E-05 -1.9376042E-01
    o19     19   0.0000000E+00  0.0000000E+00  0.0000000E+00  0.0000000E+00  0.0000000E+00  0.0000000E+00
    f17     17   0.0000000E+00  0.0000000E+00  0.0000000E+00  0.0000000E+00  0.0000000E+00  0.0000000E+00
    f18     18   0.0000000E+00  0.0000000E+00  0.0000000E+00  0.0000000E+00  0.0000000E+00  0.0000000E+00
    f19     19   6.3837624E-06  7.3799520E-06  9.9618933E-07  2.9032069E-06  3.9192281E-07  8.6967742E-01
    f20     20   0.0000000E+00  0.0000000E+00  0.0000000E+00  0.0000000E+00  0.0000000E+00  0.0000000E+00
   ne19     19   0.0000000E+00  0.0000000E+00  0.0000000E+00  0.0000000E+00  0.0000000E+00  0.0000000E+00
   ne20     20   3.5464531E-05  3.1893051E-03  3.1538405E-03  1.2546440E-03  1.2407904E-03  4.8220898E-03
   ne21     21   2.6316120E-06  1.0569835E-05  7.9382226E-06  4.1580779E-06  3.1230711E-06  1.2431074E-01
   ne22     22   4.9920483E-03  5.2471426E-03  2.5509446E-04  2.0641787E-03  1.0035978E-04  1.3131876E+00
   ne23     23   0.0000000E+00  0.0000000E+00  0.0000000E+00  0.0000000E+00  0.0000000E+00  0.0000000E+00
   na21     21   0.0000000E+00  0.0000000E+00  0.0000000E+00  0.0000000E+00  0.0000000E+00  0.0000000E+00
   na22     22   2.0836226E-19  2.0836226E-19  0.0000000E+00  8.1967841E-20  0.0000000E+00  0.0000000E+00
   na23     23   9.7270196E-05  1.8264620E-04  8.5375999E-05  7.1851377E-05  3.3588796E-05  3.3024064E-01
   na24     24   0.0000000E+00  0.0000000E+00  0.0000000E+00  0.0000000E+00  0.0000000E+00  0.0000000E+00
   mg23     23   0.0000000E+00  0.0000000E+00  0.0000000E+00  0.0000000E+00  0.0000000E+00  0.0000000E+00
   mg24     24   1.0790071E-05  1.5152289E-03  1.5044388E-03  5.9607741E-04  5.9187930E-04  3.0695056E-03
   mg25     25   4.4566885E-05  2.4296208E-04  1.9839520E-04  9.5579104E-05  7.8053032E-05  8.7973185E-02
   mg26     26   1.4678721E-05  2.4184897E-04  2.2717025E-04  9.5141215E-05  8.9373774E-05  2.7158592E-02
   mg27     27   0.0000000E+00  0.0000000E+00  0.0000000E+00  0.0000000E+00  0.0000000E+00  0.0000000E+00
   al25     25   0.0000000E+00  0.0000000E+00  0.0000000E+00  0.0000000E+00  0.0000000E+00  0.0000000E+00
   al-6     26   2.9496184E-07  2.9496184E-07  0.0000000E+00  1.1603534E-07  0.0000000E+00  0.0000000E+00
   al*6     26   0.0000000E+00  0.0000000E+00  0.0000000E+00  0.0000000E+00  0.0000000E+00  0.0000000E+00
   al27     27   1.5990721E-05  1.6085479E-04  1.4486407E-04  6.3278829E-05  5.6992707E-05  4.5439154E-02
   al28     28   0.0000000E+00  0.0000000E+00  0.0000000E+00  0.0000000E+00  0.0000000E+00  0.0000000E+00
   si27     27   0.0000000E+00  0.0000000E+00  0.0000000E+00  0.0000000E+00  0.0000000E+00  0.0000000E+00
   si28     28   1.9543804E-06  1.6677625E-03  1.6658081E-03  6.5608282E-04  6.5536553E-04  4.7505824E-04
   si29     29   7.6612923E-07  8.8376139E-05  8.7610009E-05  3.4766381E-05  3.4467706E-05  3.7470907E-03
   si30     30   2.0050138E-06  6.1747713E-05  5.9742699E-05  2.4290995E-05  2.3504090E-05  1.4301898E-02
    p31     31   2.3404755E-06  1.8973018E-05  1.6632543E-05  7.4638151E-06  6.5436075E-06  5.7143614E-02
    p32     32   0.0000000E+00  0.0000000E+00  0.0000000E+00  0.0000000E+00  0.0000000E+00  0.0000000E+00
    p33     33   0.0000000E+00  0.0000000E+00  0.0000000E+00  0.0000000E+00  0.0000000E+00  0.0000000E+00
    s32     32  -3.2166718E-06  7.9505221E-04  7.9826888E-04  3.1276641E-04  3.1405652E-04 -1.7877095E-03
    s33     33   4.3287082E-07  7.0234360E-06  6.5905651E-06  2.7629567E-06  2.5928732E-06  2.7592819E-02
    s34     34   4.9068331E-07  3.8819660E-05  3.8328977E-05  1.5271306E-05  1.5079462E-05  5.4903026E-03
    s35     35   2.6469547E-39  2.6469547E-39  0.0000000E+00  1.0412881E-39  0.0000000E+00  0.0000000E+00
    s36     36   9.9670373E-08  2.8887032E-07  1.8919995E-07  1.1363899E-07  7.4435420E-08  1.8374772E-01
   cl35     35  -8.3081432E-08  8.1056951E-06  8.1887765E-06  3.1887078E-06  3.2216446E-06 -4.4629178E-03
   cl36     36   1.1435485E-08  1.1435485E-08  0.0000000E+00  4.4986170E-09  0.0000000E+00  0.0000000E+00
   cl37     37   9.3435756E-07  3.7010773E-06  2.7667197E-06  1.4559706E-06  1.0884884E-06  1.2632881E-01
   ar36     36  -1.6079284E-06  1.5087912E-04  1.5248705E-04  5.9354490E-05  5.9991758E-05 -4.6380232E-03
   ar37     37   7.8640463E-39  7.8640463E-39  0.0000000E+00  3.0936452E-39  0.0000000E+00  0.0000000E+00
   ar38     38   6.1724859E-07  2.9882965E-05  2.9265717E-05  1.1755690E-05  1.1513776E-05  9.0303179E-03
   ar39     39   3.7676390E-11  3.7676390E-11  0.0000000E+00  1.4821554E-11  0.0000000E+00  0.0000000E+00
   ar40     40   1.4459735E-07  1.9386808E-07  4.9270721E-08  7.6265962E-08  1.9384185E-08  5.9488320E-01
    k39     39   1.1401062E-07  8.0529117E-06  7.9389010E-06  3.1679431E-06  3.1233380E-06  6.1583561E-03
    k40     40   4.6612161E-08  4.7897320E-08  1.2851575E-09  1.8842375E-08  5.0560922E-10  1.5713207E+00
    k41     41   1.0421888E-07  7.0651663E-07  6.0229775E-07  2.7793729E-07  2.3695719E-07  6.9276907E-02
   ca40     40  -1.1520169E-06  1.3629899E-04  1.3745100E-04  5.3618798E-05  5.4076245E-05 -3.6894414E-03
   ca41     41   1.7049890E-08  1.7049890E-08  0.0000000E+00  6.7072738E-09  0.0000000E+00  0.0000000E+00
   ca42     42   8.6658133E-08  1.0499288E-06  9.6327062E-07  4.1303255E-07  3.7897183E-07  3.7377350E-02
   ca43     43   1.8052944E-08  2.2382613E-07  2.0577319E-07  8.8051195E-08  8.0955701E-08  3.6487810E-02
   ca44     44   7.5935077E-08  3.3295248E-06  3.2535897E-06  1.3098052E-06  1.2800336E-06  9.9852886E-03
   ca45     45   4.8248808E-39  4.8248808E-39  0.0000000E+00  1.8980644E-39  0.0000000E+00  0.0000000E+00
   ca46     46   6.0574500E-08  6.7097027E-08  6.5225239E-09  2.6395368E-08  2.5661042E-09  1.0122534E+00
   ca47     47   0.0000000E+00  0.0000000E+00  0.0000000E+00  0.0000000E+00  0.0000000E+00  0.0000000E+00
   ca48     48  -7.4899731E-10  3.1743551E-07  3.1818450E-07  1.2487628E-07  1.2518078E-07 -1.0576933E-03
   sc45     45   2.1706825E-08  1.1349936E-07  9.1792536E-08  4.4649628E-08  3.6113200E-08  9.2151880E-02
   sc46     46   8.8271994E-41  8.8271994E-41  0.0000000E+00  3.4725577E-41  0.0000000E+00  0.0000000E+00
   sc47     47   0.0000000E+00  0.0000000E+00  0.0000000E+00  0.0000000E+00  0.0000000E+00  0.0000000E+00
   sc48     48  -1.3663871E-31  5.7757387E-29  5.7894026E-29  2.2721238E-29  2.2776783E-29  0.0000000E+00
   ti46     46   1.0142628E-08  5.7094610E-07  5.6080347E-07  2.2460507E-07  2.2063243E-07  7.7502220E-03
   ti47     47  -7.4760464E-10  5.1599170E-07  5.1673931E-07  2.0298650E-07  2.0329659E-07 -6.6295359E-04
   ti48     48  -8.2032329E-08  5.1470015E-06  5.2290338E-06  2.0247842E-06  2.0572168E-06 -6.9013052E-03
   ti49     49   8.9284867E-08  4.8101589E-07  3.9173102E-07  1.8922734E-07  1.5411560E-07  8.9137293E-02
   ti50     50   1.6923815E-07  5.5197546E-07  3.8273731E-07  2.1714219E-07  1.5057726E-07  1.5898480E-01
    v51     51  -1.4148100E-08  8.2933826E-07  8.4348636E-07  3.2625422E-07  3.3184605E-07 -7.3805037E-03
   cr52     52  -2.8166323E-07  3.4295364E-05  3.4577028E-05  1.3491488E-05  1.3603363E-05 -3.5864364E-03
   cr53     53  -2.4540896E-08  3.9715965E-06  3.9961374E-06  1.5623904E-06  1.5721682E-06 -2.7094539E-03
   cr54     54   1.9577362E-07  1.2092663E-06  1.0134927E-06  4.7571450E-07  3.9873032E-07  7.6667123E-02
   mn55     55   1.0617441E-06  3.1258754E-05  3.0197010E-05  1.2296913E-05  1.1880167E-05  1.4973549E-02
   fe54     54  -4.2430329E-06  1.9472292E-04  1.9896595E-04  7.6602249E-05  7.8277582E-05 -9.3958881E-03
   fe55     55   5.7013120E-20  5.7013120E-20  0.0000000E+00  2.2428450E-20  0.0000000E+00  0.0000000E+00
   fe56     56  -3.2275449E-05  3.2066971E-03  3.2389725E-03  1.2614859E-03  1.2742830E-03 -4.3835230E-03
   fe57     57   1.1288765E-05  8.7426859E-05  7.6138094E-05  3.4392942E-05  2.9954399E-05  6.0008716E-02
   fe58     58   9.0922240E-06  1.9402614E-05  1.0310390E-05  7.6328142E-06  4.0563341E-06  2.7455097E-01
   fe59     59   2.9490466E-39  2.9490466E-39  0.0000000E+00  1.1601280E-39  0.0000000E+00  0.0000000E+00
   fe60     60   6.7055190E-08  6.7055190E-08  0.0000000E+00  2.6378910E-08  0.0000000E+00  0.0000000E+00
   co59     59   2.0019270E-06  9.9533554E-06  7.9514284E-06  3.9155607E-06  3.1282668E-06  9.7490177E-02
   co60     60   1.3519066E-13  1.3519066E-13  0.0000000E+00  5.3182793E-14  0.0000000E+00  0.0000000E+00
   ni58     58  -2.5113550E-06  1.1125786E-04  1.1376922E-04  4.3767843E-05  4.4759308E-05 -9.7282277E-03
   ni59     59   1.4470173E-07  1.4470173E-07  0.0000000E+00  5.6924360E-08  0.0000000E+00  0.0000000E+00
   ni60     60   7.8972153E-07  4.6125067E-05  4.5335346E-05  1.8145187E-05  1.7835922E-05  7.4658939E-03
   ni61     61   7.9577944E-07  2.7993624E-06  2.0035829E-06  1.1012440E-06  7.8825360E-07  1.4521760E-01
   ni62     62   1.0437525E-06  7.5365333E-06  6.4927808E-06  2.9648045E-06  2.5544027E-06  6.4706676E-02
   ni63     63   5.0855025E-11  5.0855025E-11  0.0000000E+00  2.0005910E-11  0.0000000E+00  0.0000000E+00
   ni64     64   2.6453913E-06  4.3522964E-06  1.7069051E-06  1.7121544E-06  6.7153400E-07  4.0647492E-01
   cu63     63   3.6122640E-07  1.7700461E-06  1.4088197E-06  6.9632023E-07  5.5426062E-07  9.9095002E-02
   cu64     64   0.0000000E+00  0.0000000E+00  0.0000000E+00  0.0000000E+00  0.0000000E+00  0.0000000E+00
   cu65     65   6.5611357E-07  1.3039703E-06  6.4785672E-07  5.1297019E-07  2.5488109E-07  3.0375454E-01
   zn64     64   8.9823288E-08  2.5035613E-06  2.4137380E-06  9.8487851E-07  9.4961757E-07  1.5833896E-02
   zn65     65   4.2746146E-35  4.2746146E-35  0.0000000E+00  1.6815950E-35  0.0000000E+00  0.0000000E+00
   zn66     66   7.2205751E-07  2.1501126E-06  1.4280550E-06  8.4583496E-07  5.6182824E-07  1.7768206E-01
   zn67     67   1.6262223E-07  3.7565601E-07  2.1303379E-07  1.4777970E-07  8.3812175E-08  2.4630769E-01
   zn68     68   9.7890461E-07  1.9676938E-06  9.8878922E-07  7.7407310E-07  3.8901143E-07  2.9881963E-01
   zn69     69   0.0000000E+00  0.0000000E+00  0.0000000E+00  0.0000000E+00  0.0000000E+00  0.0000000E+00
   zn70     70   4.2384443E-09  3.7896505E-08  3.3658061E-08  1.4908146E-08  1.3241821E-08  5.1475920E-02
   ga69     69   1.5406147E-07  2.4471365E-07  9.0652172E-08  9.6268153E-08  3.5664559E-08  4.3124580E-01
   ga70     70   0.0000000E+00  0.0000000E+00  0.0000000E+00  0.0000000E+00  0.0000000E+00  0.0000000E+00
   ga71     71   1.7811513E-07  2.4002199E-07  6.1906853E-08  9.4422496E-08  2.4355515E-08  5.8847821E-01
   ge70     70   2.8154557E-07  3.8237567E-07  1.0083009E-07  1.5042316E-07  3.9668777E-08  5.7886589E-01
   ge71     71   0.0000000E+00  0.0000000E+00  0.0000000E+00  0.0000000E+00  0.0000000E+00  0.0000000E+00
   ge72     72   3.4329508E-07  4.8034860E-07  1.3705353E-07  1.8896483E-07  5.3919877E-08  5.4463208E-01
   ge73     73   1.0241342E-07  1.4141712E-07  3.9003702E-08  5.5632224E-08  1.5344913E-08  5.5936205E-01
   ge74     74   4.6776194E-07  6.5332631E-07  1.8556437E-07  2.5701272E-07  7.3005104E-08  5.4660141E-01
   as75     75   4.2832625E-08  7.0037949E-08  2.7205326E-08  2.7552300E-08  1.0703173E-08  4.1064534E-01
   se76     76   1.5784930E-07  1.8617251E-07  2.8323219E-08  7.3238596E-08  1.1142977E-08  8.1773877E-01
   se77     77   6.3445761E-08  8.6813394E-08  2.3367635E-08  3.4151611E-08  9.1933412E-09  5.6993783E-01
   se78     78   4.4301680E-07  5.1675960E-07  7.3742783E-08  2.0328859E-07  2.9012032E-08  8.4553486E-01
   se79     79   5.0933270E-08  5.0933270E-08  0.0000000E+00  2.0036691E-08  0.0000000E+00  0.0000000E+00
   se80     80   5.9644577E-07  7.5429995E-07  1.5785417E-07  2.9673484E-07  6.2103297E-08  6.7925388E-01
   br79     79   4.8255018E-08  7.3498398E-08  2.5243379E-08  2.8913609E-08  9.9313002E-09  4.6409619E-01
   br80     80   0.0000000E+00  0.0000000E+00  0.0000000E+00  0.0000000E+00  0.0000000E+00  0.0000000E+00
   br81     81   8.0898786E-08  1.0607727E-07  2.5178478E-08  4.1729844E-08  9.9057660E-09  6.2455869E-01
   kr80     80   9.9242081E-10  7.0082655E-09  6.0158447E-09  2.7569886E-09  2.3667655E-09  6.6279739E-02
   kr81     81   2.1883875E-10  2.1883875E-10  0.0000000E+00  8.6089198E-11  0.0000000E+00  0.0000000E+00
   kr82     82   3.4018774E-07  3.7108458E-07  3.0896842E-08  1.4598135E-07  1.2155497E-08  1.0795246E+00
   kr83     83   1.2044582E-07  1.5142838E-07  3.0982559E-08  5.9570567E-08  1.2189219E-08  6.8905580E-01
   kr84     84   8.3296982E-07  9.8749911E-07  1.5452930E-07  3.8847330E-07  6.0795223E-08  8.0549169E-01
   kr-5     85   6.4935600E-15  6.4935600E-15  0.0000000E+00  2.5545082E-15  0.0000000E+00  0.0000000E+00
   kr*5     85   0.0000000E+00  0.0000000E+00  0.0000000E+00  0.0000000E+00  0.0000000E+00  0.0000000E+00
   kr86     86   2.7782261E-07  3.2566697E-07  4.7844374E-08  1.2811446E-07  1.8823028E-08  8.3290869E-01
   rb85     85   1.7564624E-07  2.0072670E-07  2.5080462E-08  7.8964085E-08  9.8672048E-09  9.0323544E-01
   rb86     86   0.0000000E+00  0.0000000E+00  0.0000000E+00  0.0000000E+00  0.0000000E+00  0.0000000E+00
   rb87     87   6.2685089E-08  7.3249360E-08  1.0564273E-08  2.8815641E-08  4.1562171E-09  8.4093010E-01
   sr86     86   2.7702507E-07  2.8872850E-07  1.1703426E-08  1.1358320E-07  4.6043849E-09  1.3921425E+00
   sr87     87   1.9498241E-07  2.0325642E-07  8.2740179E-09  7.9959250E-08  3.2551806E-09  1.3902936E+00
   sr88     88   3.0515648E-06  3.1519030E-06  1.0033821E-07  1.2399304E-06  3.9475257E-08  1.4970723E+00
   sr89     89   1.0075336E-42  1.0075336E-42  0.0000000E+00  3.9656747E-43  0.0000000E+00  0.0000000E+00
   sr90     90   7.0786089E-14  7.0786089E-14  0.0000000E+00  2.7846611E-14  0.0000000E+00  0.0000000E+00
    y89     89   7.9506361E-07  8.1899702E-07  2.3933421E-08  3.2218608E-07  9.4159329E-09  1.5342435E+00
    y90     90   1.7901252E-17  1.7901252E-17  0.0000000E+00  7.0421922E-18  0.0000000E+00  0.0000000E+00
    y91     91   0.0000000E+00  0.0000000E+00  0.0000000E+00  0.0000000E+00  0.0000000E+00  0.0000000E+00
   zr90     90   8.3097734E-07  8.5950234E-07  2.8524997E-08  3.3812051E-07  1.1222361E-08  1.4789873E+00
   zr91     91   2.1316414E-07  2.1945378E-07  6.2896333E-09  8.6331148E-08  2.4744802E-09  1.5426835E+00
   zr92     92   3.1609517E-07  3.2581471E-07  9.7195496E-09  1.2817259E-07  3.8238848E-09  1.5252904E+00
   zr93     93   9.2659818E-08  9.2659818E-08  0.0000000E+00  3.6451539E-08  0.0000000E+00  0.0000000E+00
   zr94     94   3.9645079E-07  4.0651491E-07  1.0064138E-08  1.5991932E-07  3.9594532E-09  1.6062658E+00
   zr95     95   7.3899857E-40  7.3899857E-40  0.0000000E+00  2.9071478E-40  0.0000000E+00  0.0000000E+00
   zr96     96   1.2020530E-08  1.3676408E-08  1.6558770E-09  5.3801759E-09  6.5145839E-10  9.1690981E-01
   nb93     93   1.6906382E-08  2.1252365E-08  4.3459831E-09  8.3604901E-09  1.7098053E-09  6.8928510E-01
   nb94     94   3.0567194E-12  3.0567194E-12  0.0000000E+00  1.2024859E-12  0.0000000E+00  0.0000000E+00
   nb95     95   8.3451107E-40  8.3451107E-40  0.0000000E+00  3.2828920E-40  0.0000000E+00  0.0000000E+00
   mo94     94   2.0911173E-10  1.5711660E-09  1.3620542E-09  6.1808259E-10  5.3586208E-10  6.1993483E-02
   mo95     95   5.7097111E-08  5.9479550E-08  2.3824387E-09  2.3398721E-08  9.3730379E-10  1.3973118E+00
   mo96     96   9.0738624E-08  9.3272881E-08  2.5342539E-09  3.6692715E-08  9.9703124E-10  1.5658711E+00
   mo97     97   2.7645230E-08  2.9119553E-08  1.4743226E-09  1.1455371E-08  5.8003086E-10  1.2955581E+00
   mo98     98   1.0012567E-07  1.0391062E-07  3.7849444E-09  4.0877502E-08  1.4890802E-09  1.4385662E+00
   tc99     99   4.4639732E-09  4.4639732E-09  0.0000000E+00  1.7560869E-09  0.0000000E+00  0.0000000E+00
   ru99     99   8.3035454E-09  9.6250883E-09  1.3215430E-09  3.7864232E-09  5.1992405E-10  8.6228925E-01
  ru100    100   5.0300045E-08  5.1618191E-08  1.3181450E-09  2.0306132E-08  5.1858728E-10  1.5928053E+00
  ru101    101   1.0777261E-08  1.2579852E-08  1.8025910E-09  4.9488009E-09  7.0917894E-10  8.4374416E-01
  ru102    102   6.9799221E-08  7.3165808E-08  3.3665837E-09  2.8782772E-08  1.3244881E-09  1.3370845E+00
  rh103    103   1.1533867E-08  1.3683843E-08  2.1499762E-09  5.3831011E-09  8.4584784E-10  8.0374026E-01
  pd104    104   3.8319293E-08  3.9260136E-08  9.4084507E-10  1.5444586E-08  3.7014913E-10  1.6203995E+00
  pd105    105   9.5574659E-09  1.1461491E-08  1.9040258E-09  4.5088480E-09  7.4908568E-10  7.7953410E-01
  pd106    106   4.4393175E-08  4.6745736E-08  2.3525624E-09  1.8389352E-08  9.2554975E-10  1.2981666E+00
  pd107    107   8.3485832E-09  8.3485832E-09  0.0000000E+00  3.2842578E-09  0.0000000E+00  0.0000000E+00
  pd108    108   5.5947698E-08  5.8268348E-08  2.3206519E-09  2.2922245E-08  9.1299551E-10  1.3997885E+00
  ag107    107   3.0478009E-10  1.9030060E-09  1.5982259E-09  7.4862544E-10  6.2877720E-10  7.5767800E-02
  ag108    108   0.0000000E+00  0.0000000E+00  0.0000000E+00  0.0000000E+00  0.0000000E+00  0.0000000E+00
  ag109    109   1.3803032E-08  1.5315596E-08  1.5125642E-09  6.0250178E-09  5.9507599E-10  1.0053859E+00
  cd108    108   1.4839283E-11  1.0445973E-10  8.9620450E-11  4.1093521E-11  3.5258654E-11  6.6507630E-02
  cd109    109   8.4048645E-32  8.4048645E-32  0.0000000E+00  3.3063982E-32  0.0000000E+00  0.0000000E+00
  cd110    110   4.8113826E-08  4.9394835E-08  1.2810073E-09  1.9431484E-08  5.0397642E-10  1.5860958E+00
  cd111    111   1.5725597E-08  1.7050322E-08  1.3247252E-09  6.7074435E-09  5.2117599E-10  1.1095726E+00
  cd112    112   5.9807540E-08  6.2327366E-08  2.5198239E-09  2.4519027E-08  9.9135400E-10  1.3932744E+00
  cd113    113   1.7377142E-08  1.8664627E-08  1.2874862E-09  7.3424968E-09  5.0652538E-10  1.1612426E+00
  cd114    114   8.4281027E-08  8.7334776E-08  3.0537510E-09  3.4356717E-08  1.2014127E-09  1.4563195E+00
  in115    115   1.5968116E-08  1.7119584E-08  1.1514685E-09  6.7346906E-09  4.5301299E-10  1.1722070E+00
  sn116    116   1.1464453E-07  1.1824709E-07  3.6025642E-09  4.6517346E-08  1.4173279E-09  1.5161446E+00
  sn117    117   3.3119406E-08  3.5038703E-08  1.9192985E-09  1.3783911E-08  7.5509421E-10  1.2613714E+00
  sn118    118   1.5189835E-07  1.5775086E-07  5.8525083E-09  6.2057772E-08  2.3025055E-09  1.4305955E+00
  sn119    119   4.3348088E-08  4.5531507E-08  2.1834192E-09  1.7911686E-08  8.5900514E-10  1.3191407E+00
  sn120    120   2.2606359E-07  2.3441433E-07  8.3507423E-09  9.2216496E-08  3.2853658E-09  1.4482249E+00
  sb121    121   1.6066116E-08  1.7353919E-08  1.2878029E-09  6.8268760E-09  5.0664994E-10  1.1295140E+00
  te122    122   2.8422482E-08  2.9278512E-08  8.5602997E-10  1.1517904E-08  3.3678099E-10  1.5340259E+00
  te123    123   1.0433008E-08  1.0734232E-08  3.0122391E-10  4.2227506E-09  1.1850811E-10  1.5518473E+00
  te124    124   5.4694638E-08  5.6311965E-08  1.6173262E-09  2.2152621E-08  6.3629169E-10  1.5417689E+00
  te125    125   1.8263506E-08  2.0695289E-08  2.4317832E-09  8.1413409E-09  9.5671704E-10  9.2991245E-01
  te126    126   1.0059527E-07  1.0712729E-07  6.5320225E-09  4.2142915E-08  2.5698412E-09  1.2148182E+00
   i127    127   1.2824284E-08  2.1016353E-08  8.1920692E-09  8.2676443E-09  3.2229404E-09  4.0912953E-01
   i128    128   0.0000000E+00  0.0000000E+00  0.0000000E+00  0.0000000E+00  0.0000000E+00  0.0000000E+00
   i129    129   2.9338261E-11  2.9338261E-11  0.0000000E+00  1.1541408E-11  0.0000000E+00  0.0000000E+00
  xe128    128   3.1673206E-08  3.2558031E-08  8.8482582E-10  1.2808037E-08  3.4810993E-10  1.5657662E+00
  xe129    129   1.1890100E-08  2.2997984E-08  1.1107884E-08  9.0472003E-09  4.3700856E-09  3.1602424E-01
  xe130    130   6.4320815E-08  6.6118083E-08  1.7972693E-09  2.6010261E-08  7.0708528E-10  1.5656729E+00
  xe131    131   2.4189884E-08  3.3167957E-08  8.9780725E-09  1.3047977E-08  3.5321712E-09  5.6750143E-01
  xe132    132   1.2105315E-07  1.3211042E-07  1.1057264E-08  5.1971050E-08  4.3501704E-09  1.0772552E+00
  xe133    133   0.0000000E+00  0.0000000E+00  0.0000000E+00  0.0000000E+00  0.0000000E+00  0.0000000E+00
  xe134    134   4.6091282E-09  8.7536849E-09  4.1445567E-09  3.4436209E-09  1.6305596E-09  3.2467866E-01
  cs133    133   1.6169157E-08  1.9076174E-08  2.9070168E-09  7.5043953E-09  1.1436843E-09  8.1700957E-01
  cs134    134   1.6623476E-25  1.6623476E-25  0.0000000E+00  6.5395262E-26  0.0000000E+00  0.0000000E+00
  cs135    135   8.8137755E-09  8.8137755E-09  0.0000000E+00  3.4672603E-09  0.0000000E+00  0.0000000E+00
  cs136    136   0.0000000E+00  0.0000000E+00  0.0000000E+00  0.0000000E+00  0.0000000E+00  0.0000000E+00
  cs137    137   2.6837737E-14  2.6837737E-14  0.0000000E+00  1.0557725E-14  0.0000000E+00  0.0000000E+00
  ba134    134   3.9798675E-08  4.0689869E-08  8.9119362E-10  1.6007029E-08  3.5061518E-10  1.6594800E+00
  ba135    135   1.4234464E-08  1.6683218E-08  2.4487539E-09  6.5630283E-09  9.6339359E-10  8.3330053E-01
  ba136    136   1.1324003E-07  1.1617920E-07  2.9391680E-09  4.5703853E-08  1.1563334E-09  1.5968697E+00
  ba137    137   8.9774026E-08  9.4008236E-08  4.2342112E-09  3.6981994E-08  1.6658319E-09  1.3463591E+00
  ba138    138   8.1321537E-07  8.4044137E-07  2.7225987E-08  3.3062210E-07  1.0711301E-08  1.4894897E+00
  la139    139   8.9705487E-08  9.3439873E-08  3.7343839E-09  3.6758408E-08  1.4691887E-09  1.3982792E+00
  ce140    140   2.2720972E-07  2.3576860E-07  8.5588709E-09  9.2749247E-08  3.3672480E-09  1.4400353E+00
  ce141    141   0.0000000E+00  0.0000000E+00  0.0000000E+00  0.0000000E+00  0.0000000E+00  0.0000000E+00
  ce142    142   2.7784073E-09  3.8692423E-09  1.0908351E-09  1.5221252E-09  4.2915851E-10  5.4983270E-01
  pr141    141   2.0331564E-08  2.1806644E-08  1.4750792E-09  8.5785379E-09  5.8032856E-10  1.1697394E+00
  nd142    142   5.6861040E-08  5.8828721E-08  1.9676818E-09  2.3142691E-08  7.7412932E-10  1.4756004E+00
  nd143    143   7.9785476E-09  8.8594980E-09  8.8095037E-10  3.4852470E-09  3.4658523E-10  1.0024235E+00
  nd144    144   2.4488344E-08  2.6239146E-08  1.7508016E-09  1.0322244E-08  6.8880385E-10  1.1756786E+00
  nd145    145   4.5385522E-09  5.1896212E-09  6.5106892E-10  2.0415505E-09  2.5614483E-10  9.0147454E-01
  nd146    146   2.2696124E-08  2.3977597E-08  1.2814734E-09  9.4325712E-09  5.0415977E-10  1.2720619E+00
  nd147    147   0.0000000E+00  0.0000000E+00  0.0000000E+00  0.0000000E+00  0.0000000E+00  0.0000000E+00
  nd148    148   2.0802626E-09  2.5137232E-09  4.3346060E-10  9.8887620E-10  1.7053293E-10  7.6333368E-01
  pm147    147   5.5539146E-23  5.5539146E-23  0.0000000E+00  2.1848601E-23  0.0000000E+00  0.0000000E+00
  pm148    148   0.0000000E+00  0.0000000E+00  0.0000000E+00  0.0000000E+00  0.0000000E+00  0.0000000E+00
  sm147    147   2.6551281E-09  3.0040401E-09  3.4891193E-10  1.1817625E-09  1.3726963E-10  9.3495578E-01
  sm148    148   6.1056338E-09  6.3690386E-09  2.6340488E-10  2.5055227E-09  1.0362927E-10  1.3834159E+00
  sm149    149   9.7298236E-10  1.2990381E-09  3.2605574E-10  5.1102994E-10  1.2827750E-10  6.0029590E-01
  sm150    150   4.7857247E-09  4.9610098E-09  1.7528509E-10  1.9516166E-09  6.8961011E-11  1.4517909E+00
  sm151    151   5.7934648E-14  5.7934648E-14  0.0000000E+00  2.2790970E-14  0.0000000E+00  0.0000000E+00
  sm152    152   4.1404720E-09  4.7843063E-09  6.4383421E-10  1.8821031E-09  2.5329852E-10  8.7101078E-01
  eu151    151   6.9368028E-10  1.1183908E-09  4.2471054E-10  4.3996490E-10  1.6709047E-10  4.2046636E-01
  eu152    152   3.7612823E-19  3.7612823E-19  0.0000000E+00  1.4796547E-19  0.0000000E+00  0.0000000E+00
  eu153    153   7.7513468E-10  1.2448960E-09  4.6976129E-10  4.8973092E-10  1.8481443E-10  4.2322168E-01
  eu154    154   2.7374206E-19  2.7374206E-19  0.0000000E+00  1.0768767E-19  0.0000000E+00  0.0000000E+00
  eu155    155   8.0441239E-21  8.0441239E-21  0.0000000E+00  3.1644861E-21  0.0000000E+00  0.0000000E+00
  gd152    152   4.0422145E-12  1.0243387E-11  6.2011724E-12  4.0296564E-12  2.4396776E-12  2.1793561E-01
  gd153    153   0.0000000E+00  0.0000000E+00  0.0000000E+00  0.0000000E+00  0.0000000E+00  0.0000000E+00
  gd154    154   1.8094649E-09  1.8779476E-09  6.8482706E-11  7.3876771E-10  2.6942601E-11  1.4380684E+00
  gd155    155   7.1382761E-10  1.1817729E-09  4.6794529E-10  4.6489884E-10  1.8409997E-10  4.0230474E-01
  gd156    156   2.9389340E-09  3.5903158E-09  6.5138178E-10  1.4123980E-09  2.5626790E-10  7.4126291E-01
  gd157    157   1.3960277E-09  1.8972213E-09  5.0119353E-10  7.4634982E-10  1.9718054E-10  5.7807839E-01
  gd158    158   5.7529923E-09  6.5535772E-09  8.0058493E-10  2.5781184E-09  3.1496772E-10  9.1303682E-01
  gd159    159   0.0000000E+00  0.0000000E+00  0.0000000E+00  0.0000000E+00  0.0000000E+00  0.0000000E+00
  gd160    160   2.5612684E-10  9.6958719E-10  7.1346035E-10  3.8142689E-10  2.8069097E-10  1.3318287E-01
  tb159    159   1.2227725E-09  1.8267187E-09  6.0394606E-10  7.1861472E-10  2.3760566E-10  4.8063934E-01
  tb160    160   7.4233786E-41  7.4233786E-41  0.0000000E+00  2.9203060E-41  0.0000000E+00  0.0000000E+00
  tb161    161   0.0000000E+00  0.0000000E+00  0.0000000E+00  0.0000000E+00  0.0000000E+00  0.0000000E+00
  dy160    160   2.0803546E-09  2.1717419E-09  9.1387321E-11  8.5434376E-10  3.5953782E-11  1.3758881E+00
  dy161    161   9.4200137E-10  1.6878242E-09  7.4582279E-10  6.6397488E-10  2.9342309E-10  3.5465738E-01
  dy162    162   4.3108064E-09  5.3229270E-09  1.0121205E-09  2.0939916E-09  3.9819045E-10  7.2088408E-01
  dy163    163   1.8415451E-09  2.8367582E-09  9.9521302E-10  1.1159552E-09  3.9153866E-10  4.5487213E-01
  dy164    164   9.0386036E-09  1.0175204E-08  1.1366004E-09  4.0028336E-09  4.4716358E-10  9.5190108E-01
  ho165    165   1.6630316E-09  2.5483120E-09  8.8528040E-10  1.0024831E-09  3.4828876E-10  4.5913762E-01
  er166    166   3.7896273E-09  4.6306217E-09  8.4099439E-10  1.8216449E-09  3.3086567E-10  7.4081206E-01
  er167    167   1.5279468E-09  2.1054545E-09  5.7750771E-10  8.2826690E-10  2.2720421E-10  5.6175393E-01
  er168    168   5.9012688E-09  6.5866188E-09  6.8535005E-10  2.5911167E-09  2.6963179E-10  9.8271585E-01
  er169    169   0.0000000E+00  0.0000000E+00  0.0000000E+00  0.0000000E+00  0.0000000E+00  0.0000000E+00
  er170    170   1.6838830E-09  2.0671684E-09  3.8328540E-10  8.1320550E-10  1.5079291E-10  7.3181939E-01
  tm169    169   1.4510737E-09  1.8560991E-09  4.0502535E-10  7.3017270E-10  1.5934587E-10  6.6108477E-01
  tm170    170   1.5129525E-39  1.5129525E-39  0.0000000E+00  5.9518190E-40  0.0000000E+00  0.0000000E+00
  tm171    171   4.2612555E-25  4.2612555E-25  0.0000000E+00  1.6763397E-25  0.0000000E+00  0.0000000E+00
  yb170    170   1.9563184E-09  2.0329227E-09  7.6604383E-11  7.9973356E-10  3.0137847E-11  1.4238331E+00
  yb171    171   2.5853029E-09  2.9496410E-09  3.6433820E-10  1.1603623E-09  1.4333865E-10  9.0823025E-01
  yb172    172   6.5730790E-09  7.1372370E-09  5.6415800E-10  2.8077249E-09  2.2195215E-10  1.1020952E+00
  yb173    173   2.8763818E-09  3.2975618E-09  4.2117992E-10  1.2972312E-09  1.6570142E-10  8.9369112E-01
  yb174    174   1.3063855E-08  1.3906600E-08  8.4274526E-10  5.4707319E-09  3.3155453E-10  1.2174904E+00
  lu175    175   1.7047692E-09  2.0851412E-09  3.8037201E-10  8.2027579E-10  1.4964671E-10  7.3889267E-01
  lu176    176   1.2904877E-09  1.3015905E-09  1.1102771E-11  5.1203403E-10  4.3680740E-12  2.0690088E+00
  lu177    177   0.0000000E+00  0.0000000E+00  0.0000000E+00  0.0000000E+00  0.0000000E+00  0.0000000E+00
  hf176    176  -3.7667786E-12  8.1664273E-11  8.5431051E-11  3.2125993E-11  3.3610455E-11 -1.9617837E-02
  hf177    177   1.3879763E-09  1.6950373E-09  3.0706102E-10  6.6681249E-10  1.2080456E-10  7.4192041E-01
  hf178    178   6.6348131E-09  7.0878339E-09  4.5302057E-10  2.7882903E-09  1.7822825E-10  1.1943614E+00
  hf179    179   2.3280147E-09  2.5554792E-09  2.2746438E-10  1.0053025E-09  8.9489492E-11  1.0505247E+00
  hf180    180   1.3250806E-08  1.3839877E-08  5.8907135E-10  5.4444831E-09  2.3175362E-10  1.3709301E+00
  hf181    181   0.0000000E+00  0.0000000E+00  0.0000000E+00  0.0000000E+00  0.0000000E+00  0.0000000E+00
  hf182    182   2.7664138E-09  2.7664138E-09  0.0000000E+00  1.0882824E-09  0.0000000E+00  0.0000000E+00
  ta181    181   3.2915699E-09  3.5411565E-09  2.4958666E-10  1.3930591E-09  9.8192877E-11  1.1518896E+00
  ta182    182   2.5381668E-17  2.5381668E-17  0.0000000E+00  9.9849203E-18  0.0000000E+00  0.0000000E+00
  ta183    183   0.0000000E+00  0.0000000E+00  0.0000000E+00  0.0000000E+00  0.0000000E+00  0.0000000E+00
   w182    182   5.8772405E-09  6.2689054E-09  3.9166487E-10  2.4661311E-09  1.5408956E-10  1.2042429E+00
   w183    183   3.6792147E-09  3.8918766E-09  2.1266193E-10  1.5310293E-09  8.3665880E-11  1.2624352E+00
   w184    184   8.7830054E-09  9.2408321E-09  4.5782628E-10  3.6352603E-09  1.8011892E-10  1.3049762E+00
   w185    185   9.3179341E-41  9.3179341E-41  0.0000000E+00  3.6656567E-41  0.0000000E+00  0.0000000E+00
   w186    186   3.6150738E-09  4.0444963E-09  4.2942253E-10  1.5910685E-09  1.6894426E-10  9.7394544E-01
  re185    185   1.7017227E-09  1.9199808E-09  2.1825820E-10  7.5530321E-10  8.5867577E-11  9.4429213E-01
  re186    186   0.0000000E+00  0.0000000E+00  0.0000000E+00  0.0000000E+00  0.0000000E+00  0.0000000E+00
  re187    187   7.7168905E-10  1.1697087E-09  3.9801962E-10  4.6015289E-10  1.5658967E-10  4.6813905E-01
  os186    186   3.3913372E-09  3.5123082E-09  1.2097096E-10  1.3817105E-09  4.7592631E-11  1.4628773E+00
  os187    187   9.2655689E-10  1.0232913E-09  9.6734433E-11  4.0255363E-10  3.8057453E-11  1.0243840E+00
  os188    188   6.6710197E-09  7.6915034E-09  1.0204837E-09  3.0257683E-09  4.0148071E-10  8.7717098E-01
  os189    189   1.3243151E-09  2.5751494E-09  1.2508343E-09  1.0130407E-09  4.9210569E-10  3.1356847E-01
  os190    190   6.9387953E-09  8.9837071E-09  2.0449116E-09  3.5341097E-09  8.0451312E-10  6.4274687E-01
  os191    191   0.0000000E+00  0.0000000E+00  0.0000000E+00  0.0000000E+00  0.0000000E+00  0.0000000E+00
  os192    192   1.6269119E-09  4.8363002E-09  3.2093883E-09  1.9025570E-09  1.2626439E-09  1.7805679E-01
  ir191    191   1.2408985E-09  3.9469796E-09  2.7060811E-09  1.5527063E-09  1.0646317E-09  1.6388990E-01
  ir192    192   3.7269354E-40  3.7269354E-40  0.0000000E+00  1.4661365E-40  0.0000000E+00  0.0000000E+00
  ir193    193   1.4834569E-09  6.0799081E-09  4.5964512E-09  2.3917812E-09  1.8083449E-09  1.2144019E-01
  pt192    192   1.8309479E-09  1.9447357E-09  1.1378771E-10  7.6504159E-10  4.4766586E-11  1.2327311E+00
  pt193    193   8.0370933E-15  8.0370933E-15  0.0000000E+00  3.1617203E-15  0.0000000E+00  0.0000000E+00
  pt194    194   5.5688334E-09  1.0415881E-08  4.8470481E-09  4.0975143E-09  1.9069353E-09  3.3218449E-01
  pt195    195   2.1507094E-09  7.1507400E-09  5.0000306E-09  2.8130369E-09  1.9671220E-09  1.5534413E-01
  pt196    196   1.0242044E-08  1.3991574E-08  3.7495305E-09  5.5041598E-09  1.4751477E-09  5.7185555E-01
  au197    197   3.2995136E-09  5.5592881E-09  2.2597746E-09  2.1869739E-09  8.8904500E-10  3.9091986E-01
  hg198    198   1.1472375E-08  1.2003216E-08  5.3084115E-10  4.7219575E-09  2.0884458E-10  1.3542988E+00
  hg199    199   4.9321178E-09  5.8348579E-09  9.0273988E-10  2.2953808E-09  3.5515768E-10  8.1043351E-01
  hg200    200   1.6165053E-08  1.7407368E-08  1.2423143E-09  6.8479022E-09  4.8875376E-10  1.1464674E+00
  hg201    201   6.5709376E-09  7.2832864E-09  7.1234879E-10  2.8651794E-09  2.8025368E-10  1.0096005E+00
  hg202    202   2.6455252E-08  2.8077176E-08  1.6219237E-09  1.1045309E-08  6.3810046E-10  1.2382888E+00
  tl203    203   1.2792901E-08  1.3434493E-08  6.4159156E-10  5.2850089E-09  2.5241623E-10  1.3209285E+00
  tl204    204   2.3011593E-20  2.3011593E-20  0.0000000E+00  9.0525540E-21  0.0000000E+00  0.0000000E+00
  tl205    205   7.8610860E-09  9.4077519E-09  1.5466655E-09  3.7009251E-09  6.0849220E-10  7.8405529E-01
  pb204    204   1.4412561E-08  1.5224657E-08  8.1209628E-10  5.9892433E-09  3.1949654E-10  1.2729058E+00
  pb205    205   8.3094847E-09  8.3094847E-09  0.0000000E+00  3.2688767E-09  0.0000000E+00  0.0000000E+00
  pb206    206   9.8377164E-08  1.0600765E-07  7.6304927E-09  4.1702460E-08  3.0020035E-09  1.1427505E+00
  pb207    207   1.2473897E-07  1.3322398E-07  8.4849967E-09  5.2409117E-08  3.3381844E-09  1.1958965E+00
  pb208    208   2.4877954E-07  2.7318353E-07  2.4403986E-08  1.0746795E-07  9.6010648E-09  1.0489595E+00
  bi209    209   2.2039375E-09  3.9011869E-09  1.6972493E-09  1.5346919E-09  6.6773526E-10  3.6141691E-01
  bi210    210   0.0000000E+00  0.0000000E+00  0.0000000E+00  0.0000000E+00  0.0000000E+00  0.0000000E+00
  po210    210   1.7487942E-09  1.7487942E-09  0.0000000E+00  6.8795997E-10  0.0000000E+00  0.0000000E+00
