  species    A      yield       mass(i)_lost    mass(i)_0        <X(i)>          X0(i)   log10(<X(i)>/X0(i)) 
      n      1   0.0000000E+00  0.0000000E+00  0.0000000E+00  0.0000000E+00  0.0000000E+00  0.0000000E+00
      p      1  -1.1047876E-01  1.9956259E+00  2.1061046E+00  6.6877544E-01  7.0584649E-01 -2.3429940E-02
      d      2   1.7036379E-17  1.7036379E-17  0.0000000E+00  5.7092424E-18  0.0000000E+00  0.0000000E+00
    he3      3   2.0621742E-04  2.0621742E-04  0.0000000E+00  6.9107715E-05  0.0000000E+00  0.0000000E+00
    he4      4   8.5414946E-02  9.2069733E-01  8.3528239E-01  3.0854470E-01  2.7993914E-01  4.2254452E-02
    li7      7  -2.6968658E-08  1.7802107E-10  2.7146680E-08  5.9658535E-11  9.0980219E-09 -2.1832745E+00
    be7      7   4.7994300E-16  4.7994300E-16  0.0000000E+00  1.6083881E-16  0.0000000E+00  0.0000000E+00
     b8      8   1.9298350E-27  1.9298350E-27  0.0000000E+00  6.4672756E-28  0.0000000E+00  0.0000000E+00
    c12     12   1.7726302E-02  2.5200527E-02  7.4742259E-03  8.4452173E-03  2.5049355E-03  5.2781427E-01
    c13     13   1.5225520E-04  2.4282816E-04  9.0572954E-05  8.1376733E-05  3.0354900E-05  4.2827144E-01
    c14     14   7.3883157E-08  7.3883157E-08  0.0000000E+00  2.4759771E-08  0.0000000E+00  0.0000000E+00
    n13     13   0.0000000E+00  0.0000000E+00  0.0000000E+00  0.0000000E+00  0.0000000E+00  0.0000000E+00
    n14     14   4.1937716E-03  6.4035943E-03  2.2098229E-03  2.1459768E-03  7.4060698E-04  4.6203721E-01
    n15     15  -3.0583888E-06  2.3846696E-06  5.4430584E-06  7.9915202E-07  1.8242035E-06 -3.5844392E-01
    o14     14   0.0000000E+00  0.0000000E+00  0.0000000E+00  0.0000000E+00  0.0000000E+00  0.0000000E+00
    o15     15   0.0000000E+00  0.0000000E+00  0.0000000E+00  0.0000000E+00  0.0000000E+00  0.0000000E+00
    o16     16  -1.0807756E-03  1.6967529E-02  1.8048305E-02  5.6861695E-03  6.0487650E-03 -2.6846925E-02
    o17     17   3.9657989E-05  4.6943500E-05  7.2855114E-06  1.5731735E-05  2.4416890E-06  8.0908632E-01
    o18     18  -1.4524092E-05  2.6084592E-05  4.0608684E-05  8.7414855E-06  1.3609721E-05 -1.9226401E-01
    o19     19   0.0000000E+00  0.0000000E+00  0.0000000E+00  0.0000000E+00  0.0000000E+00  0.0000000E+00
    f17     17   0.0000000E+00  0.0000000E+00  0.0000000E+00  0.0000000E+00  0.0000000E+00  0.0000000E+00
    f18     18   0.0000000E+00  0.0000000E+00  0.0000000E+00  0.0000000E+00  0.0000000E+00  0.0000000E+00
    f19     19   5.6208009E-06  6.7902201E-06  1.1694192E-06  2.2755430E-06  3.9192281E-07  7.6388448E-01
    f20     20   0.0000000E+00  0.0000000E+00  0.0000000E+00  0.0000000E+00  0.0000000E+00  0.0000000E+00
   ne19     19   0.0000000E+00  0.0000000E+00  0.0000000E+00  0.0000000E+00  0.0000000E+00  0.0000000E+00
   ne20     20   1.5398255E-05  3.7176684E-03  3.7022701E-03  1.2458675E-03  1.2407904E-03  1.7734459E-03
   ne21     21   3.2752341E-06  1.2593854E-05  9.3186200E-06  4.2204606E-06  3.1230711E-06  1.3077798E-01
   ne22     22   3.5773376E-03  3.8767911E-03  2.9945350E-04  1.2991928E-03  1.0035978E-04  1.1121140E+00
   ne23     23   0.0000000E+00  0.0000000E+00  0.0000000E+00  0.0000000E+00  0.0000000E+00  0.0000000E+00
   na21     21   0.0000000E+00  0.0000000E+00  0.0000000E+00  0.0000000E+00  0.0000000E+00  0.0000000E+00
   na22     22   3.7489609E-17  3.7489609E-17  0.0000000E+00  1.2563542E-17  0.0000000E+00  0.0000000E+00
   na23     23   6.4210115E-05  1.6443236E-04  1.0022225E-04  5.5104680E-05  3.3588796E-05  2.1499406E-01
   na24     24   0.0000000E+00  0.0000000E+00  0.0000000E+00  0.0000000E+00  0.0000000E+00  0.0000000E+00
   mg23     23   0.0000000E+00  0.0000000E+00  0.0000000E+00  0.0000000E+00  0.0000000E+00  0.0000000E+00
   mg24     24  -3.2574986E-05  1.7334745E-03  1.7660495E-03  5.8092311E-04  5.9187930E-04 -8.1145093E-03
   mg25     25   1.0155099E-04  3.3444562E-04  2.3289463E-04  1.1207963E-04  7.8053032E-05  1.5713692E-01
   mg26     26   4.4523564E-05  3.1119701E-04  2.6667345E-04  1.0428854E-04  8.9373774E-05  6.7026511E-02
   mg27     27   0.0000000E+00  0.0000000E+00  0.0000000E+00  0.0000000E+00  0.0000000E+00  0.0000000E+00
   al25     25   0.0000000E+00  0.0000000E+00  0.0000000E+00  0.0000000E+00  0.0000000E+00  0.0000000E+00
   al-6     26   3.5618041E-07  3.5618041E-07  0.0000000E+00  1.1936341E-07  0.0000000E+00  0.0000000E+00
   al*6     26   0.0000000E+00  0.0000000E+00  0.0000000E+00  0.0000000E+00  0.0000000E+00  0.0000000E+00
   al27     27   2.8958355E-05  1.9901319E-04  1.7005483E-04  6.6693428E-05  5.6992707E-05  6.8263769E-02
   al28     28   0.0000000E+00  0.0000000E+00  0.0000000E+00  0.0000000E+00  0.0000000E+00  0.0000000E+00
   si27     27   0.0000000E+00  0.0000000E+00  0.0000000E+00  0.0000000E+00  0.0000000E+00  0.0000000E+00
   si28     28   5.0873496E-06  1.9605670E-03  1.9554796E-03  6.5702648E-04  6.5536553E-04  1.0992790E-03
   si29     29   1.9841245E-06  1.0482886E-04  1.0284474E-04  3.5130317E-05  3.4467706E-05  8.2696620E-03
   si30     30   4.1852836E-06  7.4316784E-05  7.0131500E-05  2.4905088E-05  2.3504090E-05  2.5144635E-02
    p31     31   1.9404742E-06  2.1465290E-05  1.9524816E-05  7.1934619E-06  6.5436075E-06  4.1120712E-02
    p32     32   7.0291751E-39  7.0291751E-39  0.0000000E+00  2.3556220E-39  0.0000000E+00  0.0000000E+00
    p33     33   1.3343645E-38  1.3343645E-38  0.0000000E+00  4.4717312E-39  0.0000000E+00  0.0000000E+00
    s32     32  -4.5703491E-06  9.3251147E-04  9.3708182E-04  3.1250383E-04  3.1405652E-04 -2.1524627E-03
    s33     33   4.4664557E-07  8.1832604E-06  7.7366149E-06  2.7423796E-06  2.5928732E-06  2.4346270E-02
    s34     34   1.1228076E-06  4.6116907E-05  4.4994100E-05  1.5454727E-05  1.5079462E-05  1.0675465E-02
    s35     35   1.3517354E-34  1.3517354E-34  0.0000000E+00  4.5299443E-35  0.0000000E+00  0.0000000E+00
    s36     36   1.2732463E-07  3.4942502E-07  2.2210040E-07  1.1709954E-07  7.4435420E-08  1.9677554E-01
   cl35     35  -9.5526957E-08  9.5172163E-06  9.6127433E-06  3.1894158E-06  3.2216446E-06 -4.3665012E-03
   cl36     36   1.3571729E-08  1.3571729E-08  0.0000000E+00  4.5481663E-09  0.0000000E+00  0.0000000E+00
   cl37     37   8.7157287E-07  4.1194044E-06  3.2478315E-06  1.3804975E-06  1.0884884E-06  1.0321181E-01
   ar36     36  -1.9961444E-06  1.7700726E-04  1.7900340E-04  5.9318787E-05  5.9991758E-05 -4.8993225E-03
   ar37     37   1.1088863E-33  1.1088863E-33  0.0000000E+00  3.7161071E-34  0.0000000E+00  0.0000000E+00
   ar38     38   8.0448444E-07  3.5159290E-05  3.4354805E-05  1.1782604E-05  1.1513776E-05  1.0023486E-02
   ar39     39   1.1087749E-10  1.1087749E-10  0.0000000E+00  3.7157336E-11  0.0000000E+00  0.0000000E+00
   ar40     40   1.4124340E-07  1.9908194E-07  5.7838530E-08  6.6716467E-08  1.9384185E-08  5.3678548E-01
    k39     39   9.8865712E-08  9.4182815E-06  9.3194158E-06  3.1562606E-06  3.1233380E-06  4.5538712E-03
    k40     40   4.0158138E-08  4.1666773E-08  1.5086367E-09  1.3963396E-08  5.0560922E-10  1.4411761E+00
    k41     41   8.6417742E-08  7.9345057E-07  7.0703283E-07  2.6590166E-07  2.3695719E-07  5.0051171E-02
   ca40     40  -1.3472745E-06  1.6000541E-04  1.6135268E-04  5.3621116E-05  5.4076245E-05 -3.6706713E-03
   ca41     41   2.1121275E-08  2.1121275E-08  0.0000000E+00  7.0781754E-09  0.0000000E+00  0.0000000E+00
   ca42     42   9.0964477E-08  1.2217406E-06  1.1307761E-06  4.0943050E-07  3.7897183E-07  3.3573262E-02
   ca43     43   2.1211264E-08  2.6276686E-07  2.4155560E-07  8.8058599E-08  8.0955701E-08  3.6524314E-02
   ca44     44   4.2359261E-08  3.8617236E-06  3.8193643E-06  1.2941433E-06  1.2800336E-06  4.7610034E-03
   ca45     45  -2.0517218E-29 -2.0517218E-29  0.0000000E+00 -6.8757429E-30  0.0000000E+00  0.0000000E+00
   ca46     46   4.6174279E-08  5.3831020E-08  7.6567410E-09  1.8039886E-08  2.5661042E-09  8.4695947E-01
   ca47     47   0.0000000E+00  0.0000000E+00  0.0000000E+00  0.0000000E+00  0.0000000E+00  0.0000000E+00
   ca48     48  -6.3960215E-10  3.7287481E-07  3.7351441E-07  1.2495805E-07  1.2518078E-07 -7.7341031E-04
   sc45     45   2.7240084E-08  1.3499465E-07  1.0775457E-07  4.5239496E-08  3.6113200E-08  9.7851783E-02
   sc46     46   1.2198644E-35  1.2198644E-35  0.0000000E+00  4.0880173E-36  0.0000000E+00  0.0000000E+00
   sc47     47   0.0000000E+00  0.0000000E+00  0.0000000E+00  0.0000000E+00  0.0000000E+00  0.0000000E+00
   sc48     48  -1.1538728E-31  6.7845980E-29  6.7961367E-29  2.2736589E-29  2.2776783E-29  0.0000000E+00
   ti46     46  -6.8780537E-10  6.5763521E-07  6.5832302E-07  2.2038714E-07  2.2063243E-07 -4.8309367E-04
   ti47     47  -5.0889071E-09  6.0150751E-07  6.0659642E-07  2.0157759E-07  2.0329659E-07 -3.6878490E-03
   ti48     48  -1.1522661E-07  6.0230968E-06  6.1383234E-06  2.0184641E-06  2.0572168E-06 -8.2590114E-03
   ti49     49   9.4735242E-08  5.5458537E-07  4.5985013E-07  1.8585301E-07  1.5411560E-07  8.1322998E-02
   ti50     50   1.4714919E-07  5.9644162E-07  4.4929243E-07  1.9987991E-07  1.5057726E-07  1.2300973E-01
    v51     51  -1.7283583E-08  9.7287864E-07  9.9016222E-07  3.2603171E-07  3.3184605E-07 -7.6768133E-03
   cr52     52  -3.7490827E-07  4.0214807E-05  4.0589715E-05  1.3476812E-05  1.3603363E-05 -4.0591145E-03
   cr53     53  -2.0860170E-08  4.6701753E-06  4.6910354E-06  1.5650721E-06  1.5721682E-06 -1.9646522E-03
   cr54     54   3.0544527E-07  1.4951768E-06  1.1897315E-06  5.0106462E-07  3.9873032E-07  9.9214494E-02
   mn55     55   6.1533501E-07  3.6063379E-05  3.5448043E-05  1.2085583E-05  1.1880167E-05  7.4450285E-03
   fe54     54  -5.3300464E-06  2.2823460E-04  2.3356464E-04  7.6486125E-05  7.8277582E-05 -1.0054755E-02
   fe55     55   6.5008263E-17  6.5008263E-17  0.0000000E+00  2.1785611E-17  0.0000000E+00  0.0000000E+00
   fe56     56  -4.3090666E-05  3.7591150E-03  3.8022057E-03  1.2597571E-03  1.2742830E-03 -4.9790991E-03
   fe57     57   1.4639365E-05  1.0401729E-04  8.9377929E-05  3.4858342E-05  2.9954399E-05  6.5846100E-02
   fe58     58   1.9142888E-05  3.1246178E-05  1.2103290E-05  1.0471239E-05  4.0563341E-06  4.1186434E-01
   fe59     59   2.7530741E-34  2.7530741E-34  0.0000000E+00  9.2261200E-35  0.0000000E+00  0.0000000E+00
   fe60     60   7.8894914E-07  7.8894914E-07  0.0000000E+00  2.6439315E-07  0.0000000E+00  0.0000000E+00
   co59     59   4.1406629E-06  1.3474785E-05  9.3341223E-06  4.5156789E-06  3.1282668E-06  1.5941928E-01
   co60     60   1.5936368E-12  1.5936368E-12  0.0000000E+00  5.3406059E-13  0.0000000E+00  0.0000000E+00
   ni58     58  -3.2231765E-06  1.3032964E-04  1.3355282E-04  4.3676155E-05  4.4759308E-05 -1.0638984E-02
   ni59     59   1.2585598E-07  1.2585598E-07  0.0000000E+00  4.2176936E-08  0.0000000E+00  0.0000000E+00
   ni60     60   1.1941775E-06  5.4412998E-05  5.3218821E-05  1.8234919E-05  1.7835922E-05  9.6082920E-03
   ni61     61   1.1491827E-06  3.5011738E-06  2.3519910E-06  1.1733156E-06  7.8825360E-07  1.7274888E-01
   ni62     62   1.7881639E-06  9.4099905E-06  7.6218266E-06  3.1534821E-06  2.5544027E-06  9.1501012E-02
   ni63     63   1.6015356E-10  1.6015356E-10  0.0000000E+00  5.3670762E-11  0.0000000E+00  0.0000000E+00
   ni64     64   2.0302084E-06  4.0339314E-06  2.0037230E-06  1.3518537E-06  6.7153400E-07  3.0386168E-01
   cu63     63   7.0165299E-07  2.3554558E-06  1.6538028E-06  7.8936188E-07  5.5426062E-07  1.5356213E-01
   cu64     64   0.0000000E+00  0.0000000E+00  0.0000000E+00  0.0000000E+00  0.0000000E+00  0.0000000E+00
   cu65     65   4.6468176E-07  1.2251959E-06  7.6051413E-07  4.1058843E-07  2.5488109E-07  2.0706911E-01
   zn64     64  -6.6293069E-09  2.8268396E-06  2.8334689E-06  9.4733230E-07  9.4961757E-07 -1.0464056E-03
   zn65     65  -3.7437801E-26 -3.7437801E-26  0.0000000E+00 -1.2546180E-26  0.0000000E+00  0.0000000E+00
   zn66     66   5.2345069E-07  2.1998337E-06  1.6763830E-06  7.3720969E-07  5.6182824E-07  1.1798747E-01
   zn67     67   1.2081401E-07  3.7089279E-07  2.5007878E-07  1.2429383E-07  8.3812175E-08  1.7114249E-01
   zn68     68   7.4254979E-07  1.9032821E-06  1.1607323E-06  6.3782909E-07  3.8901143E-07  2.1474198E-01
   zn69     69   0.0000000E+00  0.0000000E+00  0.0000000E+00  0.0000000E+00  0.0000000E+00  0.0000000E+00
   zn70     70   3.1629703E-09  4.2673918E-08  3.9510947E-08  1.4300911E-08  1.3241821E-08  3.3415962E-02
   ga69     69   1.0933041E-07  2.1574633E-07  1.0641591E-07  7.2301049E-08  3.5664559E-08  3.0690774E-01
   ga70     70   0.0000000E+00  0.0000000E+00  0.0000000E+00  0.0000000E+00  0.0000000E+00  0.0000000E+00
   ga71     71   1.0557678E-07  1.7824877E-07  7.2671988E-08  5.9734845E-08  2.4355515E-08  3.8963044E-01
   ge70     70   1.8028550E-07  2.9864918E-07  1.1836369E-07  1.0008350E-07  3.9668777E-08  4.0191367E-01
   ge71     71   9.3695804E-39  9.3695804E-39  0.0000000E+00  3.1399399E-39  0.0000000E+00  0.0000000E+00
   ge72     72   2.0780038E-07  3.6868650E-07  1.6088612E-07  1.2355446E-07  5.3919877E-08  3.6010954E-01
   ge73     73   6.4004510E-08  1.0979066E-07  4.5786152E-08  3.6793118E-08  1.5344913E-08  3.7980217E-01
   ge74     74   3.0807098E-07  5.2590360E-07  2.1783264E-07  1.7624116E-07  7.3005104E-08  3.8275412E-01
   as75     75   2.8241754E-08  6.0177882E-08  3.1936128E-08  2.0166851E-08  1.0703173E-08  2.7512556E-01
   se76     76   1.0370590E-07  1.3695431E-07  3.3248416E-08  4.5896218E-08  1.1142977E-08  6.1477566E-01
   se77     77   4.1261139E-08  6.8692231E-08  2.7431090E-08  2.3020185E-08  9.1933412E-09  3.9863545E-01
   se78     78   2.8695464E-07  3.7352075E-07  8.6566097E-08  1.2517451E-07  2.9012032E-08  6.3493776E-01
   se79     79   4.0959513E-08  4.0959513E-08  0.0000000E+00  1.3726378E-08  0.0000000E+00  0.0000000E+00
   se80     80   3.9341958E-07  5.7872342E-07  1.8530383E-07  1.9394217E-07  6.2103297E-08  4.9455759E-01
   br79     79   2.3885212E-08  5.3518225E-08  2.9633012E-08  1.7935061E-08  9.9313002E-09  2.5669676E-01
   br80     80   0.0000000E+00  0.0000000E+00  0.0000000E+00  0.0000000E+00  0.0000000E+00  0.0000000E+00
   br81     81   5.3123625E-08  8.2680451E-08  2.9556826E-08  2.7707927E-08  9.9057660E-09  4.4671595E-01
   kr80     80  -8.5557783E-11  6.9763968E-09  7.0619546E-09  2.3379345E-09  2.3667655E-09 -5.3228801E-03
   kr81     81   2.8958464E-11  2.8958464E-11  0.0000000E+00  9.7045792E-12  0.0000000E+00  0.0000000E+00
   kr82     82   2.0421498E-07  2.4048455E-07  3.6269572E-08  8.0591342E-08  1.2155497E-08  8.2151568E-01
   kr83     83   7.2823767E-08  1.0919396E-07  3.6370192E-08  3.6593150E-08  1.2189219E-08  4.7742391E-01
   kr84     84   5.4026680E-07  7.2166756E-07  1.8140079E-07  2.4184570E-07  6.0795223E-08  5.9966892E-01
   kr-5     85   7.3473315E-15  7.3473315E-15  0.0000000E+00  2.4622424E-15  0.0000000E+00  0.0000000E+00
   kr*5     85   0.0000000E+00  0.0000000E+00  0.0000000E+00  0.0000000E+00  0.0000000E+00  0.0000000E+00
   kr86     86   4.9010760E-07  5.4627174E-07  5.6164147E-08  1.8306693E-07  1.8823028E-08  9.8792040E-01
   rb85     85   1.5636755E-07  1.8580931E-07  2.9441765E-08  6.2268541E-08  9.8672048E-09  8.0007458E-01
   rb86     86   4.9326083E-37  4.9326083E-37  0.0000000E+00  1.6530189E-37  0.0000000E+00  0.0000000E+00
   rb87     87   1.3065677E-07  1.4305809E-07  1.2401321E-08  4.7941718E-08  4.1562171E-09  1.0620154E+00
   sr86     86   1.3692141E-07  1.5065999E-07  1.3738564E-08  5.0489273E-08  4.6043849E-09  1.0400275E+00
   sr87     87   8.9989015E-08  9.9701822E-08  9.7128074E-09  3.3412139E-08  3.2551806E-09  1.0113292E+00
   sr88     88   1.9767572E-06  2.0945436E-06  1.1778627E-07  7.0192482E-07  3.9475257E-08  1.2499657E+00
   sr89     89   7.5880205E-36  7.5880205E-36  0.0000000E+00  2.5429023E-36  0.0000000E+00  0.0000000E+00
   sr90     90   5.1846998E-13  5.1846998E-13  0.0000000E+00  1.7375000E-13  0.0000000E+00  0.0000000E+00
    y89     89   5.6328179E-07  5.9137705E-07  2.8095261E-08  1.9818266E-07  9.4159329E-09  1.3232023E+00
    y90     90   1.3111706E-16  1.3111706E-16  0.0000000E+00  4.3940033E-17  0.0000000E+00  0.0000000E+00
    y91     91   1.3256634E-38  1.3256634E-38  0.0000000E+00  4.4425716E-39  0.0000000E+00  0.0000000E+00
   zr90     90   5.4245010E-07  5.7593536E-07  3.3485279E-08  1.9300784E-07  1.1222361E-08  1.2354907E+00
   zr91     91   1.5774459E-07  1.6512794E-07  7.3833535E-09  5.5337782E-08  2.4744802E-09  1.3495378E+00
   zr92     92   2.5478056E-07  2.6619026E-07  1.1409708E-08  8.9205848E-08  3.8238848E-09  1.3678886E+00
   zr93     93   8.2750155E-08  8.2750155E-08  0.0000000E+00  2.7731286E-08  0.0000000E+00  0.0000000E+00
   zr94     94   2.9165145E-07  3.0346567E-07  1.1814215E-08  1.0169761E-07  3.9594532E-09  1.4096756E+00
   zr95     95   2.3621259E-35  2.3621259E-35  0.0000000E+00  7.9159715E-36  0.0000000E+00  0.0000000E+00
   zr96     96   4.7709495E-08  4.9653316E-08  1.9438215E-09  1.6639852E-08  6.5145839E-10  1.4072628E+00
   nb93     93   8.3593559E-09  1.3461072E-08  5.1017168E-09  4.5110831E-09  1.7098053E-09  4.2133418E-01
   nb94     94   1.7255242E-14  1.7255242E-14  0.0000000E+00  5.7825876E-15  0.0000000E+00  0.0000000E+00
   nb95     95   2.5806489E-35  2.5806489E-35  0.0000000E+00  8.6482871E-36  0.0000000E+00  0.0000000E+00
   mo94     94  -1.9062085E-11  1.5798431E-09  1.5989052E-09  5.2943805E-10  5.3586208E-10 -5.2378788E-03
   mo95     95   5.4534237E-08  5.7330965E-08  2.7967269E-09  1.9212790E-08  9.3730379E-10  1.3117101E+00
   mo96     96   8.0885954E-08  8.3860897E-08  2.9749416E-09  2.8103518E-08  9.9703124E-10  1.4500519E+00
   mo97     97   2.2625871E-08  2.4356567E-08  1.7306960E-09  8.1623881E-09  5.8003086E-10  1.1483661E+00
   mo98     98   6.1496138E-08  6.5939254E-08  4.4431174E-09  2.2097606E-08  1.4890802E-09  1.1714271E+00
   tc99     99   3.5685883E-09  3.5685883E-09  0.0000000E+00  1.1959076E-09  0.0000000E+00  0.0000000E+00
   ru99     99   3.9951531E-09  5.5465024E-09  1.5513494E-09  1.8587475E-09  5.1992405E-10  5.5328047E-01
  ru100    100   2.8721226E-08  3.0268588E-08  1.5473607E-09  1.0143629E-08  5.1858728E-10  1.2913715E+00
  ru101    101   6.0949379E-09  8.2109857E-09  2.1160480E-09  2.7516709E-09  7.0917894E-10  5.8884066E-01
  ru102    102   4.1461224E-08  4.5413231E-08  3.9520072E-09  1.5218911E-08  1.3244881E-09  1.0603355E+00
  rh103    103   6.8705033E-09  9.3943440E-09  2.5238409E-09  3.1482386E-09  8.4584784E-10  5.7077539E-01
  pd104    104   2.3571099E-08  2.4675550E-08  1.1044510E-09  8.2692866E-09  3.7014913E-10  1.3490913E+00
  pd105    105   5.8806648E-09  8.1157863E-09  2.2351216E-09  2.7197675E-09  7.4908568E-10  5.6000030E-01
  pd106    106   2.8305180E-08  3.1066836E-08  2.7616553E-09  1.0411139E-08  9.2554975E-10  1.0510985E+00
  pd107    107   5.4368514E-09  5.4368514E-09  0.0000000E+00  1.8220012E-09  0.0000000E+00  0.0000000E+00
  pd108    108   3.7071811E-08  3.9796006E-08  2.7241960E-09  1.3336463E-08  9.1299551E-10  1.1645720E+00
  ag107    107   8.6702201E-11  1.9628477E-09  1.8761455E-09  6.5779077E-10  6.2877720E-10  1.9590978E-02
  ag108    108   0.0000000E+00  0.0000000E+00  0.0000000E+00  0.0000000E+00  0.0000000E+00  0.0000000E+00
  ag109    109   9.1647898E-09  1.0940377E-08  1.7755878E-09  3.6663463E-09  5.9507599E-10  7.8966105E-01
  cd108    108   4.1454340E-13  1.0561931E-10  1.0520477E-10  3.5395211E-11  3.5258654E-11  1.6787697E-03
  cd109    109  -1.5342039E-29 -1.5342039E-29  0.0000000E+00 -5.1414340E-30  0.0000000E+00  0.0000000E+00
  cd110    110   3.2802550E-08  3.4306314E-08  1.5037648E-09  1.1496755E-08  5.0397642E-10  1.3581650E+00
  cd111    111   1.0750792E-08  1.2305877E-08  1.5550849E-09  4.1239536E-09  5.2117599E-10  8.9832938E-01
  cd112    112   4.2123219E-08  4.5081222E-08  2.9580021E-09  1.5107648E-08  9.9135400E-10  1.1829681E+00
  cd113    113   1.2298550E-08  1.3809920E-08  1.5113704E-09  4.6279895E-09  5.0652538E-10  9.6079117E-01
  cd114    114   6.1456447E-08  6.5041220E-08  3.5847754E-09  2.1796655E-08  1.2014127E-09  1.2586976E+00
  in115    115   1.1667501E-08  1.3019201E-08  1.3517002E-09  4.3630028E-09  4.5301299E-10  9.8367482E-01
  sn116    116   8.5407308E-08  8.9636330E-08  4.2290229E-09  3.0038986E-08  1.4173279E-09  1.3262149E+00
  sn117    117   2.4635131E-08  2.6888181E-08  2.2530500E-09  9.0107841E-09  7.5509421E-10  1.0767615E+00
  sn118    118   1.1744131E-07  1.2431153E-07  6.8702151E-09  4.1659359E-08  2.3025055E-09  1.2575120E+00
  sn119    119   3.3276912E-08  3.5840010E-08  2.5630995E-09  1.2010728E-08  8.5900514E-10  1.1455735E+00
  sn120    120   1.7340992E-07  1.8321279E-07  9.8028741E-09  6.1398389E-08  3.2853658E-09  1.2715732E+00
  sb121    121   1.2241314E-08  1.3753056E-08  1.5117421E-09  4.6089328E-09  5.0664994E-10  9.5889235E-01
  te122    122   2.1375719E-08  2.2380606E-08  1.0048871E-09  7.5002031E-09  3.3678099E-10  1.3477255E+00
  te123    123   7.7921944E-09  8.1457987E-09  3.5360445E-10  2.7298253E-09  1.1850811E-10  1.3623868E+00
  te124    124   4.0250143E-08  4.2148709E-08  1.8985671E-09  1.4124903E-08  6.3629169E-10  1.3463292E+00
  te125    125   1.3327511E-08  1.6182163E-08  2.8546523E-09  5.4229772E-09  9.5671704E-10  7.5345427E-01
  te126    126   7.3784797E-08  8.1452690E-08  7.6678921E-09  2.7296478E-08  2.5698412E-09  1.0262003E+00
   i127    127   9.3420285E-09  1.8958637E-08  9.6166088E-09  6.3534307E-09  3.2229404E-09  2.9475605E-01
   i128    128   0.0000000E+00  0.0000000E+00  0.0000000E+00  0.0000000E+00  0.0000000E+00  0.0000000E+00
   i129    129   2.8595362E-11  2.8595362E-11  0.0000000E+00  9.5828961E-12  0.0000000E+00  0.0000000E+00
  xe128    128   2.3062162E-08  2.4100853E-08  1.0386904E-09  8.0766931E-09  3.4810993E-10  1.3655171E+00
  xe129    129   8.5206731E-09  2.1560135E-08  1.3039462E-08  7.2252462E-09  4.3700856E-09  2.1836269E-01
  xe130    130   4.5742542E-08  4.7852343E-08  2.1098010E-09  1.6036308E-08  7.0708528E-10  1.3556327E+00
  xe131    131   1.7171265E-08  2.7710557E-08  1.0539292E-08  9.2863797E-09  3.5321712E-09  4.1980469E-01
  xe132    132   8.6905565E-08  9.9885604E-08  1.2980037E-08  3.3473729E-08  4.3501704E-09  8.8619781E-01
  xe133    133   0.0000000E+00  0.0000000E+00  0.0000000E+00  0.0000000E+00  0.0000000E+00  0.0000000E+00
  xe134    134   2.0765375E-08  2.5630639E-08  4.8652633E-09  8.5893559E-09  1.6305596E-09  7.2162390E-01
  cs133    133   1.1685833E-08  1.5098358E-08  3.4125252E-09  5.0597717E-09  1.1436843E-09  6.4582479E-01
  cs134    134   7.9676331E-21  7.9676331E-21  0.0000000E+00  2.6701184E-21  0.0000000E+00  0.0000000E+00
  cs135    135   1.1624536E-08  1.1624536E-08  0.0000000E+00  3.8956220E-09  0.0000000E+00  0.0000000E+00
  cs136    136   1.3524646E-39  1.3524646E-39  0.0000000E+00  4.5323878E-40  0.0000000E+00  0.0000000E+00
  cs137    137   3.1412213E-13  3.1412213E-13  0.0000000E+00  1.0526881E-13  0.0000000E+00  0.0000000E+00
  ba134    134   2.6436220E-08  2.7482386E-08  1.0461655E-09  9.2099146E-09  3.5061518E-10  1.4194249E+00
  ba135    135   8.9193239E-09  1.1793897E-08  2.8745735E-09  3.9523784E-09  9.6339359E-10  6.1305475E-01
  ba136    136   7.2061532E-08  7.5511799E-08  3.4502676E-09  2.5305564E-08  1.1563334E-09  1.3401330E+00
  ba137    137   6.9175769E-08  7.4146278E-08  4.9705093E-09  2.4847949E-08  1.6658319E-09  1.1736594E+00
  ba138    138   4.9366088E-07  5.2562126E-07  3.1960383E-08  1.7614654E-07  1.0711301E-08  1.2160319E+00
  la139    139   5.3333498E-08  5.7717262E-08  4.3837649E-09  1.9342247E-08  1.4691887E-09  1.1194293E+00
  ce140    140   1.2389617E-07  1.3394336E-07  1.0047194E-08  4.4887184E-08  3.3672480E-09  1.1248472E+00
  ce141    141   2.1170992E-37  2.1170992E-37  0.0000000E+00  7.0948363E-38  0.0000000E+00  0.0000000E+00
  ce142    142   6.6708257E-09  7.9513489E-09  1.2805231E-09  2.6646612E-09  4.2915851E-10  7.9302430E-01
  pr141    141   1.2097861E-08  1.3829446E-08  1.7315843E-09  4.6345328E-09  5.8032856E-10  9.0233201E-01
  nd142    142   2.6824923E-08  2.9134769E-08  2.3098470E-09  9.7636628E-09  7.7412932E-10  1.1007992E+00
  nd143    143   4.3124730E-09  5.3466138E-09  1.0341410E-09  1.7917606E-09  3.4658523E-10  7.1346992E-01
  nd144    144   1.2906413E-08  1.4961666E-08  2.0552529E-09  5.0139630E-09  6.8880385E-10  8.6208558E-01
  nd145    145   2.4020437E-09  3.1663285E-09  7.6428491E-10  1.0611021E-09  2.5614483E-10  6.1727154E-01
  nd146    146   1.1575517E-08  1.3079829E-08  1.5043119E-09  4.3833208E-09  5.0415977E-10  9.3923509E-01
  nd147    147   2.8087767E-40  2.8087767E-40  0.0000000E+00  9.4128020E-41  0.0000000E+00  0.0000000E+00
  nd148    148   1.7379262E-09  2.2467623E-09  5.0883614E-10  7.5293644E-10  1.7053293E-10  6.4495003E-01
  pm147    147   5.8134027E-20  5.8134027E-20  0.0000000E+00  1.9481913E-20  0.0000000E+00  0.0000000E+00
  pm148    148   0.0000000E+00  0.0000000E+00  0.0000000E+00  0.0000000E+00  0.0000000E+00  0.0000000E+00
  sm147    147   1.3586905E-09  1.7682756E-09  4.0958509E-10  5.9258570E-10  1.3726963E-10  6.3517672E-01
  sm148    148   2.8325631E-09  3.1417722E-09  3.0920899E-10  1.0528727E-09  1.0362927E-10  1.0068934E+00
  sm149    149   5.1230620E-10  8.9506058E-10  3.8275438E-10  2.9995328E-10  1.2827750E-10  3.6890316E-01
  sm150    150   2.5167877E-09  2.7225535E-09  2.0576583E-10  9.1238389E-10  6.8961011E-11  1.1215739E+00
  sm151    151   2.9172401E-14  2.9172401E-14  0.0000000E+00  9.7762739E-15  0.0000000E+00  0.0000000E+00
  sm152    152   2.2305693E-09  2.9863614E-09  7.5579215E-10  1.0007913E-09  2.5329852E-10  5.9671092E-01
  eu151    151   3.5979281E-10  8.5835733E-10  4.9856452E-10  2.8765326E-10  1.6709047E-10  2.3591763E-01
  eu152    152  -7.8212956E-21 -7.8212956E-21  0.0000000E+00 -2.6210777E-21  0.0000000E+00  0.0000000E+00
  eu153    153   4.1434844E-10  9.6579766E-10  5.5144922E-10  3.2365874E-10  1.8481443E-10  2.4335146E-01
  eu154    154   1.5878431E-18  1.5878431E-18  0.0000000E+00  5.3211898E-19  0.0000000E+00  0.0000000E+00
  eu155    155   4.9110881E-19  4.9110881E-19  0.0000000E+00  1.6458070E-19  0.0000000E+00  0.0000000E+00
  gd152    152   1.0448578E-12  8.3243672E-12  7.2795095E-12  2.7896674E-12  2.4396776E-12  5.8219995E-02
  gd153    153   1.2471034E-34  1.2471034E-34  0.0000000E+00  4.1793011E-35  0.0000000E+00  0.0000000E+00
  gd154    154   9.9885655E-10  1.0792479E-09  8.0391332E-11  3.6167827E-10  2.6942601E-11  1.1278830E+00
  gd155    155   3.8778958E-10  9.3710706E-10  5.4931748E-10  3.1404393E-10  1.8409997E-10  2.3193668E-01
  gd156    156   1.5937427E-09  2.3583948E-09  7.6465212E-10  7.9034679E-10  2.5626790E-10  4.8912349E-01
  gd157    157   7.5269818E-10  1.3410455E-09  5.8834732E-10  4.4941204E-10  1.9718054E-10  3.5778064E-01
  gd158    158   3.0178842E-09  3.9576848E-09  9.3980068E-10  1.3263020E-09  3.1496772E-10  6.2437642E-01
  gd159    159   0.0000000E+00  0.0000000E+00  0.0000000E+00  0.0000000E+00  0.0000000E+00  0.0000000E+00
  gd160    160   2.3444635E-10  1.0719721E-09  8.3752572E-10  3.5923997E-10  2.8069097E-10  1.0715620E-01
  tb159    159   6.3278144E-10  1.3417492E-09  7.0896772E-10  4.4964785E-10  2.3760566E-10  2.7701575E-01
  tb160    160   1.5668091E-35  1.5668091E-35  0.0000000E+00  5.2507010E-36  0.0000000E+00  0.0000000E+00
  tb161    161   0.0000000E+00  0.0000000E+00  0.0000000E+00  0.0000000E+00  0.0000000E+00  0.0000000E+00
  dy160    160   1.0827769E-09  1.1900557E-09  1.0727890E-10  3.9881223E-10  3.5953782E-11  1.0450239E+00
  dy161    161   4.9263243E-10  1.3681483E-09  8.7551583E-10  4.5849474E-10  2.9342309E-10  1.9384007E-01
  dy162    162   2.2310824E-09  3.4192031E-09  1.1881206E-09  1.1458455E-09  3.9819045E-10  4.5903525E-01
  dy163    163   9.4216146E-10  2.1104345E-09  1.1682730E-09  7.0725015E-10  3.9153866E-10  2.5679842E-01
  dy164    164   4.6383879E-09  5.9726344E-09  1.3342466E-09  2.0015531E-09  4.4716358E-10  6.5090072E-01
  ho165    165   8.4223850E-10  1.8814625E-09  1.0392240E-09  6.3051697E-10  3.4828876E-10  2.5775734E-01
  er166    166   1.9283943E-09  2.9156313E-09  9.8723696E-10  9.7708830E-10  3.3086567E-10  4.7028214E-01
  er167    167   7.7562506E-10  1.4535569E-09  6.7793188E-10  4.8711696E-10  2.2720421E-10  3.3121687E-01
  er168    168   2.9757279E-09  3.7802552E-09  8.0452728E-10  1.2668415E-09  2.6963179E-10  6.7195117E-01
  er169    169   0.0000000E+00  0.0000000E+00  0.0000000E+00  0.0000000E+00  0.0000000E+00  0.0000000E+00
  er170    170   1.1575537E-09  1.6074896E-09  4.4993589E-10  5.3870297E-10  1.5079291E-10  5.5296850E-01
  tm169    169   7.2852357E-10  1.2039798E-09  4.7545623E-10  4.0347850E-10  1.5934587E-10  4.0347958E-01
  tm170    170  -4.4320316E-34 -4.4320316E-34  0.0000000E+00 -1.4852652E-34  0.0000000E+00  0.0000000E+00
  tm171    171   7.9805747E-21  7.9805747E-21  0.0000000E+00  2.6744555E-21  0.0000000E+00  0.0000000E+00
  yb170    170   9.7761443E-10  1.0675397E-09  8.9925310E-11  3.5775460E-10  3.0137847E-11  1.0744730E+00
  yb171    171   1.3998478E-09  1.8275417E-09  4.2769385E-10  6.1244693E-10  1.4333865E-10  6.3070512E-01
  yb172    172   3.6378078E-09  4.3000687E-09  6.6226080E-10  1.4410418E-09  2.2195215E-10  8.1241727E-01
  yb173    173   1.6102772E-09  2.1046971E-09  4.9441989E-10  7.0532746E-10  1.6570142E-10  6.2906456E-01
  yb174    174   6.8971833E-09  7.8864755E-09  9.8929231E-10  2.6429208E-09  3.3155453E-10  9.0152919E-01
  lu175    175   8.8893581E-10  1.3354516E-09  4.4651585E-10  4.4753742E-10  1.4964671E-10  4.7576219E-01
  lu176    176   6.7273009E-10  6.8576356E-10  1.3033460E-11  2.2981353E-10  4.3680740E-12  1.7210855E+00
  lu177    177   0.0000000E+00  0.0000000E+00  0.0000000E+00  0.0000000E+00  0.0000000E+00  0.0000000E+00
  hf176    176  -3.4763720E-12  9.6810504E-11  1.0028688E-10  3.2443197E-11  3.3610455E-11 -1.5350743E-02
  hf177    177   7.1364903E-10  1.0741057E-09  3.6045664E-10  3.5995498E-10  1.2080456E-10  4.7416490E-01
  hf178    178   3.3342358E-09  3.8660333E-09  5.3179744E-10  1.2955875E-09  1.7822825E-10  8.6149025E-01
  hf179    179   1.1672130E-09  1.4342317E-09  2.6701874E-10  4.8064069E-10  8.9489492E-11  7.3004854E-01
  hf180    180   6.4851111E-09  7.1766175E-09  6.9150646E-10  2.4050326E-09  2.3175362E-10  1.0160944E+00
  hf181    181   9.1327235E-37  9.1327235E-37  0.0000000E+00  3.0605643E-37  0.0000000E+00  0.0000000E+00
  hf182    182   2.3168452E-09  2.3168452E-09  0.0000000E+00  7.7642265E-10  0.0000000E+00  0.0000000E+00
  ta181    181   1.6072466E-09  1.9002344E-09  2.9298788E-10  6.3680777E-10  9.8192877E-11  8.1192839E-01
  ta182    182   2.1256758E-17  2.1256758E-17  0.0000000E+00  7.1235785E-18  0.0000000E+00  0.0000000E+00
  ta183    183   0.0000000E+00  0.0000000E+00  0.0000000E+00  0.0000000E+00  0.0000000E+00  0.0000000E+00
   w182    182   2.8097691E-09  3.2695415E-09  4.5977241E-10  1.0956909E-09  1.5408956E-10  8.5191482E-01
   w183    183   2.0420570E-09  2.2916993E-09  2.4964225E-10  7.6799572E-10  8.3665880E-11  9.6281046E-01
   w184    184   4.7722994E-09  5.3097384E-09  5.3743882E-10  1.7794030E-09  1.8011892E-10  9.9471498E-01
   w185    185   9.2103563E-36  9.2103563E-36  0.0000000E+00  3.0865806E-36  0.0000000E+00  0.0000000E+00
   w186    186   2.2093589E-09  2.7134548E-09  5.0409588E-10  9.0933472E-10  1.6894426E-10  7.3098034E-01
  re185    185   9.0848790E-10  1.1646996E-09  2.5621166E-10  3.9031486E-10  8.5867577E-11  6.5758586E-01
  re186    186   0.0000000E+00  0.0000000E+00  0.0000000E+00  0.0000000E+00  0.0000000E+00  0.0000000E+00
  re187    187   4.7616211E-10  9.4339436E-10  4.6723225E-10  3.1615094E-10  1.5658967E-10  3.0513135E-01
  os186    186   1.7693469E-09  1.9113537E-09  1.4200689E-10  6.4053413E-10  4.7592631E-11  1.1290026E+00
  os187    187   4.7484527E-10  5.8840111E-10  1.1355582E-10  1.9718537E-10  3.8057453E-11  7.1443498E-01
  os188    188   3.5584429E-09  4.7563811E-09  1.1979381E-09  1.5939615E-09  4.0148071E-10  5.9881318E-01
  os189    189   6.8299066E-10  2.1513356E-09  1.4683449E-09  7.2095696E-10  4.9210569E-10  1.6585097E-01
  os190    190   3.4472138E-09  5.8477201E-09  2.4005062E-09  1.9596917E-09  8.0451312E-10  3.8665465E-01
  os191    191   6.2632829E-39  6.2632829E-39  0.0000000E+00  2.0989559E-39  0.0000000E+00  0.0000000E+00
  os192    192   7.9993434E-10  4.5674109E-09  3.7674766E-09  1.5306337E-09  1.2626439E-09  8.3590403E-02
  ir191    191   5.6855987E-10  3.7452081E-09  3.1766483E-09  1.2550966E-09  1.0646317E-09  7.1477763E-02
  ir192    192   5.5941196E-35  5.5941196E-35  0.0000000E+00  1.8747050E-35  0.0000000E+00  0.0000000E+00
  ir193    193   6.6357542E-10  6.0593153E-09  5.3957399E-09  2.0306017E-09  1.8083449E-09  5.0343484E-02
  pt192    192   8.9084434E-10  1.0244189E-09  1.3357454E-10  3.4330391E-10  4.4766586E-11  8.8472474E-01
  pt193    193   4.3212788E-15  4.3212788E-15  0.0000000E+00  1.4481498E-15  0.0000000E+00  0.0000000E+00
  pt194    194   2.6744806E-09  8.3643945E-09  5.6899139E-09  2.8030813E-09  1.9069353E-09  1.6729973E-01
  pt195    195   9.7324193E-10  6.8427402E-09  5.8694982E-09  2.2931435E-09  1.9671220E-09  6.6599928E-02
  pt196    196   4.9050475E-09  9.3065928E-09  4.4015454E-09  3.1188314E-09  1.4751477E-09  3.2515642E-01
  au197    197   1.5602013E-09  4.2129336E-09  2.6527323E-09  1.4118410E-09  8.8904500E-10  2.0086202E-01
  hg198    198   5.6623022E-09  6.2854526E-09  6.2315042E-10  2.1063848E-09  2.0884458E-10  1.0037146E+00
  hg199    199   2.4648279E-09  3.5245473E-09  1.0597195E-09  1.1811486E-09  3.5515768E-10  5.2188337E-01
  hg200    200   8.2661540E-09  9.7244977E-09  1.4583433E-09  3.2588801E-09  4.8875376E-10  8.2397830E-01
  hg201    201   3.4100576E-09  4.2462784E-09  8.3622093E-10  1.4230156E-09  2.8025368E-10  7.0565832E-01
  hg202    202   1.3256728E-08  1.5160692E-08  1.9039641E-09  5.0806608E-09  6.3810046E-10  9.0103114E-01
  tl203    203   6.8429911E-09  7.5961504E-09  7.5315942E-10  2.5456268E-09  2.5241623E-10  1.0036775E+00
  tl204    204   3.4253634E-19  3.4253634E-19  0.0000000E+00  1.1479101E-19  0.0000000E+00  0.0000000E+00
  tl205    205   8.6440952E-09  1.0459714E-08  1.8156191E-09  3.5052661E-09  6.0849220E-10  7.6046598E-01
  pb204    204   6.1245928E-09  7.0779067E-09  9.5331376E-10  2.3719526E-09  3.1949654E-10  8.7063986E-01
  pb205    205   2.6170472E-09  2.6170472E-09  0.0000000E+00  8.7702656E-10  0.0000000E+00  0.0000000E+00
  pb206    206   4.9365141E-08  5.8322520E-08  8.9573780E-09  1.9545080E-08  3.0020035E-09  8.1362629E-01
  pb207    207   6.3252969E-08  7.3213442E-08  9.9604742E-09  2.4535336E-08  3.3381844E-09  8.6628163E-01
  pb208    208   1.1874213E-07  1.4738978E-07  2.8647657E-08  4.9393361E-08  9.6010648E-09  7.1134919E-01
  bi209    209   1.4851875E-09  3.4775758E-09  1.9923883E-09  1.1654074E-09  6.6773526E-10  2.4187350E-01
  bi210    210   0.0000000E+00  0.0000000E+00  0.0000000E+00  0.0000000E+00  0.0000000E+00  0.0000000E+00
  po210    210   7.7490858E-10  7.7490858E-10  0.0000000E+00  2.5968785E-10  0.0000000E+00  0.0000000E+00
