  species    A      yield       mass(i)_lost    mass(i)_0        <X(i)>          X0(i)   log10(<X(i)>/X0(i)) 
      n      1   0.0000000E+00  0.0000000E+00  0.0000000E+00  0.0000000E+00  0.0000000E+00  0.0000000E+00
      p      1  -9.9280834E-02  1.5282600E+00  1.6275408E+00  6.6273201E-01  7.0584649E-01 -2.7372312E-02
      d      2   1.3455242E-17  1.3455242E-17  0.0000000E+00  5.8348837E-18  0.0000000E+00  0.0000000E+00
    he3      3   2.2756279E-04  2.2756279E-04  0.0000000E+00  9.8682911E-05  0.0000000E+00  0.0000000E+00
    he4      4   7.7289224E-02  7.2277290E-01  6.4548367E-01  3.1343144E-01  2.7993914E-01  4.9078915E-02
    li7      7  -1.7914983E-08  3.0632363E-09  2.0978220E-08  1.3283765E-09  9.0980219E-09 -8.3562577E-01
    be7      7   9.6319785E-19  9.6319785E-19  0.0000000E+00  4.1769204E-19  0.0000000E+00  0.0000000E+00
     b8      8   7.3734505E-29  7.3734505E-29  0.0000000E+00  3.1975068E-29  0.0000000E+00  0.0000000E+00
    c12     12   1.5136763E-02  2.0912644E-02  5.7758801E-03  9.0687964E-03  2.5049355E-03  5.5875313E-01
    c13     13   9.8021737E-05  1.6801407E-04  6.9992333E-05  7.2859526E-05  3.0354900E-05  3.8025755E-01
    c14     14   2.5654128E-08  2.5654128E-08  0.0000000E+00  1.1124947E-08  0.0000000E+00  0.0000000E+00
    n13     13   0.0000000E+00  0.0000000E+00  0.0000000E+00  0.0000000E+00  0.0000000E+00  0.0000000E+00
    n14     14   2.9568945E-03  4.6645859E-03  1.7076915E-03  2.0228040E-03  7.4060698E-04  4.3636602E-01
    n15     15  -2.1617618E-06  2.0444866E-06  4.2062484E-06  8.8659436E-07  1.8242035E-06 -3.1334832E-01
    o14     14   0.0000000E+00  0.0000000E+00  0.0000000E+00  0.0000000E+00  0.0000000E+00  0.0000000E+00
    o15     15   0.0000000E+00  0.0000000E+00  0.0000000E+00  0.0000000E+00  0.0000000E+00  0.0000000E+00
    o16     16  -6.1123073E-04  1.3336011E-02  1.3947242E-02  5.7831793E-03  6.0487650E-03 -1.9500045E-02
    o17     17   3.2514563E-05  3.8144608E-05  5.6300464E-06  1.6541460E-05  2.4416890E-06  8.3088350E-01
    o18     18  -1.0648451E-05  2.0732845E-05  3.1381296E-05  8.9908262E-06  1.3609721E-05 -1.8004964E-01
    o19     19   0.0000000E+00  0.0000000E+00  0.0000000E+00  0.0000000E+00  0.0000000E+00  0.0000000E+00
    f17     17   0.0000000E+00  0.0000000E+00  0.0000000E+00  0.0000000E+00  0.0000000E+00  0.0000000E+00
    f18     18   0.0000000E+00  0.0000000E+00  0.0000000E+00  0.0000000E+00  0.0000000E+00  0.0000000E+00
    f19     19   4.6607884E-06  5.5644837E-06  9.0369554E-07  2.4130459E-06  3.9192281E-07  7.8936505E-01
    f20     20   0.0000000E+00  0.0000000E+00  0.0000000E+00  0.0000000E+00  0.0000000E+00  0.0000000E+00
   ne19     19   0.0000000E+00  0.0000000E+00  0.0000000E+00  0.0000000E+00  0.0000000E+00  0.0000000E+00
   ne20     20   2.3453962E-05  2.8844681E-03  2.8610141E-03  1.2508534E-03  1.2407904E-03  3.5079941E-03
   ne21     21   1.8153146E-06  9.0164922E-06  7.2011776E-06  3.9100141E-06  3.1230711E-06  9.7596467E-02
   ne22     22   3.9713527E-03  4.2027622E-03  2.3140958E-04  1.8225334E-03  1.0035978E-04  1.2591158E+00
   ne23     23   0.0000000E+00  0.0000000E+00  0.0000000E+00  0.0000000E+00  0.0000000E+00  0.0000000E+00
   na21     21   0.0000000E+00  0.0000000E+00  0.0000000E+00  0.0000000E+00  0.0000000E+00  0.0000000E+00
   na22     22   2.8962546E-21  2.8962546E-21  0.0000000E+00  1.2559647E-21  0.0000000E+00  0.0000000E+00
   na23     23   8.2579092E-05  1.6002814E-04  7.7449047E-05  6.9396418E-05  3.3588796E-05  3.1514260E-01
   na24     24   0.0000000E+00  0.0000000E+00  0.0000000E+00  0.0000000E+00  0.0000000E+00  0.0000000E+00
   mg23     23   0.0000000E+00  0.0000000E+00  0.0000000E+00  0.0000000E+00  0.0000000E+00  0.0000000E+00
   mg24     24   1.2760749E-05  1.3775160E-03  1.3647552E-03  5.9736165E-04  5.9187930E-04  4.0041637E-03
   mg25     25   2.3309214E-05  2.0328388E-04  1.7997467E-04  8.8154331E-05  7.8053032E-05  5.2853886E-02
   mg26     26   6.9217494E-06  2.1299977E-04  2.0607802E-04  9.2367642E-05  8.9373774E-05  1.4309762E-02
   mg27     27   0.0000000E+00  0.0000000E+00  0.0000000E+00  0.0000000E+00  0.0000000E+00  0.0000000E+00
   al25     25   0.0000000E+00  0.0000000E+00  0.0000000E+00  0.0000000E+00  0.0000000E+00  0.0000000E+00
   al-6     26   0.0000000E+00  0.0000000E+00  0.0000000E+00  0.0000000E+00  0.0000000E+00  0.0000000E+00
   al*6     26   0.0000000E+00  0.0000000E+00  0.0000000E+00  0.0000000E+00  0.0000000E+00  0.0000000E+00
   al27     27   1.1760960E-05  1.4317475E-04  1.3141379E-04  6.2087922E-05  5.6992707E-05  3.7187822E-02
   al28     28   0.0000000E+00  0.0000000E+00  0.0000000E+00  0.0000000E+00  0.0000000E+00  0.0000000E+00
   si27     27   0.0000000E+00  0.0000000E+00  0.0000000E+00  0.0000000E+00  0.0000000E+00  0.0000000E+00
   si28     28   1.5100231E-06  1.5126518E-03  1.5111418E-03  6.5596349E-04  6.5536553E-04  3.9608174E-04
   si29     29   4.1249587E-07  7.9888130E-05  7.9475634E-05  3.4643595E-05  3.4467706E-05  2.2105658E-03
   si30     30   1.1908087E-06  5.5386539E-05  5.4195731E-05  2.4018447E-05  2.3504090E-05  9.4014825E-03
    p31     31   1.7981929E-06  1.6886443E-05  1.5088250E-05  7.3228284E-06  6.5436075E-06  4.8861623E-02
    p32     32   0.0000000E+00  0.0000000E+00  0.0000000E+00  0.0000000E+00  0.0000000E+00  0.0000000E+00
    p33     33   0.0000000E+00  0.0000000E+00  0.0000000E+00  0.0000000E+00  0.0000000E+00  0.0000000E+00
    s32     32  -2.1478045E-06  7.2200369E-04  7.2415150E-04  3.1309787E-04  3.1405652E-04 -1.3276996E-03
    s33     33   3.1357831E-07  6.2922254E-06  5.9786471E-06  2.7286321E-06  2.5928732E-06  2.2163717E-02
    s34     34   2.6455746E-07  3.5034780E-05  3.4770223E-05  1.5192880E-05  1.5079462E-05  3.2542243E-03
    s35     35   1.7951712E-39  1.7951712E-39  0.0000000E+00  7.7847875E-40  0.0000000E+00  0.0000000E+00
    s36     36   6.5704924E-08  2.3733811E-07  1.7163319E-07  1.0292199E-07  7.4435420E-08  1.4072855E-01
   cl35     35  -5.9987087E-08  7.3684810E-06  7.4284681E-06  3.1953516E-06  3.2216446E-06 -3.5589794E-03
   cl36     36   0.0000000E+00  0.0000000E+00  0.0000000E+00  0.0000000E+00  0.0000000E+00  0.0000000E+00
   cl37     37   7.3063075E-07  3.2404673E-06  2.5098366E-06  1.4052330E-06  1.0884884E-06  1.1092452E-01
   ar36     36  -1.1403608E-06  1.3718863E-04  1.3832899E-04  5.9492035E-05  5.9991758E-05 -3.6327674E-03
   ar37     37   6.8713581E-39  6.8713581E-39  0.0000000E+00  2.9797743E-39  0.0000000E+00  0.0000000E+00
   ar38     38   4.3560613E-07  2.6984071E-05  2.6548465E-05  1.1701679E-05  1.1513776E-05  7.0303665E-03
   ar39     39   2.3624555E-11  2.3624555E-11  0.0000000E+00  1.0244821E-11  0.0000000E+00  0.0000000E+00
   ar40     40   8.8964129E-08  1.3366018E-07  4.4696055E-08  5.7961916E-08  1.9384185E-08  4.7569519E-01
    k39     39   9.2438313E-08  7.2942312E-06  7.2017929E-06  3.1631532E-06  3.1233380E-06  5.5012424E-03
    k40     40  -1.1658337E-09  0.0000000E+00  1.1658337E-09  0.0000000E+00  5.0560922E-10  0.0000000E+00
    k41     41   9.7275006E-08  6.4365088E-07  5.4637587E-07  2.7912006E-07  2.3695719E-07  7.1121156E-02
   ca40     40  -7.9632446E-07  1.2389268E-04  1.2468900E-04  5.3726228E-05  5.4076245E-05 -2.8201719E-03
   ca41     41   0.0000000E+00  0.0000000E+00  0.0000000E+00  0.0000000E+00  0.0000000E+00  0.0000000E+00
   ca42     42   6.5971903E-08  9.3980515E-07  8.7383324E-07  4.0754776E-07  3.7897183E-07  3.1571575E-02
   ca43     43   1.3243962E-08  1.9991160E-07  1.8666763E-07  8.6691934E-08  8.0955701E-08  2.9731259E-02
   ca44     44   6.7303290E-08  3.0188050E-06  2.9515018E-06  1.3091088E-06  1.2800336E-06  9.7543616E-03
   ca45     45   2.0837000E-39  2.0837000E-39  0.0000000E+00  9.0359929E-40  0.0000000E+00  0.0000000E+00
   ca46     46   5.1370854E-08  5.7287778E-08  5.9169230E-09  2.4842922E-08  2.5661042E-09  9.8592836E-01
   ca47     47   0.0000000E+00  0.0000000E+00  0.0000000E+00  0.0000000E+00  0.0000000E+00  0.0000000E+00
   ca48     48  -5.6121507E-10  2.8808063E-07  2.8864184E-07  1.2492656E-07  1.2518078E-07 -8.8285754E-04
   sc45     45   1.5604343E-08  9.8874160E-08  8.3269818E-08  4.2876913E-08  3.6113200E-08  7.4557535E-02
   sc46     46   7.5642091E-41  7.5642091E-41  0.0000000E+00  3.2801594E-41  0.0000000E+00  0.0000000E+00
   sc47     47   0.0000000E+00  0.0000000E+00  0.0000000E+00  0.0000000E+00  0.0000000E+00  0.0000000E+00
   sc48     48  -1.0227290E-31  5.2416434E-29  5.2518707E-29  2.2730457E-29  2.2776783E-29  0.0000000E+00
   ti46     46   1.0405927E-08  5.1914014E-07  5.0873422E-07  2.2512582E-07  2.2063243E-07  8.7559586E-03
   ti47     47   2.1645974E-10  4.6897773E-07  4.6876127E-07  2.0337282E-07  2.0329659E-07  1.6279223E-04
   ti48     48  -5.5071723E-08  4.6884588E-06  4.7435306E-06  2.0331565E-06  2.0572168E-06 -5.1092291E-03
   ti49     49   6.6143969E-08  4.2150373E-07  3.5535976E-07  1.8278566E-07  1.5411560E-07  7.4095510E-02
   ti50     50   1.4148847E-07  4.8868952E-07  3.4720105E-07  2.1192086E-07  1.5057726E-07  1.4841431E-01
    v51     51  -9.9764748E-09  7.5519415E-07  7.6517063E-07  3.2749097E-07  3.3184605E-07 -5.7373294E-03
   cr52     52  -1.9482104E-07  3.1171814E-05  3.1366635E-05  1.3517699E-05  1.3603363E-05 -2.7435261E-03
   cr53     53  -2.0575044E-08  3.6045303E-06  3.6251054E-06  1.5631094E-06  1.5721682E-06 -2.5096338E-03
   cr54     54   1.3334363E-07  1.0527360E-06  9.1939239E-07  4.5652038E-07  3.9873032E-07  5.8780927E-02
   mn55     55   8.4916610E-07  2.8242455E-05  2.7393289E-05  1.2247378E-05  1.1880167E-05  1.3220608E-02
   fe54     54  -2.9981456E-06  1.7749429E-04  1.8049244E-04  7.6970638E-05  7.8277582E-05 -7.3123155E-03
   fe55     55   5.5080814E-21  5.5080814E-21  0.0000000E+00  2.3885868E-21  0.0000000E+00  0.0000000E+00
   fe56     56  -2.2570370E-05  2.9156713E-03  2.9382417E-03  1.2643848E-03  1.2742830E-03 -3.3866297E-03
   fe57     57   7.6491706E-06  7.6718025E-05  6.9068854E-05  3.3268876E-05  2.9954399E-05  4.5577526E-02
   fe58     58   5.5492592E-06  1.4902354E-05  9.3530953E-06  6.4624260E-06  4.0563341E-06  2.0226188E-01
   fe59     59   1.9646709E-39  1.9646709E-39  0.0000000E+00  8.5198246E-40  0.0000000E+00  0.0000000E+00
   fe60     60   0.0000000E+00  0.0000000E+00  0.0000000E+00  0.0000000E+00  0.0000000E+00  0.0000000E+00
   co59     59   1.4312886E-06  8.6444461E-06  7.2131575E-06  3.7486757E-06  3.1282668E-06  7.8574076E-02
   co60     60   4.2432132E-14  4.2432132E-14  0.0000000E+00  1.8400751E-14  0.0000000E+00  0.0000000E+00
   ni58     58  -1.7541897E-06  1.0145182E-04  1.0320601E-04  4.3994718E-05  4.4759308E-05 -7.4828328E-03
   ni59     59   0.0000000E+00  0.0000000E+00  0.0000000E+00  0.0000000E+00  0.0000000E+00  0.0000000E+00
   ni60     60   5.5702185E-07  4.1683088E-05  4.1126066E-05  1.8075927E-05  1.7835922E-05  5.8049951E-03
   ni61     61   5.4453039E-07  2.3620855E-06  1.8175551E-06  1.0243216E-06  7.8825360E-07  1.1377035E-01
   ni62     62   6.7098745E-07  6.5609293E-06  5.8899418E-06  2.8451559E-06  2.5544027E-06  4.6816718E-02
   ni63     63   0.0000000E+00  0.0000000E+00  0.0000000E+00  0.0000000E+00  0.0000000E+00  0.0000000E+00
   ni64     64   1.9689837E-06  3.5174066E-06  1.5484230E-06  1.5253281E-06  6.7153400E-07  3.5629526E-01
   cu63     63   2.3146174E-07  1.5094759E-06  1.2780141E-06  6.5458624E-07  5.5426062E-07  7.2252832E-02
   cu64     64   0.0000000E+00  0.0000000E+00  0.0000000E+00  0.0000000E+00  0.0000000E+00  0.0000000E+00
   cu65     65   4.9375262E-07  1.0814574E-06  5.8770479E-07  4.6897546E-07  2.5488109E-07  2.6481253E-01
   zn64     64   8.0898417E-08  2.2705265E-06  2.1896280E-06  9.8461680E-07  9.4961757E-07  1.5718518E-02
   zn65     65   1.4759271E-37  1.4759271E-37  0.0000000E+00  6.4003780E-38  0.0000000E+00  0.0000000E+00
   zn66     66   5.4283225E-07  1.8382958E-06  1.2954636E-06  7.9717944E-07  5.6182824E-07  1.5195252E-01
   zn67     67   1.2230132E-07  3.1555544E-07  1.9325412E-07  1.3684104E-07  8.3812175E-08  2.1290925E-01
   zn68     68   7.3184850E-07  1.6288310E-06  8.9698250E-07  7.0634474E-07  3.8901143E-07  2.5905436E-01
   zn69     69   0.0000000E+00  0.0000000E+00  0.0000000E+00  0.0000000E+00  0.0000000E+00  0.0000000E+00
   zn70     70   3.2965026E-09  3.3829494E-08  3.0532991E-08  1.4670205E-08  1.3241821E-08  4.4488471E-02
   ga69     69   1.2033804E-07  2.0257337E-07  8.2235331E-08  8.7846217E-08  3.5664559E-08  3.9148620E-01
   ga70     70   0.0000000E+00  0.0000000E+00  0.0000000E+00  0.0000000E+00  0.0000000E+00  0.0000000E+00
   ga71     71   1.4397131E-07  2.0013026E-07  5.6158946E-08  8.6786756E-08  2.4355515E-08  5.5185616E-01
   ge70     70   2.2445539E-07  3.1592364E-07  9.1468259E-08  1.3700071E-07  3.9668777E-08  5.3827405E-01
   ge71     71   0.0000000E+00  0.0000000E+00  0.0000000E+00  0.0000000E+00  0.0000000E+00  0.0000000E+00
   ge72     72   2.6780015E-07  3.9212858E-07  1.2432845E-07  1.7004709E-07  5.3919877E-08  4.9882030E-01
   ge73     73   7.8539287E-08  1.1392159E-07  3.5382303E-08  4.9402253E-08  1.5344913E-08  5.0778234E-01
   ge74     74   3.6101795E-07  5.2935314E-07  1.6833518E-07  2.2955470E-07  7.3005104E-08  4.9753296E-01
   as75     75   3.3052309E-08  5.7731683E-08  2.4679375E-08  2.5035423E-08  1.0703173E-08  3.6904240E-01
   se76     76   1.2365157E-07  1.4934506E-07  2.5693476E-08  6.4763682E-08  1.1142977E-08  7.6433027E-01
   se77     77   4.9944852E-08  7.1142857E-08  2.1198003E-08  3.0851197E-08  9.1933412E-09  5.2579862E-01
   se78     78   3.4606876E-07  4.1296471E-07  6.6895943E-08  1.7908270E-07  2.9012032E-08  7.9047549E-01
   se79     79   0.0000000E+00  0.0000000E+00  0.0000000E+00  0.0000000E+00  0.0000000E+00  0.0000000E+00
   se80     80   4.6294394E-07  6.0614173E-07  1.4319779E-07  2.6285417E-07  6.2103297E-08  6.2660021E-01
   br79     79   7.6598688E-08  9.9498280E-08  2.2899592E-08  4.3147562E-08  9.9313002E-09  6.3795018E-01
   br80     80   0.0000000E+00  0.0000000E+00  0.0000000E+00  0.0000000E+00  0.0000000E+00  0.0000000E+00
   br81     81   6.3347606E-08  8.6188322E-08  2.2840714E-08  3.7375681E-08  9.9057660E-09  5.7670105E-01
   kr80     80   1.5431785E-09  7.0004660E-09  5.4572875E-09  3.0357614E-09  2.3667655E-09  1.0811241E-01
   kr81     81   0.0000000E+00  0.0000000E+00  0.0000000E+00  0.0000000E+00  0.0000000E+00  0.0000000E+00
   kr82     82   2.7649870E-07  3.0452685E-07  2.8028145E-08  1.3205847E-07  1.2155497E-08  1.0359936E+00
   kr83     83   9.5383385E-08  1.2348929E-07  2.8105902E-08  5.3551297E-08  1.2189219E-08  6.4279413E-01
   kr84     84   6.4922023E-07  7.8940184E-07  1.4018163E-07  3.4232517E-07  6.0795223E-08  7.5056940E-01
   kr-5     85   2.3646164E-15  2.3646164E-15  0.0000000E+00  1.0254190E-15  0.0000000E+00  0.0000000E+00
   kr*5     85   0.0000000E+00  0.0000000E+00  0.0000000E+00  0.0000000E+00  0.0000000E+00  0.0000000E+00
   kr86     86   1.3842659E-07  1.8182872E-07  4.3402139E-08  7.8850270E-08  1.8823028E-08  6.2211370E-01
   rb85     85   1.2062785E-07  1.4337964E-07  2.2751799E-08  6.2176774E-08  9.8672048E-09  7.9943407E-01
   rb86     86   0.0000000E+00  0.0000000E+00  0.0000000E+00  0.0000000E+00  0.0000000E+00  0.0000000E+00
   rb87     87   2.6902580E-08  3.6485986E-08  9.5834052E-09  1.5822197E-08  4.1562171E-09  5.8056855E-01
   sr86     86   2.3618162E-07  2.4679841E-07  1.0616791E-08  1.0702446E-07  4.6043849E-09  1.3663114E+00
   sr87     87   1.6282797E-07  1.7033376E-07  7.5057951E-09  7.3865465E-08  3.2551806E-09  1.3558663E+00
   sr88     88   2.5120289E-06  2.6030509E-06  9.1022052E-08  1.1288165E-06  3.9475257E-08  1.4562984E+00
   sr89     89   7.7528239E-41  7.7528239E-41  0.0000000E+00  3.3619953E-41  0.0000000E+00  0.0000000E+00
   sr90     90   2.6965990E-14  2.6965990E-14  0.0000000E+00  1.1693838E-14  0.0000000E+00  0.0000000E+00
    y89     89   6.4767494E-07  6.6938617E-07  2.1711259E-08  2.9028021E-07  9.4159329E-09  1.4889541E+00
    y90     90   6.8194912E-18  6.8194912E-18  0.0000000E+00  2.9572815E-18  0.0000000E+00  0.0000000E+00
    y91     91   0.0000000E+00  0.0000000E+00  0.0000000E+00  0.0000000E+00  0.0000000E+00  0.0000000E+00
   zr90     90   7.0627425E-07  7.3215080E-07  2.5876519E-08  3.1749818E-07  1.1222361E-08  1.4516571E+00
   zr91     91   1.7372594E-07  1.7943159E-07  5.7056564E-09  7.7810753E-08  2.4744802E-09  1.4975557E+00
   zr92     92   2.6107986E-07  2.6989699E-07  8.8171133E-09  1.1704119E-07  3.8238848E-09  1.4858339E+00
   zr93     93   0.0000000E+00  0.0000000E+00  0.0000000E+00  0.0000000E+00  0.0000000E+00  0.0000000E+00
   zr94     94   3.4423184E-07  3.5336154E-07  9.1297068E-09  1.5323570E-07  3.9594532E-09  1.5877248E+00
   zr95     95   4.2395304E-40  4.2395304E-40  0.0000000E+00  1.8384756E-40  0.0000000E+00  0.0000000E+00
   zr96     96   5.2416844E-09  6.7438171E-09  1.5021328E-09  2.9244653E-09  6.5145839E-10  6.5215981E-01
   nb93     93   9.0309349E-08  9.4251817E-08  3.9424690E-09  4.0872429E-08  1.7098053E-09  1.3784838E+00
   nb94     94   6.2556280E-12  6.2556280E-12  0.0000000E+00  2.7127614E-12  0.0000000E+00  0.0000000E+00
   nb95     95   4.7163923E-40  4.7163923E-40  0.0000000E+00  2.0452652E-40  0.0000000E+00  0.0000000E+00
   mo94     94   3.3829217E-10  1.5738829E-09  1.2355907E-09  6.8251643E-10  5.3586208E-10  1.0506008E-01
   mo95     95   4.4526654E-08  4.6687891E-08  2.1612350E-09  2.0246267E-08  9.3730379E-10  1.3344646E+00
   mo96     96   7.7519843E-08  7.9818797E-08  2.2989546E-09  3.4613528E-08  9.9703124E-10  1.5405371E+00
   mo97     97   2.4688871E-08  2.6026306E-08  1.3374352E-09  1.1286343E-08  5.8003086E-10  1.2891021E+00
   mo98     98   9.0698663E-08  9.4132183E-08  3.4335210E-09  4.0820549E-08  1.4890802E-09  1.4379607E+00
   tc99     99   0.0000000E+00  0.0000000E+00  0.0000000E+00  0.0000000E+00  0.0000000E+00  0.0000000E+00
   ru99     99   1.1585322E-08  1.2784163E-08  1.1988408E-09  5.5438694E-09  5.1992405E-10  1.0278730E+00
  ru100    100   4.5303555E-08  4.6499313E-08  1.1957585E-09  2.0164489E-08  5.1858728E-10  1.5897653E+00
  ru101    101   9.7042925E-09  1.1339517E-08  1.6352247E-09  4.9173967E-09  7.0917894E-10  8.4097940E-01
  ru102    102   6.1975712E-08  6.5029717E-08  3.0540044E-09  2.8200224E-08  1.3244881E-09  1.3282045E+00
  rh103    103   1.0241701E-08  1.2192056E-08  1.9503559E-09  5.2871014E-09  8.4584784E-10  7.9592538E-01
  pd104    104   3.4036677E-08  3.4890167E-08  8.5348983E-10  1.5130167E-08  3.7014913E-10  1.6114670E+00
  pd105    105   8.5077536E-09  1.0234995E-08  1.7272417E-09  4.4384194E-09  7.4908568E-10  7.7269685E-01
  pd106    106   3.9468365E-08  4.1602497E-08  2.1341324E-09  1.8040978E-08  9.2554975E-10  1.2898604E+00
  pd107    107   0.0000000E+00  0.0000000E+00  0.0000000E+00  0.0000000E+00  0.0000000E+00  0.0000000E+00
  pd108    108   4.9597798E-08  5.1702983E-08  2.1051851E-09  2.2421068E-08  9.1299551E-10  1.3901876E+00
  ag107    107   7.7020132E-09  9.1518473E-09  1.4498345E-09  3.9687107E-09  6.2877720E-10  8.0015266E-01
  ag108    108   0.0000000E+00  0.0000000E+00  0.0000000E+00  0.0000000E+00  0.0000000E+00  0.0000000E+00
  ag109    109   1.2259640E-08  1.3631766E-08  1.3721262E-09  5.9114336E-09  5.9507599E-10  9.9712038E-01
  cd108    108   2.1786926E-11  1.0308633E-10  8.1299405E-11  4.4703526E-11  3.5258654E-11  1.0307606E-01
  cd109    109   1.6240158E-33  1.6240158E-33  0.0000000E+00  7.0425662E-34  0.0000000E+00  0.0000000E+00
  cd110    110   4.2605201E-08  4.3767269E-08  1.1620689E-09  1.8979735E-08  5.0397642E-10  1.5758799E+00
  cd111    111   1.3938004E-08  1.5139731E-08  1.2017276E-09  6.5653647E-09  5.2117599E-10  1.1002744E+00
  cd112    112   5.2692300E-08  5.4978166E-08  2.2858639E-09  2.3841356E-08  9.9135400E-10  1.3811022E+00
  cd113    113   1.5311741E-08  1.6479687E-08  1.1679462E-09  7.1464386E-09  5.0652538E-10  1.1494884E+00
  cd114    114   7.4161640E-08  7.6931855E-08  2.7702176E-09  3.3361601E-08  1.2014127E-09  1.4435546E+00
  in115    115   1.4075158E-08  1.5119715E-08  1.0445573E-09  6.5566850E-09  4.5301299E-10  1.1605737E+00
  sn116    116   1.0147752E-07  1.0474560E-07  3.2680747E-09  4.5423068E-08  1.4173279E-09  1.5058061E+00
  sn117    117   2.9490273E-08  3.1231369E-08  1.7410962E-09  1.3543525E-08  7.5509421E-10  1.2537307E+00
  sn118    118   1.3413147E-07  1.3944059E-07  5.3091171E-09  6.0468601E-08  2.3025055E-09  1.4193293E+00
  sn119    119   3.8690814E-08  4.0671509E-08  1.9806941E-09  1.7637255E-08  8.5900514E-10  1.3124353E+00
  sn120    120   2.0309679E-07  2.1067218E-07  7.5753963E-09  9.1358274E-08  3.2853658E-09  1.4441642E+00
  sb121    121   1.4518175E-08  1.5686409E-08  1.1682335E-09  6.8024324E-09  5.0664994E-10  1.1279563E+00
  te122    122   2.5908308E-08  2.6684859E-08  7.7654960E-10  1.1571925E-08  3.3678099E-10  1.5360581E+00
  te123    123   9.5434727E-09  9.8167288E-09  2.7325597E-10  4.2570378E-09  1.1850811E-10  1.5553595E+00
  te124    124   5.0111733E-08  5.1578894E-08  1.4671613E-09  2.2367256E-08  6.3629169E-10  1.5459565E+00
  te125    125   1.6775463E-08  1.8981462E-08  2.2059981E-09  8.2313365E-09  9.5671704E-10  9.3468684E-01
  te126    126   9.1986294E-08  9.7911837E-08  5.9255396E-09  4.2459600E-08  2.5698412E-09  1.2180697E+00
   i127    127   1.1767856E-08  1.9199312E-08  7.4314559E-09  8.3258076E-09  3.2229404E-09  4.1217411E-01
   i128    128   0.0000000E+00  0.0000000E+00  0.0000000E+00  0.0000000E+00  0.0000000E+00  0.0000000E+00
   i129    129   1.9844588E-11  1.9844588E-11  0.0000000E+00  8.6056318E-12  0.0000000E+00  0.0000000E+00
  xe128    128   2.9146065E-08  2.9948737E-08  8.0267187E-10  1.2987310E-08  3.4810993E-10  1.5718029E+00
  xe129    129   1.1041693E-08  2.1118236E-08  1.0076543E-08  9.1579517E-09  4.3700856E-09  3.2130840E-01
  xe130    130   5.9850890E-08  6.1481288E-08  1.6303972E-09  2.6661443E-08  7.0708528E-10  1.5764118E+00
  xe131    131   2.2460469E-08  3.0604948E-08  8.1444798E-09  1.3271877E-08  3.5321712E-09  5.7489061E-01
  xe132    132   1.1217669E-07  1.2220731E-07  1.0030623E-08  5.2995365E-08  4.3501704E-09  1.0857316E+00
  xe133    133   0.0000000E+00  0.0000000E+00  0.0000000E+00  0.0000000E+00  0.0000000E+00  0.0000000E+00
  xe134    134   1.8663884E-09  5.6261324E-09  3.7597441E-09  2.4397799E-09  1.6305596E-09  1.7501400E-01
  cs133    133   1.4864015E-08  1.7501122E-08  2.6371072E-09  7.5893851E-09  1.1436843E-09  8.2190049E-01
  cs134    134   4.5738583E-27  4.5738583E-27  0.0000000E+00  1.9834598E-27  0.0000000E+00  0.0000000E+00
  cs135    135   0.0000000E+00  0.0000000E+00  0.0000000E+00  0.0000000E+00  0.0000000E+00  0.0000000E+00
  cs136    136   0.0000000E+00  0.0000000E+00  0.0000000E+00  0.0000000E+00  0.0000000E+00  0.0000000E+00
  cs137    137   0.0000000E+00  0.0000000E+00  0.0000000E+00  0.0000000E+00  0.0000000E+00  0.0000000E+00
  ba134    134   3.9012260E-08  3.9820709E-08  8.0844847E-10  1.7268304E-08  3.5061518E-10  1.6924191E+00
  ba135    135   2.0017167E-08  2.2238559E-08  2.2213928E-09  9.6437809E-09  9.6339359E-10  1.0004436E+00
  ba136    136   1.0750117E-07  1.1016745E-07  2.6662734E-09  4.7774261E-08  1.1563334E-09  1.6161109E+00
  ba137    137   8.3547043E-08  8.7388116E-08  3.8410750E-09  3.7895973E-08  1.6658319E-09  1.3569618E+00
  ba138    138   7.7575203E-07  8.0045015E-07  2.4698119E-08  3.4711630E-07  1.0711301E-08  1.5106328E+00
  la139    139   8.5938616E-08  8.9326271E-08  3.3876550E-09  3.8736456E-08  1.4691887E-09  1.4210423E+00
  ce140    140   2.2102257E-07  2.2878677E-07  7.7641999E-09  9.9213693E-08  3.3672480E-09  1.4692965E+00
  ce141    141   0.0000000E+00  0.0000000E+00  0.0000000E+00  0.0000000E+00  0.0000000E+00  0.0000000E+00
  ce142    142   1.2956370E-09  2.2851907E-09  9.8955366E-10  9.9097597E-10  4.2915851E-10  3.6344537E-01
  pr141    141   1.9088528E-08  2.0426649E-08  1.3381215E-09  8.8580441E-09  5.8032856E-10  1.1836638E+00
  nd142    142   5.6405394E-08  5.8190381E-08  1.7849874E-09  2.5234337E-08  7.7412932E-10  1.5131783E+00
  nd143    143   7.7057951E-09  8.5049514E-09  7.9915624E-10  3.6881835E-09  3.4658523E-10  1.0270025E+00
  nd144    144   2.3773563E-08  2.5361807E-08  1.5882438E-09  1.0998182E-08  6.8880385E-10  1.2032254E+00
  nd145    145   4.3803485E-09  4.9709672E-09  5.9061872E-10  2.1556665E-09  2.5614483E-10  9.2509598E-01
  nd146    146   2.2275586E-08  2.3438078E-08  1.1624917E-09  1.0163954E-08  5.0415977E-10  1.3044945E+00
  nd147    147   0.0000000E+00  0.0000000E+00  0.0000000E+00  0.0000000E+00  0.0000000E+00  0.0000000E+00
  nd148    148   1.2756072E-09  1.6688220E-09  3.9321482E-10  7.2368689E-10  1.7053293E-10  6.2774241E-01
  pm147    147   5.9793282E-24  5.9793282E-24  0.0000000E+00  2.5929438E-24  0.0000000E+00  0.0000000E+00
  pm148    148   0.0000000E+00  0.0000000E+00  0.0000000E+00  0.0000000E+00  0.0000000E+00  0.0000000E+00
  sm147    147   2.5712763E-09  2.8877927E-09  3.1651629E-10  1.2522952E-09  1.3726963E-10  9.6013224E-01
  sm148    148   6.5280479E-09  6.7669963E-09  2.3894836E-10  2.9345171E-09  1.0362927E-10  1.4520541E+00
  sm149    149   9.6607300E-10  1.2618553E-09  2.9578226E-10  5.4720523E-10  1.2827750E-10  6.2999976E-01
  sm150    150   4.6897282E-09  4.8487383E-09  1.5901029E-10  2.1026618E-09  6.8961011E-11  1.4841659E+00
  sm151    151   5.1115355E-14  5.1115355E-14  0.0000000E+00  2.2166242E-14  0.0000000E+00  0.0000000E+00
  sm152    152   3.9638031E-09  4.5478590E-09  5.8405575E-10  1.9721851E-09  2.5329852E-10  8.9131504E-01
  eu151    151   6.8075173E-10  1.0660289E-09  3.8527720E-10  4.6228488E-10  1.6709047E-10  4.4195804E-01
  eu152    152   2.6408113E-19  2.6408113E-19  0.0000000E+00  1.1451914E-19  0.0000000E+00  0.0000000E+00
  eu153    153   7.4133244E-10  1.1674776E-09  4.2614509E-10  5.0627824E-10  1.8481443E-10  4.3765339E-01
  eu154    154   9.8026518E-20  9.8026518E-20  0.0000000E+00  4.2509332E-20  0.0000000E+00  0.0000000E+00
  eu155    155   1.8670307E-21  1.8670307E-21  0.0000000E+00  8.0964033E-22  0.0000000E+00  0.0000000E+00
  gd152    152   5.1333972E-12  1.0758805E-11  5.6254081E-12  4.6655704E-12  2.4396776E-12  2.8157231E-01
  gd153    153   0.0000000E+00  0.0000000E+00  0.0000000E+00  0.0000000E+00  0.0000000E+00  0.0000000E+00
  gd154    154   1.7275226E-09  1.7896469E-09  6.2124250E-11  7.7608275E-10  2.6942601E-11  1.4594685E+00
  gd155    155   6.8206357E-10  1.1065613E-09  4.2449771E-10  4.7986182E-10  1.8409997E-10  4.1606247E-01
  gd156    156   2.8515894E-09  3.4424918E-09  5.9090249E-10  1.4928412E-09  2.5626790E-10  7.6531941E-01
  gd157    157   1.3631468E-09  1.8178057E-09  4.5465887E-10  7.8829387E-10  1.9718054E-10  6.0182410E-01
  gd158    158   5.6713434E-09  6.3975962E-09  7.2625261E-10  2.7743261E-09  3.1496772E-10  9.4489145E-01
  gd159    159   0.0000000E+00  0.0000000E+00  0.0000000E+00  0.0000000E+00  0.0000000E+00  0.0000000E+00
  gd160    160   1.3808915E-10  7.8530638E-10  6.4721722E-10  3.4054917E-10  2.8069097E-10  8.3951384E-02
  tb159    159   1.2091766E-09  1.7570477E-09  5.4787108E-10  7.6194612E-10  2.3760566E-10  5.0606751E-01
  tb160    160   2.0420001E-40  2.0420001E-40  0.0000000E+00  8.8552254E-41  0.0000000E+00  0.0000000E+00
  tb161    161   0.0000000E+00  0.0000000E+00  0.0000000E+00  0.0000000E+00  0.0000000E+00  0.0000000E+00
  dy160    160   2.0619961E-09  2.1448983E-09  8.2902234E-11  9.3013802E-10  3.5953782E-11  1.4128028E+00
  dy161    161   9.2757274E-10  1.6041477E-09  6.7657496E-10  6.9564082E-10  2.9342309E-10  3.7489077E-01
  dy162    162   4.2517070E-09  5.1698543E-09  9.1814750E-10  2.2419142E-09  3.9819045E-10  7.5052816E-01
  dy163    163   1.8179269E-09  2.7207367E-09  9.0280983E-10  1.1798511E-09  3.9153866E-10  4.7905254E-01
  dy164    164   8.8743439E-09  9.9054134E-09  1.0310697E-09  4.2954960E-09  4.4716358E-10  9.8254687E-01
  ho165    165   1.6361641E-09  2.4392484E-09  8.0308421E-10  1.0577833E-09  3.4828876E-10  4.8245728E-01
  er166    166   3.7215613E-09  4.4844715E-09  7.6291007E-10  1.9446971E-09  3.3086567E-10  7.6920027E-01
  er167    167   1.5002756E-09  2.0241631E-09  5.2388749E-10  8.7778101E-10  2.2720421E-10  5.8696985E-01
  er168    168   5.8008074E-09  6.4225243E-09  6.2171690E-10  2.7851363E-09  2.6963179E-10  1.0140754E+00
  er169    169   0.0000000E+00  0.0000000E+00  0.0000000E+00  0.0000000E+00  0.0000000E+00  0.0000000E+00
  er170    170   1.1024974E-09  1.4501957E-09  3.4769829E-10  6.2887934E-10  1.5079291E-10  6.2018645E-01
  tm169    169   1.4248750E-09  1.7922948E-09  3.6741973E-10  7.7723106E-10  1.5934587E-10  6.8820935E-01
  tm170    170   7.4752827E-40  7.4752827E-40  0.0000000E+00  3.2416658E-40  0.0000000E+00  0.0000000E+00
  tm171    171   1.6751548E-26  1.6751548E-26  0.0000000E+00  7.2643312E-27  0.0000000E+00  0.0000000E+00
  yb170    170   1.9413429E-09  2.0108346E-09  6.9491850E-11  8.7200114E-10  3.0137847E-11  1.4614048E+00
  yb171    171   2.3456923E-09  2.6762026E-09  3.3051026E-10  1.1605389E-09  1.4333865E-10  9.0829641E-01
  yb172    172   6.1572085E-09  6.6689858E-09  5.1177723E-10  2.8920146E-09  2.2195215E-10  1.1149411E+00
  yb173    173   2.7397016E-09  3.1217759E-09  3.8207434E-10  1.3537623E-09  1.6570142E-10  9.1221619E-01
  yb174    174   1.2999282E-08  1.3763780E-08  7.6449841E-10  5.9686820E-09  3.3155453E-10  1.2553235E+00
  lu175    175   1.7051216E-09  2.0501769E-09  3.4505537E-10  8.8906199E-10  1.4964671E-10  7.7386487E-01
  lu176    176   1.2910014E-09  1.3010734E-09  1.0071905E-11  5.6421223E-10  4.3680740E-12  2.1111524E+00
  lu177    177   0.0000000E+00  0.0000000E+00  0.0000000E+00  0.0000000E+00  0.0000000E+00  0.0000000E+00
  hf176    176  -2.9863959E-12  7.4512591E-11  7.7498986E-11  3.2312486E-11  3.3610455E-11 -1.7104026E-02
  hf177    177   1.3906487E-09  1.6691999E-09  2.7855115E-10  7.2385076E-10  1.2080456E-10  7.7756572E-01
  hf178    178   6.5647661E-09  6.9757249E-09  4.1095868E-10  3.0250324E-09  1.7822825E-10  1.2297535E+00
  hf179    179   2.2883782E-09  2.4947231E-09  2.0634487E-10  1.0818401E-09  8.9489492E-11  1.0823910E+00
  hf180    180   1.3004128E-08  1.3538506E-08  5.3437749E-10  5.8709917E-09  2.3175362E-10  1.4036850E+00
  hf181    181   0.0000000E+00  0.0000000E+00  0.0000000E+00  0.0000000E+00  0.0000000E+00  0.0000000E+00
  hf182    182   1.7136275E-09  1.7136275E-09  0.0000000E+00  7.4311685E-10  0.0000000E+00  0.0000000E+00
  ta181    181   3.1327032E-09  3.3591163E-09  2.2641314E-10  1.4566853E-09  9.8192877E-11  1.1712857E+00
  ta182    182   1.5722258E-17  1.5722258E-17  0.0000000E+00  6.8179783E-18  0.0000000E+00  0.0000000E+00
  ta183    183   0.0000000E+00  0.0000000E+00  0.0000000E+00  0.0000000E+00  0.0000000E+00  0.0000000E+00
   w182    182   5.9564700E-09  6.3117698E-09  3.5529971E-10  2.7371074E-09  1.5408956E-10  1.2495186E+00
   w183    183   3.5128391E-09  3.7057559E-09  1.9291678E-10  1.6070061E-09  8.3665880E-11  1.2834691E+00
   w184    184   8.6506704E-09  9.0659888E-09  4.1531820E-10  3.9314783E-09  1.8011892E-10  1.3389965E+00
   w185    185   2.2084464E-40  2.2084464E-40  0.0000000E+00  9.5768941E-41  0.0000000E+00  0.0000000E+00
   w186    186   2.9112679E-09  3.3008196E-09  3.8955170E-10  1.4314049E-09  1.6894426E-10  9.2801905E-01
  re185    185   1.6728549E-09  1.8708484E-09  1.9799347E-10  8.1129592E-10  8.5867577E-11  9.7535008E-01
  re186    186   0.0000000E+00  0.0000000E+00  0.0000000E+00  0.0000000E+00  0.0000000E+00  0.0000000E+00
  re187    187   6.0916444E-10  9.7022890E-10  3.6106446E-10  4.2074105E-10  1.5658967E-10  4.2925176E-01
  os186    186   3.5126710E-09  3.6224101E-09  1.0973909E-10  1.5708630E-09  4.7592631E-11  1.5185986E+00
  os187    187   1.0029537E-09  1.0907066E-09  8.7752874E-11  4.7298643E-10  3.8057453E-11  1.0944090E+00
  os188    188   6.5828099E-09  7.5085440E-09  9.2573416E-10  3.2560903E-09  4.0148071E-10  9.0903175E-01
  os189    189   1.3232062E-09  2.4579034E-09  1.1346972E-09  1.0658732E-09  4.9210569E-10  3.3564717E-01
  os190    190   6.9781438E-09  8.8331902E-09  1.8550463E-09  3.8305248E-09  8.0451312E-10  6.7772520E-01
  os191    191   0.0000000E+00  0.0000000E+00  0.0000000E+00  0.0000000E+00  0.0000000E+00  0.0000000E+00
  os192    192   1.3434924E-09  4.2548964E-09  2.9114040E-09  1.8451416E-09  1.2626439E-09  1.6474882E-01
  ir191    191   1.2683841E-09  3.7232120E-09  2.4548279E-09  1.6145759E-09  1.0646317E-09  1.8085907E-01
  ir192    192   6.7564726E-40  6.7564726E-40  0.0000000E+00  2.9299469E-40  0.0000000E+00  0.0000000E+00
  ir193    193   1.4460082E-09  5.6156901E-09  4.1696819E-09  2.4352516E-09  1.8083449E-09  1.2926254E-01
  pt192    192   1.9201525E-09  2.0233752E-09  1.0322279E-10  8.7743940E-10  4.4766586E-11  1.2922632E+00
  pt193    193   6.7255373E-15  6.7255373E-15  0.0000000E+00  2.9165384E-15  0.0000000E+00  0.0000000E+00
  pt194    194   5.5140057E-09  9.9110169E-09  4.3970112E-09  4.2979260E-09  1.9069353E-09  3.5292298E-01
  pt195    195   2.1633415E-09  6.6991315E-09  4.5357900E-09  2.9050873E-09  1.9671220E-09  1.6932788E-01
  pt196    196   1.0201425E-08  1.3602821E-08  3.4013952E-09  5.8988818E-09  1.4751477E-09  6.0193419E-01
  au197    197   3.2782832E-09  5.3282432E-09  2.0499600E-09  2.3105999E-09  8.8904500E-10  4.1480100E-01
  hg198    198   1.1105119E-08  1.1586672E-08  4.8155385E-10  5.0245759E-09  2.0884458E-10  1.3812762E+00
  hg199    199   4.7271884E-09  5.5461111E-09  8.1892265E-10  2.4050786E-09  3.5515768E-10  8.3070803E-01
  hg200    200   1.5581255E-08  1.6708224E-08  1.1269684E-09  7.2455437E-09  4.8875376E-10  1.1709809E+00
  hg201    201   6.3141736E-09  6.9603825E-09  6.4620892E-10  3.0183793E-09  2.8025368E-10  1.0322225E+00
  hg202    202   2.5988603E-08  2.7459935E-08  1.4713321E-09  1.1908037E-08  6.3810046E-10  1.2709512E+00
  tl203    203   1.2110876E-08  1.2692897E-08  5.8202132E-10  5.5042921E-09  2.5241623E-10  1.3385842E+00
  tl204    204   4.7816908E-21  4.7816908E-21  0.0000000E+00  2.0735867E-21  0.0000000E+00  0.0000000E+00
  tl205    205   1.4123263E-08  1.5526325E-08  1.4030613E-09  6.7330119E-09  6.0849220E-10  1.0439544E+00
  pb204    204   1.4846306E-08  1.5583002E-08  7.3669515E-10  6.7575896E-09  3.1949654E-10  1.3253256E+00
  pb205    205   0.0000000E+00  0.0000000E+00  0.0000000E+00  0.0000000E+00  0.0000000E+00  0.0000000E+00
  pb206    206   9.9740681E-08  1.0666270E-07  6.9220198E-09  4.6254424E-08  3.0020035E-09  1.1877421E+00
  pb207    207   1.2599504E-07  1.3369223E-07  7.6971851E-09  5.7975814E-08  3.3381844E-09  1.2397366E+00
  pb208    208   2.6991219E-07  2.9205032E-07  2.2138135E-08  1.2664802E-07  9.6010648E-09  1.1202791E+00
  bi209    209   2.1874960E-09  3.7271599E-09  1.5396638E-09  1.6162879E-09  6.6773526E-10  3.8391441E-01
  bi210    210   0.0000000E+00  0.0000000E+00  0.0000000E+00  0.0000000E+00  0.0000000E+00  0.0000000E+00
  po210    210   0.0000000E+00  0.0000000E+00  0.0000000E+00  0.0000000E+00  0.0000000E+00  0.0000000E+00
