  species    A      yield       mass(i)_lost    mass(i)_0        <X(i)>          X0(i)   log10(<X(i)>/X0(i)) 
      n      1   0.0000000E+00  0.0000000E+00  0.0000000E+00  0.0000000E+00  0.0000000E+00  0.0000000E+00
      p      1  -1.1885333E-01  2.2787662E+00  2.3976195E+00  6.7081720E-01  7.0584649E-01 -2.2106078E-02
      d      2   1.8636715E-17  1.8636715E-17  0.0000000E+00  5.4862274E-18  0.0000000E+00  0.0000000E+00
    he3      3   5.3518139E-05  5.3518139E-05  0.0000000E+00  1.5754529E-05  0.0000000E+00  0.0000000E+00
    he4      4   9.0914130E-02  1.0418115E+00  9.5089734E-01  3.0668575E-01  2.7993914E-01  3.9629959E-02
    li7      7   1.0893171E-08  4.1797335E-08  3.0904165E-08  1.2304191E-08  9.0980219E-09  1.3110606E-01
    be7      7   4.7370705E-12  4.7370705E-12  0.0000000E+00  1.3944864E-12  0.0000000E+00  0.0000000E+00
     b8      8   4.3072748E-24  4.3072748E-24  0.0000000E+00  1.2679643E-24  0.0000000E+00  0.0000000E+00
    c12     12   6.2750978E-03  1.4783863E-02  8.5087651E-03  4.3520350E-03  2.5049355E-03  2.3989584E-01
    c13     13   3.6399448E-03  3.7430543E-03  1.0310953E-04  1.1018706E-03  3.0354900E-05  1.5599018E+00
    c14     14   5.2452492E-08  5.2452492E-08  0.0000000E+00  1.5440827E-08  0.0000000E+00  0.0000000E+00
    n13     13   0.0000000E+00  0.0000000E+00  0.0000000E+00  0.0000000E+00  0.0000000E+00  0.0000000E+00
    n14     14   1.7220745E-02  1.9736439E-02  2.5156939E-03  5.8099614E-03  7.4060698E-04  8.9458543E-01
    n15     15  -5.8409555E-06  3.5549957E-07  6.1964552E-06  1.0465103E-07  1.8242035E-06 -1.2413298E+00
    o14     14   0.0000000E+00  0.0000000E+00  0.0000000E+00  0.0000000E+00  0.0000000E+00  0.0000000E+00
    o15     15   0.0000000E+00  0.0000000E+00  0.0000000E+00  0.0000000E+00  0.0000000E+00  0.0000000E+00
    o16     16  -1.2874156E-03  1.9259032E-02  2.0546447E-02  5.6694234E-03  6.0487650E-03 -2.8127832E-02
    o17     17   2.4444002E-05  3.2737931E-05  8.2939305E-06  9.6373069E-06  2.4416890E-06  5.9626538E-01
    o18     18  -4.5760866E-05  4.6864079E-07  4.6229507E-05  1.3795726E-07  1.3609721E-05 -1.9941046E+00
    o19     19   0.0000000E+00  0.0000000E+00  0.0000000E+00  0.0000000E+00  0.0000000E+00  0.0000000E+00
    f17     17   0.0000000E+00  0.0000000E+00  0.0000000E+00  0.0000000E+00  0.0000000E+00  0.0000000E+00
    f18     18   0.0000000E+00  0.0000000E+00  0.0000000E+00  0.0000000E+00  0.0000000E+00  0.0000000E+00
    f19     19   3.7562577E-06  5.0875410E-06  1.3312834E-06  1.4976570E-06  3.9192281E-07  5.8221185E-01
    f20     20   0.0000000E+00  0.0000000E+00  0.0000000E+00  0.0000000E+00  0.0000000E+00  0.0000000E+00
   ne19     19   0.0000000E+00  0.0000000E+00  0.0000000E+00  0.0000000E+00  0.0000000E+00  0.0000000E+00
   ne20     20   5.3271651E-07  4.2152498E-03  4.2147171E-03  1.2408742E-03  1.2407904E-03  2.9353696E-05
   ne21     21   2.1362639E-06  1.2744713E-05  1.0608449E-05  3.7517552E-06  3.1230711E-06  7.9652607E-02
   ne22     22   1.8326998E-03  2.1736019E-03  3.4090210E-04  6.3985924E-04  1.0035978E-04  8.0452478E-01
   ne23     23   0.0000000E+00  0.0000000E+00  0.0000000E+00  0.0000000E+00  0.0000000E+00  0.0000000E+00
   na21     21   0.0000000E+00  0.0000000E+00  0.0000000E+00  0.0000000E+00  0.0000000E+00  0.0000000E+00
   na22     22   1.8848485E-11  1.8848485E-11  0.0000000E+00  5.5485677E-12  0.0000000E+00  0.0000000E+00
   na23     23   5.5464021E-05  1.6955845E-04  1.1409443E-04  4.9914172E-05  3.3588796E-05  1.7202942E-01
   na24     24   0.0000000E+00  0.0000000E+00  0.0000000E+00  0.0000000E+00  0.0000000E+00  0.0000000E+00
   mg23     23   0.0000000E+00  0.0000000E+00  0.0000000E+00  0.0000000E+00  0.0000000E+00  0.0000000E+00
   mg24     24  -5.6699151E-05  1.9537967E-03  2.0104959E-03  5.7515356E-04  5.9187930E-04 -1.2449331E-02
   mg25     25   1.5538826E-04  4.2051880E-04  2.6513054E-04  1.2379122E-04  7.8053032E-05  2.0030007E-01
   mg26     26   7.8127487E-05  3.8171234E-04  3.0358485E-04  1.1236748E-04  8.9373774E-05  9.9430561E-02
   mg27     27   0.0000000E+00  0.0000000E+00  0.0000000E+00  0.0000000E+00  0.0000000E+00  0.0000000E+00
   al25     25   0.0000000E+00  0.0000000E+00  0.0000000E+00  0.0000000E+00  0.0000000E+00  0.0000000E+00
   al-6     26   6.0216263E-07  6.0216263E-07  0.0000000E+00  1.7726306E-07  0.0000000E+00  0.0000000E+00
   al*6     26   0.0000000E+00  0.0000000E+00  0.0000000E+00  0.0000000E+00  0.0000000E+00  0.0000000E+00
   al27     27   4.9167997E-05  2.4276084E-04  1.9359284E-04  7.1463299E-05  5.6992707E-05  9.8263785E-02
   al28     28   0.0000000E+00  0.0000000E+00  0.0000000E+00  0.0000000E+00  0.0000000E+00  0.0000000E+00
   si27     27   0.0000000E+00  0.0000000E+00  0.0000000E+00  0.0000000E+00  0.0000000E+00  0.0000000E+00
   si28     28   1.5989644E-05  2.2421353E-03  2.2261457E-03  6.6003395E-04  6.5536553E-04  3.0826656E-03
   si29     29   4.2004976E-06  1.2128041E-04  1.1707992E-04  3.5702211E-05  3.4467706E-05  1.5282746E-02
   si30     30   6.9198941E-06  8.6758591E-05  7.9838697E-05  2.5539768E-05  2.3504090E-05  3.6073491E-02
    p31     31   1.1988195E-06  2.3426146E-05  2.2227327E-05  6.8961276E-06  6.5436075E-06  2.2788059E-02
    p32     32   5.0465943E-31  5.0465943E-31  0.0000000E+00  1.4856033E-31  0.0000000E+00  0.0000000E+00
    p33     33   6.3258942E-31  6.3258942E-31  0.0000000E+00  1.8622002E-31  0.0000000E+00  0.0000000E+00
    s32     32  -5.4973643E-06  1.0612899E-03  1.0667873E-03  3.1241975E-04  3.1405652E-04 -2.2693360E-03
    s33     33   2.6465386E-07  9.0721260E-06  8.8074721E-06  2.6706286E-06  2.5928732E-06  1.2832237E-02
    s34     34   1.8384926E-06  5.3060412E-05  5.1221919E-05  1.5619786E-05  1.5079462E-05  1.5289243E-02
    s35     35  -3.0601104E-24 -3.0601104E-24  0.0000000E+00 -9.0082729E-25  0.0000000E+00  0.0000000E+00
    s36     36   1.5932750E-07  4.1216975E-07  2.5284226E-07  1.2133346E-07  7.4435420E-08  2.1220095E-01
   cl35     35  -1.1056454E-07  1.0832719E-05  1.0943283E-05  3.1889074E-06  3.2216446E-06 -4.4357190E-03
   cl36     36   1.3523374E-08  1.3523374E-08  0.0000000E+00  3.9809755E-09  0.0000000E+00  0.0000000E+00
   cl37     37   8.8442698E-07  4.5818047E-06  3.6973777E-06  1.3487796E-06  1.0884884E-06  9.3117215E-02
   ar36     36  -2.6082416E-06  2.0117177E-04  2.0378001E-04  5.9220420E-05  5.9991758E-05 -5.6201220E-03
   ar37     37   6.1052183E-26  6.1052183E-26  0.0000000E+00  1.7972382E-26  0.0000000E+00  0.0000000E+00
   ar38     38   1.2677119E-06  4.0377716E-05  3.9110004E-05  1.1886286E-05  1.1513776E-05  1.3828393E-02
   ar39     39   4.5597012E-10  4.5597012E-10  0.0000000E+00  1.3422730E-10  0.0000000E+00  0.0000000E+00
   ar40     40   1.2293245E-07  1.8877665E-07  6.5844205E-08  5.5571576E-08  1.9384185E-08  4.5740518E-01
    k39     39   1.4639681E-07  1.0755753E-05  1.0609356E-05  3.1662503E-06  3.1233380E-06  5.9262528E-03
    k40     40   2.8613339E-08  3.0330792E-08  1.7174535E-09  8.9286996E-09  5.0560922E-10  1.2469733E+00
    k41     41   7.5158027E-08  8.8005424E-07  8.0489622E-07  2.5906806E-07  2.3695719E-07  3.8743984E-02
   ca40     40  -1.9363360E-06  1.8174987E-04  1.8368621E-04  5.3503052E-05  5.4076245E-05 -4.6279766E-03
   ca41     41   2.6632254E-08  2.6632254E-08  0.0000000E+00  7.8399331E-09  0.0000000E+00  0.0000000E+00
   ca42     42   1.0741871E-07  1.3947104E-06  1.2872916E-06  4.1057118E-07  3.7897183E-07  3.4781523E-02
   ca43     43   2.8464058E-08  3.0345439E-07  2.7499033E-07  8.9330108E-08  8.0955701E-08  4.2750433E-02
   ca44     44   2.2602762E-08  4.3706218E-06  4.3480190E-06  1.2866122E-06  1.2800336E-06  2.2262759E-03
   ca45     45  -8.2319528E-21 -8.2319528E-21  0.0000000E+00 -2.4233007E-21  0.0000000E+00  0.0000000E+00
   ca46     46   3.8074869E-08  4.6791413E-08  8.7165439E-09  1.3774334E-08  2.5661042E-09  7.2979629E-01
   ca47     47   4.6755792E-37  4.6755792E-37  0.0000000E+00  1.3763847E-37  0.0000000E+00  0.0000000E+00
   ca48     48  -5.3105964E-10  4.2468307E-07  4.2521413E-07  1.2501710E-07  1.2518078E-07 -5.6823203E-04
   sc45     45   3.2252260E-08  1.5492158E-07  1.2266932E-07  4.5605411E-08  3.6113200E-08  1.0135040E-01
   sc46     46   5.7264142E-28  5.7264142E-28  0.0000000E+00  1.6857269E-28  0.0000000E+00  0.0000000E+00
   sc47     47   2.2082482E-36  2.2082482E-36  0.0000000E+00  6.5005832E-37  0.0000000E+00  0.0000000E+00
   sc48     48  -9.9931690E-32  7.7268249E-29  7.7368181E-29  2.2746026E-29  2.2776783E-29  0.0000000E+00
   ti46     46  -9.0360004E-09  7.4040827E-07  7.4944427E-07  2.1795945E-07  2.2063243E-07 -5.2936357E-03
   ti47     47  -1.0521717E-08  6.8003624E-07  6.9055795E-07  2.0018729E-07  2.0329659E-07 -6.6936067E-03
   ti48     48  -1.4901389E-07  6.8389409E-06  6.9879547E-06  2.0132295E-06  2.0572168E-06 -9.3867630E-03
   ti49     49   7.7566312E-08  6.0106623E-07  5.2349992E-07  1.7694030E-07  1.5411560E-07  5.9980176E-02
   ti50     50   1.2868639E-07  6.4016729E-07  5.1148089E-07  1.8845077E-07  1.5057726E-07  9.7438514E-02
    v51     51  -2.0106313E-08  1.1071085E-06  1.1272148E-06  3.2590771E-07  3.3184605E-07 -7.8420183E-03
   cr52     52  -5.2729592E-07  4.5680612E-05  4.6207908E-05  1.3447339E-05  1.3603363E-05 -5.0099194E-03
   cr53     53  -3.2615390E-08  5.3077260E-06  5.3403414E-06  1.5624745E-06  1.5721682E-06 -2.6860896E-03
   cr54     54   4.4712340E-07  1.8015307E-06  1.3544073E-06  5.3032988E-07  3.9873032E-07  1.2386685E-01
   mn55     55  -8.7347871E-09  4.0345822E-05  4.0354556E-05  1.1876898E-05  1.1880167E-05 -1.1953196E-04
   fe54     54  -6.3228363E-06  2.5957049E-04  2.6589332E-04  7.6411678E-05  7.8277582E-05 -1.0477671E-02
   fe55     55  -1.9855096E-13 -1.9855096E-13  0.0000000E+00 -5.8448912E-14  0.0000000E+00  0.0000000E+00
   fe56     56  -5.9681479E-05  4.2688036E-03  4.3284851E-03  1.2566393E-03  1.2742830E-03 -6.0552768E-03
   fe57     57   1.4377503E-05  1.1612661E-04  1.0174911E-04  3.4185050E-05  2.9954399E-05  5.7375629E-02
   fe58     58   3.2894171E-05  4.6672729E-05  1.3778556E-05  1.3739396E-05  4.0563341E-06  5.2983397E-01
   fe59     59   1.5804702E-26  1.5804702E-26  0.0000000E+00  4.6525468E-27  0.0000000E+00  0.0000000E+00
   fe60     60   4.2500551E-06  4.2500551E-06  0.0000000E+00  1.2511201E-06  0.0000000E+00  0.0000000E+00
   co59     59   8.6797572E-06  1.9305855E-05  1.0626098E-05  5.6832073E-06  3.1282668E-06  2.5928971E-01
   co60     60  -6.3710842E-13 -6.3710842E-13  0.0000000E+00 -1.8755031E-13  0.0000000E+00  0.0000000E+00
   ni58     58  -3.7779537E-06  1.4826047E-04  1.5203842E-04  4.3644530E-05  4.4759308E-05 -1.0953560E-02
   ni59     59   7.2776515E-08  7.2776515E-08  0.0000000E+00  2.1423761E-08  0.0000000E+00  0.0000000E+00
   ni60     60   2.1207707E-06  6.2705833E-05  6.0585062E-05  1.8459179E-05  1.7835922E-05  1.4916825E-02
   ni61     61   1.9190834E-06  4.5966235E-06  2.6775401E-06  1.3531420E-06  7.8825360E-07  2.3467743E-01
   ni62     62   4.5487368E-06  1.3225532E-05  8.6767950E-06  3.8932976E-06  2.5544027E-06  1.8302824E-01
   ni63     63   5.8951716E-10  5.8951716E-10  0.0000000E+00  1.7354052E-10  0.0000000E+00  0.0000000E+00
   ni64     64   1.3096683E-06  3.5907351E-06  2.2810668E-06  1.0570312E-06  6.7153400E-07  1.9701983E-01
   cu63     63   1.1336507E-06  3.0163633E-06  1.8827126E-06  8.8794911E-07  5.5426062E-07  2.0467405E-01
   cu64     64   0.0000000E+00  0.0000000E+00  0.0000000E+00  0.0000000E+00  0.0000000E+00  0.0000000E+00
   cu65     65   2.1600493E-07  1.0817851E-06  8.6578012E-07  3.1845306E-07  2.5488109E-07  9.6707813E-02
   zn64     64  -7.4658146E-08  3.1510031E-06  3.2256612E-06  9.2758404E-07  9.4961757E-07 -1.0195478E-02
   zn65     65  -5.8429932E-20 -5.8429932E-20  0.0000000E+00 -1.7200450E-20  0.0000000E+00  0.0000000E+00
   zn66     66   1.8796504E-07  2.0963832E-06  1.9084182E-06  6.1712780E-07  5.6182824E-07  4.0771551E-02
   zn67     67   4.5271975E-08  3.2996519E-07  2.8469321E-07  9.7134290E-08  8.3812175E-08  6.4065449E-02
   zn68     68   2.6821442E-07  1.5896086E-06  1.3213942E-06  4.6794483E-07  3.8901143E-07  8.0232300E-02
   zn69     69   0.0000000E+00  0.0000000E+00  0.0000000E+00  0.0000000E+00  0.0000000E+00  0.0000000E+00
   zn70     70   8.9437435E-10  4.5874195E-08  4.4979821E-08  1.3504326E-08  1.3241821E-08  8.5251899E-03
   ga69     69   3.8583323E-08  1.5972870E-07  1.2114538E-07  4.7020517E-08  3.5664559E-08  1.2005054E-01
   ga70     70   0.0000000E+00  0.0000000E+00  0.0000000E+00  0.0000000E+00  0.0000000E+00  0.0000000E+00
   ga71     71   3.1265920E-08  1.1399674E-07  8.2730821E-08  3.3558063E-08  2.4355515E-08  1.3919955E-01
   ge70     70   5.7784348E-08  1.9253125E-07  1.3474690E-07  5.6676846E-08  3.9668777E-08  1.5495688E-01
   ge71     71   1.5673688E-31  1.5673688E-31  0.0000000E+00  4.6139793E-32  0.0000000E+00  0.0000000E+00
   ge72     72   5.1217214E-08  2.3437228E-07  1.8315507E-07  6.8993899E-08  5.3919877E-08  1.0706178E-01
   ge73     73   1.5342682E-08  6.7466289E-08  5.2123607E-08  1.9860549E-08  1.5344913E-08  1.1202683E-01
   ge74     74   6.5846081E-08  3.1382984E-07  2.4798376E-07  9.2384411E-08  7.3005104E-08  1.0224549E-01
   as75     75   5.6721703E-09  4.2028709E-08  3.6356539E-08  1.2372301E-08  1.0703173E-08  6.2937953E-02
   se76     76   2.2195781E-08  6.0046247E-08  3.7850466E-08  1.7676257E-08  1.1142977E-08  2.0038906E-01
   se77     77   8.3411500E-09  3.9569091E-08  3.1227941E-08  1.1648246E-08  9.1933412E-09  1.0278714E-01
   se78     78   5.6663872E-08  1.5521195E-07  9.8548078E-08  4.5690889E-08  2.9012032E-08  1.9725148E-01
   se79     79   1.0233012E-08  1.0233012E-08  0.0000000E+00  3.0123672E-09  0.0000000E+00  0.0000000E+00
   se80     80   6.9818185E-08  2.8077068E-07  2.1095249E-07  8.2652541E-08  6.2103297E-08  1.2414156E-01
   br79     79   2.1490756E-09  3.5883719E-08  3.3734644E-08  1.0563356E-08  9.9313002E-09  2.6795782E-02
   br80     80   0.0000000E+00  0.0000000E+00  0.0000000E+00  0.0000000E+00  0.0000000E+00  0.0000000E+00
   br81     81   9.2227381E-09  4.2870649E-08  3.3647911E-08  1.2620149E-08  9.9057660E-09  1.0517644E-01
   kr80     80  -2.1137225E-10  7.8280564E-09  8.0394287E-09  2.3044029E-09  2.3667655E-09 -1.1596823E-02
   kr81     81   7.2824429E-12  7.2824429E-12  0.0000000E+00  2.1437865E-12  0.0000000E+00  0.0000000E+00
   kr82     82   3.4741383E-08  7.6031178E-08  4.1289795E-08  2.2381860E-08  1.2155497E-08  2.6512349E-01
   kr83     83   1.1678996E-08  5.3083340E-08  4.1404345E-08  1.5626535E-08  1.2189219E-08  1.0788680E-01
   kr84     84   8.4463792E-08  2.9097302E-07  2.0650923E-07  8.5655877E-08  6.0795223E-08  1.4888771E-01
   kr-5     85  -3.1836252E-13 -3.1836252E-13  0.0000000E+00 -9.3718727E-14  0.0000000E+00  0.0000000E+00
   kr*5     85   0.0000000E+00  0.0000000E+00  0.0000000E+00  0.0000000E+00  0.0000000E+00  0.0000000E+00
   kr86     86   1.8963132E-07  2.5356940E-07  6.3938067E-08  7.4645094E-08  1.8823028E-08  5.9831178E-01
   rb85     85   2.9079086E-08  6.2596008E-08  3.3516923E-08  1.8426849E-08  9.8672048E-09  2.7125695E-01
   rb86     86   6.2311966E-30  6.2311966E-30  0.0000000E+00  1.8343234E-30  0.0000000E+00  0.0000000E+00
   rb87     87   4.2720099E-08  5.6837941E-08  1.4117840E-08  1.6731803E-08  4.1562171E-09  6.0484451E-01
   sr86     86   1.8137630E-08  3.3777805E-08  1.5640175E-08  9.9434221E-09  4.6043849E-09  3.3436427E-01
   sr87     87   9.6675459E-09  2.0724745E-08  1.1057199E-08  6.1008962E-09  3.2551806E-09  2.7281857E-01
   sr88     88   3.0920819E-07  4.4329775E-07  1.3408957E-07  1.3049683E-07  3.9475257E-08  5.1927501E-01
   sr89     89  -3.2411217E-28 -3.2411217E-28  0.0000000E+00 -9.5411292E-29  0.0000000E+00  0.0000000E+00
   sr90     90   3.5866205E-13  3.5866205E-13  0.0000000E+00  1.0558199E-13  0.0000000E+00  0.0000000E+00
    y89     89   9.8804335E-08  1.3078838E-07  3.1984044E-08  3.8501142E-08  9.4159329E-09  6.1161023E-01
    y90     90   9.0702822E-17  9.0702822E-17  0.0000000E+00  2.6700859E-17  0.0000000E+00  0.0000000E+00
    y91     91  -1.3089056E-27 -1.3089056E-27  0.0000000E+00 -3.8531221E-28  0.0000000E+00  0.0000000E+00
   zr90     90   9.2374989E-08  1.3049511E-07  3.8120117E-08  3.8414811E-08  1.1222361E-08  5.3441447E-01
   zr91     91   2.9705973E-08  3.8111288E-08  8.4053147E-09  1.1219101E-08  2.4744802E-09  6.5647411E-01
   zr92     92   6.3039998E-08  7.6028968E-08  1.2988973E-08  2.2381208E-08  3.8238848E-09  7.6737869E-01
   zr93     93   1.9069770E-08  1.9069770E-08  0.0000000E+00  5.6137091E-09  0.0000000E+00  0.0000000E+00
   zr94     94   7.2084141E-08  8.5533614E-08  1.3449471E-08  2.5179162E-08  3.9594532E-09  8.0340606E-01
   zr95     95  -1.2402004E-26 -1.2402004E-26  0.0000000E+00 -3.6508695E-27  0.0000000E+00  0.0000000E+00
   zr96     96   4.4460265E-08  4.6673140E-08  2.2128741E-09  1.3739517E-08  6.5145839E-10  1.3240848E+00
   nb93     93   1.0702306E-09  6.8780976E-09  5.8078671E-09  2.0247564E-09  1.7098053E-09  7.3426127E-02
   nb94     94   5.7258771E-15  5.7258771E-15  0.0000000E+00  1.6855687E-15  0.0000000E+00  0.0000000E+00
   nb95     95  -1.4989604E-26 -1.4989604E-26  0.0000000E+00 -4.4126002E-27  0.0000000E+00  0.0000000E+00
   mo94     94  -4.7788773E-11  1.7724278E-09  1.8202165E-09  5.2176263E-10  5.3586208E-10 -1.1580047E-02
   mo95     95   9.8187023E-09  1.3002536E-08  3.1838336E-09  3.8276524E-09  9.3730379E-10  6.1105210E-01
   mo96     96   1.4551589E-08  1.7938305E-08  3.3867158E-09  5.2806315E-09  9.9703124E-10  7.2397709E-01
   mo97     97   5.2602243E-09  7.2304731E-09  1.9702491E-09  2.1284878E-09  5.8003086E-10  5.6462014E-01
   mo98     98   1.3776674E-08  1.8834783E-08  5.0581082E-09  5.5445342E-09  1.4890802E-09  5.7094699E-01
   tc99     99   1.0742200E-09  1.0742200E-09  0.0000000E+00  3.1622610E-10  0.0000000E+00  0.0000000E+00
   ru99     99   5.7277216E-10  2.3388504E-09  1.7660783E-09  6.8850470E-10  5.1992405E-10  1.2196701E-01
  ru100    100   5.9570389E-09  7.7185760E-09  1.7615372E-09  2.2721742E-09  5.1858728E-10  6.4161974E-01
  ru101    101   1.1914785E-09  3.6004177E-09  2.4089393E-09  1.0598815E-09  7.0917894E-10  1.7450148E-01
  ru102    102   7.7691285E-09  1.2268150E-08  4.4990216E-09  3.6114660E-09  1.3244881E-09  4.3563548E-01
  rh103    103   1.2118562E-09  4.0850323E-09  2.8731761E-09  1.2025412E-09  8.4584784E-10  1.5280771E-01
  pd104    104   4.2584554E-09  5.5157781E-09  1.2573227E-09  1.6237203E-09  3.7014913E-10  6.4213443E-01
  pd105    105   9.9382946E-10  3.5383239E-09  2.5444944E-09  1.0416025E-09  7.4908568E-10  1.4317049E-01
  pd106    106   4.9520090E-09  8.0959168E-09  3.1439078E-09  2.3832549E-09  9.2554975E-10  4.1077071E-01
  pd107    107   9.6708974E-10  9.6708974E-10  0.0000000E+00  2.8468936E-10  0.0000000E+00  0.0000000E+00
  pd108    108   6.5075989E-09  9.6088622E-09  3.1012635E-09  2.8286318E-09  9.1299551E-10  4.9110776E-01
  ag107    107  -4.5988768E-11  2.0898419E-09  2.1358306E-09  6.1520217E-10  6.2877720E-10 -9.4789295E-03
  ag108    108   0.0000000E+00  0.0000000E+00  0.0000000E+00  0.0000000E+00  0.0000000E+00  0.0000000E+00
  ag109    109   1.5697439E-09  3.5910983E-09  2.0213544E-09  1.0571382E-09  5.9507599E-10  2.4955933E-01
  cd108    108  -1.2921886E-12  1.1847442E-10  1.1976661E-10  3.4876192E-11  3.5258654E-11 -4.7366726E-03
  cd109    109  -3.2247113E-24 -3.2247113E-24  0.0000000E+00 -9.4928208E-25  0.0000000E+00  0.0000000E+00
  cd110    110   5.9022858E-09  7.6141928E-09  1.7119072E-09  2.2414461E-09  5.0397642E-10  6.4811808E-01
  cd111    111   1.9067843E-09  3.6771151E-09  1.7703308E-09  1.0824596E-09  5.2117599E-10  3.1742731E-01
  cd112    112   7.8933402E-09  1.1260772E-08  3.3674319E-09  3.3149166E-09  9.9135400E-10  5.2424383E-01
  cd113    113   2.3059692E-09  4.0265347E-09  1.7205656E-09  1.1853207E-09  5.0652538E-10  3.6923468E-01
  cd114    114   1.2469519E-08  1.6550478E-08  4.0809591E-09  4.8720867E-09  1.2014127E-09  6.0802275E-01
  in115    115   2.3699249E-09  3.9087196E-09  1.5387946E-09  1.1506387E-09  4.5301299E-10  4.0482834E-01
  sn116    116   1.9135515E-08  2.3949895E-08  4.8143800E-09  7.0503074E-09  1.4173279E-09  6.9673771E-01
  sn117    117   5.6253726E-09  8.1902769E-09  2.5649043E-09  2.4110323E-09  7.5509421E-10  5.0420189E-01
  sn118    118   2.9914311E-08  3.7735461E-08  7.8211508E-09  1.1108466E-08  2.3025055E-09  6.8345344E-01
  sn119    119   8.6497156E-09  1.1567584E-08  2.9178688E-09  3.4052352E-09  8.5900514E-10  5.9815139E-01
  sn120    120   5.0032508E-08  6.1192239E-08  1.1159732E-08  1.8013612E-08  3.2853658E-09  7.3901707E-01
  sb121    121   3.5268526E-09  5.2478413E-09  1.7209887E-09  1.5448458E-09  5.0664994E-10  4.8417711E-01
  te122    122   6.2745245E-09  7.4185023E-09  1.1439778E-09  2.1838393E-09  3.3678099E-10  8.1187308E-01
  te123    123   2.2871407E-09  2.6896891E-09  4.0254836E-10  7.9178364E-10  1.1850811E-10  8.2485849E-01
  te124    124   1.2000640E-08  1.4161995E-08  2.1613558E-09  4.1689709E-09  6.3629169E-10  8.1637263E-01
  te125    125   3.9268411E-09  7.1766175E-09  3.2497764E-09  2.1126338E-09  9.5671704E-10  3.4404075E-01
  te126    126   2.2630715E-08  3.1359953E-08  8.7292378E-09  9.2316608E-09  2.5698412E-09  5.5537355E-01
   i127    127   2.6665576E-09  1.3614242E-08  1.0947685E-08  4.0077248E-09  3.2229404E-09  9.4645627E-02
   i128    128   0.0000000E+00  0.0000000E+00  0.0000000E+00  0.0000000E+00  0.0000000E+00  0.0000000E+00
   i129    129   8.6153255E-12  8.6153255E-12  0.0000000E+00  2.5361570E-12  0.0000000E+00  0.0000000E+00
  xe128    128   7.1694939E-09  8.3519538E-09  1.1824599E-09  2.4586264E-09  3.4810993E-10  8.4897614E-01
  xe129    129   2.3514506E-09  1.7195759E-08  1.4844309E-08  5.0620428E-09  4.3700856E-09  6.3835867E-02
  xe130    130   1.4375828E-08  1.6777655E-08  2.4018274E-09  4.9389621E-09  7.0708528E-10  8.4416389E-01
  xe131    131   5.2158784E-09  1.7213958E-08  1.1998080E-08  5.0673998E-09  3.5321712E-09  1.5674342E-01
  xe132    132   2.8346307E-08  4.3122967E-08  1.4776660E-08  1.2694426E-08  4.3501704E-09  4.6510679E-01
  xe133    133   3.9570265E-35  3.9570265E-35  0.0000000E+00  1.1648591E-35  0.0000000E+00  0.0000000E+00
  xe134    134   1.7013242E-08  2.2551927E-08  5.5386851E-09  6.6387771E-09  1.6305596E-09  6.0975140E-01
  cs133    133   3.8011030E-09  7.6859701E-09  3.8848671E-09  2.2625757E-09  1.1436843E-09  2.9629695E-01
  cs134    134  -2.2378156E-17 -2.2378156E-17  0.0000000E+00 -6.5876230E-18  0.0000000E+00  0.0000000E+00
  cs135    135   5.4171672E-09  5.4171672E-09  0.0000000E+00  1.5946915E-09  0.0000000E+00  0.0000000E+00
  cs136    136   2.6486001E-32  2.6486001E-32  0.0000000E+00  7.7968799E-33  0.0000000E+00  0.0000000E+00
  cs137    137   4.4221622E-13  4.4221622E-13  0.0000000E+00  1.3017846E-13  0.0000000E+00  0.0000000E+00
  ba134    134   8.8037888E-09  9.9947588E-09  1.1909698E-09  2.9422309E-09  3.5061518E-10  9.2384607E-01
  ba135    135   2.9409537E-09  6.2134093E-09  3.2724556E-09  1.8290872E-09  9.6339359E-10  2.7843067E-01
  ba136    136   2.5510213E-08  2.9438047E-08  3.9278336E-09  8.6658956E-09  1.1563334E-09  8.7473041E-01
  ba137    137   3.4835338E-08  4.0493838E-08  5.6584981E-09  1.1920470E-08  1.6658319E-09  8.5466218E-01
  ba138    138   1.9125709E-07  2.2764124E-07  3.6384151E-08  6.7012429E-08  1.0711301E-08  7.9631311E-01
  la139    139   2.1454170E-08  2.6444710E-08  4.9905400E-09  7.7847249E-09  1.4691887E-09  7.2416568E-01
  ce140    140   4.7850378E-08  5.9288247E-08  1.1437869E-08  1.7453120E-08  3.3672480E-09  7.1459794E-01
  ce141    141   5.6812026E-30  5.6812026E-30  0.0000000E+00  1.6724176E-30  0.0000000E+00  0.0000000E+00
  ce142    142   4.6738711E-09  6.1316365E-09  1.4577657E-09  1.8050151E-09  4.2915851E-10  6.2386310E-01
  pr141    141   4.8090949E-09  6.7803549E-09  1.9712600E-09  1.9959832E-09  5.8032856E-10  5.3648293E-01
  nd142    142   8.8320284E-09  1.1461591E-08  2.6295626E-09  3.3740331E-09  7.7412932E-10  6.3933581E-01
  nd143    143   1.6696923E-09  2.8469731E-09  1.1772808E-09  8.3808449E-10  3.4658523E-10  3.8347775E-01
  nd144    144   4.7985815E-09  7.1383104E-09  2.3397289E-09  2.1013571E-09  6.8880385E-10  4.8440427E-01
  nd145    145   8.8828139E-10  1.7583541E-09  8.7007274E-10  5.1761967E-10  2.5614483E-10  3.0552521E-01
  nd146    146   4.1000185E-09  5.8125487E-09  1.7125301E-09  1.7110828E-09  5.0415977E-10  5.3070283E-01
  nd147    147   3.5312923E-33  3.5312923E-33  0.0000000E+00  1.0395326E-33  0.0000000E+00  0.0000000E+00
  nd148    148   6.2187466E-10  1.2011410E-09  5.7926630E-10  3.5358874E-10  1.7053293E-10  3.1669015E-01
  pm147    147  -1.4633123E-16 -1.4633123E-16  0.0000000E+00 -4.3076605E-17  0.0000000E+00  0.0000000E+00
  pm148    148   0.0000000E+00  0.0000000E+00  0.0000000E+00  0.0000000E+00  0.0000000E+00  0.0000000E+00
  sm147    147   4.8270093E-10  9.4897845E-10  4.6627752E-10  2.7935779E-10  1.3726963E-10  3.0858630E-01
  sm148    148   9.7010422E-10  1.3221121E-09  3.5200792E-10  3.8919989E-10  1.0362927E-10  5.7469028E-01
  sm149    149   1.7544305E-10  6.1117611E-10  4.3573306E-10  1.7991643E-10  1.2827750E-10  1.4692035E-01
  sm150    150   8.7883512E-10  1.1130818E-09  2.3424676E-10  3.2766612E-10  6.8961011E-11  6.7682791E-01
  sm151    151   1.8219758E-14  1.8219758E-14  0.0000000E+00  5.3634846E-15  0.0000000E+00  0.0000000E+00
  sm152    152   7.6654216E-10  1.6269467E-09  8.6040453E-10  4.7893634E-10  2.5329852E-10  2.7664512E-01
  eu151    151   1.1652213E-10  6.8409506E-10  5.6757293E-10  2.0138212E-10  1.6709047E-10  8.1069253E-02
  eu152    152  -3.8084218E-18 -3.8084218E-18  0.0000000E+00 -1.1211132E-18  0.0000000E+00  0.0000000E+00
  eu153    153   1.2668294E-10  7.5446061E-10  6.2777766E-10  2.2209615E-10  1.8481443E-10  7.9805143E-02
  eu154    154  -5.8435274E-17 -5.8435274E-17  0.0000000E+00 -1.7202023E-17  0.0000000E+00  0.0000000E+00
  eu155    155  -8.3589473E-17 -8.3589473E-17  0.0000000E+00 -2.4606850E-17  0.0000000E+00  0.0000000E+00
  gd152    152   1.3630590E-14  8.3007282E-12  8.2870976E-12  2.4435467E-12  2.4396776E-12  6.8817654E-04
  gd153    153  -2.3104411E-27 -2.3104411E-27  0.0000000E+00 -6.8014163E-28  0.0000000E+00  0.0000000E+00
  gd154    154   3.5148534E-10  4.4300397E-10  9.1518633E-11  1.3041035E-10  2.6942601E-11  6.8487257E-01
  gd155    155   1.2647161E-10  7.5182244E-10  6.2535083E-10  2.2131952E-10  1.8409997E-10  7.9965979E-02
  gd156    156   5.4757415E-10  1.4180650E-09  8.7049085E-10  4.1744627E-10  2.5626790E-10  2.1190640E-01
  gd157    157   2.5667241E-10  9.2645530E-10  6.6978290E-10  2.7272748E-10  1.9718054E-10  1.4086486E-01
  gd158    158   1.0955739E-09  2.1654563E-09  1.0698824E-09  6.3746136E-10  3.1496772E-10  3.0618784E-01
  gd159    159   0.0000000E+00  0.0000000E+00  0.0000000E+00  0.0000000E+00  0.0000000E+00  0.0000000E+00
  gd160    160   6.0535132E-11  1.0139863E-09  9.5345121E-10  2.9849465E-10  2.8069097E-10  2.6708111E-02
  tb159    159   2.2793256E-10  1.0350315E-09  8.0709894E-10  3.0468986E-10  2.3760566E-10  1.0800123E-01
  tb160    160   4.6933497E-28  4.6933497E-28  0.0000000E+00  1.3816160E-28  0.0000000E+00  0.0000000E+00
  tb161    161   3.5812704E-35  3.5812704E-35  0.0000000E+00  1.0542450E-35  0.0000000E+00  0.0000000E+00
  dy160    160   3.8026782E-10  5.0239563E-10  1.2212782E-10  1.4789391E-10  3.5953782E-11  6.1420572E-01
  dy161    161   1.5773760E-10  1.1544373E-09  9.9669972E-10  3.3984024E-10  2.9342309E-10  6.3780531E-02
  dy162    162   7.5184159E-10  2.1044151E-09  1.3525735E-09  6.1949224E-10  3.9819045E-10  1.9194505E-01
  dy163    163   3.0411818E-10  1.6340967E-09  1.3299786E-09  4.8104115E-10  3.9153866E-10  8.9407571E-02
  dy164    164   1.5697635E-09  3.0886889E-09  1.5189253E-09  9.0924013E-10  4.4716358E-10  3.0821219E-01
  ho165    165   2.6802860E-10  1.4510959E-09  1.1830673E-09  4.2716983E-10  3.4828876E-10  8.8661104E-02
  er166    166   6.3999717E-10  1.7638818E-09  1.1238847E-09  5.1924692E-10  3.3086567E-10  1.9572224E-01
  er167    167   2.5352936E-10  1.0252967E-09  7.7176737E-10  3.0182418E-10  2.2720421E-10  1.2333765E-01
  er168    168   9.9945063E-10  1.9153359E-09  9.1588526E-10  5.6383159E-10  2.6963179E-10  3.2037830E-01
  er169    169   1.2970913E-33  1.2970913E-33  0.0000000E+00  3.8183436E-34  0.0000000E+00  0.0000000E+00
  er170    170   3.8613851E-10  8.9835189E-10  5.1221338E-10  2.6445449E-10  1.5079291E-10  2.4397002E-01
  tm169    169   2.4260449E-10  7.8387064E-10  5.4126614E-10  2.3075379E-10  1.5934587E-10  1.6080803E-01
  tm170    170  -1.9103929E-24 -1.9103929E-24  0.0000000E+00 -5.6237647E-25  0.0000000E+00  0.0000000E+00
  tm171    171  -3.7139433E-17 -3.7139433E-17  0.0000000E+00 -1.0933009E-17  0.0000000E+00  0.0000000E+00
  yb170    170   3.1980149E-10  4.2217374E-10  1.0237226E-10  1.2427841E-10  3.0137847E-11  6.1528349E-01
  yb171    171   4.8256998E-10  9.6946273E-10  4.8689275E-10  2.8538791E-10  1.4333865E-10  2.9907227E-01
  yb172    172   1.2260242E-09  1.9799513E-09  7.5392709E-10  5.8285288E-10  2.2195215E-10  4.1929960E-01
  yb173    173   5.4884797E-10  1.1117026E-09  5.6285465E-10  3.2726011E-10  1.6570142E-10  2.9556683E-01
  yb174    174   2.3351472E-09  3.4613716E-09  1.1262246E-09  1.0189495E-09  3.3155453E-10  4.8759770E-01
  lu175    175   2.9451724E-10  8.0283724E-10  5.0832000E-10  2.3633712E-10  1.4964671E-10  1.9846475E-01
  lu176    176   2.2957540E-10  2.4441288E-10  1.4837475E-11  7.1949627E-11  4.3680740E-12  1.2167386E+00
  lu177    177   5.3319815E-35  5.3319815E-35  0.0000000E+00  1.5696148E-35  0.0000000E+00  0.0000000E+00
  hf176    176  -3.4334410E-12  1.1073455E-10  1.1416799E-10  3.2597747E-11  3.3610455E-11 -1.3286808E-02
  hf177    177   2.3636085E-10  6.4670980E-10  4.1034895E-10  1.9037674E-10  1.2080456E-10  1.9753055E-01
  hf178    178   1.0950985E-09  1.7005042E-09  6.0540573E-10  5.0058996E-10  1.7822825E-10  4.4850558E-01
  hf179    179   3.8204070E-10  6.8601863E-10  3.0397793E-10  2.0194837E-10  8.9489492E-11  3.5346833E-01
  hf180    180   2.0491655E-09  2.8363862E-09  7.8722073E-10  8.3496798E-10  2.3175362E-10  5.5664331E-01
  hf181    181   1.7361565E-29  1.7361565E-29  0.0000000E+00  5.1108520E-30  0.0000000E+00  0.0000000E+00
  hf182    182   7.4224454E-10  7.4224454E-10  0.0000000E+00  2.1850001E-10  0.0000000E+00  0.0000000E+00
  ta181    181   5.0581095E-10  8.3935253E-10  3.3354158E-10  2.4708641E-10  9.8192877E-11  4.0076888E-01
  ta182    182   6.8100494E-18  6.8100494E-18  0.0000000E+00  2.0047245E-18  0.0000000E+00  0.0000000E+00
  ta183    183   9.5720505E-37  9.5720505E-37  0.0000000E+00  2.8177953E-37  0.0000000E+00  0.0000000E+00
   w182    182   8.0562407E-10  1.3290355E-09  5.2341148E-10  3.9123801E-10  1.5408956E-10  4.0466785E-01
   w183    183   6.2548211E-10  9.0967839E-10  2.8419628E-10  2.6778874E-10  8.3665880E-11  5.0524390E-01
   w184    184   1.4816522E-09  2.0934803E-09  6.1182803E-10  6.1627325E-10  1.8011892E-10  5.3421402E-01
   w185    185  -2.6456555E-27 -2.6456555E-27  0.0000000E+00 -7.7882118E-28  0.0000000E+00  0.0000000E+00
   w186    186   9.8163655E-10  1.5555064E-09  5.7386990E-10  4.5790591E-10  1.6894426E-10  4.3303281E-01
  re185    185   2.7451957E-10  5.6619459E-10  2.9167502E-10  1.6667488E-10  8.5867577E-11  2.8804094E-01
  re186    186   3.5152881E-37  3.5152881E-37  0.0000000E+00  1.0348214E-37  0.0000000E+00  0.0000000E+00
  re187    187   1.4927454E-10  6.8117834E-10  5.3190380E-10  2.0052350E-10  1.5658967E-10  1.0740217E-01
  os186    186   4.8003651E-10  6.4169919E-10  1.6166267E-10  1.8890173E-10  4.7592631E-11  5.9869623E-01
  os187    187   1.3533064E-10  2.6460420E-10  1.2927356E-10  7.7893490E-11  3.8057453E-11  3.1106141E-01
  os188    188   7.5741036E-10  2.1211601E-09  1.3637498E-09  6.2442157E-10  4.0148071E-10  1.9181320E-01
  os189    189   1.6205193E-10  1.8336367E-09  1.6715848E-09  5.3978116E-10  4.9210569E-10  4.0159337E-02
  os190    190   8.8795704E-10  3.6207273E-09  2.7327702E-09  1.0658602E-09  8.0451312E-10  1.2216710E-01
  os191    191   1.1422860E-31  1.1422860E-31  0.0000000E+00  3.3626318E-32  0.0000000E+00  0.0000000E+00
  os192    192   1.4186208E-10  4.4308113E-09  4.2889492E-09  1.3043306E-09  1.2626439E-09  1.4106833E-02
  ir191    191   9.9185549E-11  3.7155270E-09  3.6163414E-09  1.0937671E-09  1.0646317E-09  1.1725459E-02
  ir192    192   2.7673553E-27  2.7673553E-27  0.0000000E+00  8.1464680E-28  0.0000000E+00  0.0000000E+00
  ir193    193   6.9416473E-11  6.2120034E-09  6.1425869E-09  1.8286733E-09  1.8083449E-09  4.8548570E-03
  pt192    192   2.5418462E-10  4.0624776E-10  1.5206315E-10  1.1959016E-10  4.4766586E-11  4.2674145E-01
  pt193    193   2.4976653E-15  2.4976653E-15  0.0000000E+00  7.3525620E-16  0.0000000E+00  0.0000000E+00
  pt194    194   6.4508221E-10  7.1225603E-09  6.4774781E-09  2.0967206E-09  1.9069353E-09  4.1204628E-02
  pt195    195   1.4195400E-10  6.8238748E-09  6.6819208E-09  2.0087945E-09  1.9671220E-09  9.1041904E-03
  pt196    196   1.2850094E-09  6.2957910E-09  5.0107816E-09  1.8533385E-09  1.4751477E-09  9.9119231E-02
  au197    197   3.7613135E-10  3.3960397E-09  3.0199083E-09  9.9971731E-10  8.8904500E-10  5.0953489E-02
  hg198    198   1.5204267E-09  2.2298301E-09  7.0940337E-10  6.5641154E-10  2.0884458E-10  4.9735302E-01
  hg199    199   6.3562711E-10  1.8420269E-09  1.2063998E-09  5.4225108E-10  3.5515768E-10  1.8377921E-01
  hg200    200   2.0947739E-09  3.7549728E-09  1.6601989E-09  1.1053791E-09  4.8875376E-10  3.5442114E-01
  hg201    201   8.5232643E-10  1.8042922E-09  9.5196573E-10  5.3114280E-10  2.8025368E-10  2.7765998E-01
  hg202    202   3.1359362E-09  5.3034359E-09  2.1674997E-09  1.5612116E-09  6.3810046E-10  3.8857269E-01
  tl203    203   1.6403421E-09  2.4977496E-09  8.5740748E-10  7.3528100E-10  2.5241623E-10  4.6433604E-01
  tl204    204  -9.5578097E-16 -9.5578097E-16  0.0000000E+00 -2.8136031E-16  0.0000000E+00  0.0000000E+00
  tl205    205   2.5168507E-09  4.5837774E-09  2.0669266E-09  1.3493604E-09  6.0849220E-10  3.4587297E-01
  pb204    204   1.2631906E-09  2.3484565E-09  1.0852660E-09  6.9133249E-10  3.1949654E-10  3.3522081E-01
  pb205    205   3.8806774E-10  3.8806774E-10  0.0000000E+00  1.1423837E-10  0.0000000E+00  0.0000000E+00
  pb206    206   8.5323046E-09  1.8729510E-08  1.0197206E-08  5.5135443E-09  3.0020035E-09  2.6401967E-01
  pb207    207   8.4541218E-09  1.9793267E-08  1.1339146E-08  5.8266902E-09  3.3381844E-09  2.4191161E-01
  pb208    208   1.4532397E-08  4.7145296E-08  3.2612899E-08  1.3878509E-08  9.6010648E-09  1.6002341E-01
  bi209    209   2.6129032E-10  2.5294535E-09  2.2681632E-09  7.4461393E-10  6.6773526E-10  4.7326826E-02
  bi210    210   1.0818710E-37  1.0818710E-37  0.0000000E+00  3.1847837E-38  0.0000000E+00  0.0000000E+00
  po210    210   1.1333430E-10  1.1333430E-10  0.0000000E+00  3.3363055E-11  0.0000000E+00  0.0000000E+00
