  species    A      yield       mass(i)_lost    mass(i)_0        <X(i)>           X0(i)   log10(<X(i)>/X0(i)) 
      n      1   0.0000000E+00  0.0000000E+00  0.0000000E+00  0.0000000E+00  0.0000000E+00  0.0000000E+00
      p      1  -1.4042497E-01  2.4273036E+00  2.5677285E+00  6.6720819E-01  7.0584649E-01 -2.4448890E-02
      d      2   1.8455741E-17  1.8455741E-17  0.0000000E+00  5.0730458E-18  0.0000000E+00  0.0000000E+00
    he3      3   4.2618627E-05  4.2618627E-05  0.0000000E+00  1.1714850E-05  0.0000000E+00  0.0000000E+00
    he4      4   1.1414874E-01  1.1325114E+00  1.0183626E+00  3.1130055E-01  2.7993914E-01  4.6116237E-02
    li7      7  -7.4310691E-10  3.2353682E-08  3.3096789E-08  8.8932604E-09  9.0980219E-09 -9.8860050E-03
    be7      7   5.2549458E-12  5.2549458E-12  0.0000000E+00  1.4444600E-12  0.0000000E+00  0.0000000E+00
     b8      8   6.1963095E-24  6.1963095E-24  0.0000000E+00  1.7032185E-24  0.0000000E+00  0.0000000E+00
    c12     12   2.8949939E-03  1.2007449E-02  9.1124550E-03  3.3005630E-03  2.5049355E-03  1.1979149E-01
    c13     13   2.7834396E-03  2.8938646E-03  1.1042506E-04  7.9545478E-04  3.0354900E-05  1.4183867E+00
    c14     14   2.2803656E-08  2.2803656E-08  0.0000000E+00  6.2681846E-09  0.0000000E+00  0.0000000E+00
    n13     13   0.0000000E+00  0.0000000E+00  0.0000000E+00  0.0000000E+00  0.0000000E+00  0.0000000E+00
    n14     14   2.0235362E-02  2.2929542E-02  2.6941802E-03  6.3027875E-03  7.4060698E-04  9.2994493E-01
    n15     15  -6.2293166E-06  4.0677114E-07  6.6360876E-06  1.1181174E-07  1.8242035E-06 -1.2125859E+00
    o14     14   0.0000000E+00  0.0000000E+00  0.0000000E+00  0.0000000E+00  0.0000000E+00  0.0000000E+00
    o15     15   0.0000000E+00  0.0000000E+00  0.0000000E+00  0.0000000E+00  0.0000000E+00  0.0000000E+00
    o16     16  -1.5161708E-03  2.0488027E-02  2.2004198E-02  5.6316731E-03  6.0487650E-03 -3.1029277E-02
    o17     17   2.4037432E-05  3.2919808E-05  8.8823772E-06  9.0488747E-06  2.4416890E-06  5.6890422E-01
    o18     18  -4.9333590E-05  1.7585685E-07  4.9509446E-05  4.8338880E-08  1.3609721E-05 -2.4495528E+00
    o19     19   0.0000000E+00  0.0000000E+00  0.0000000E+00  0.0000000E+00  0.0000000E+00  0.0000000E+00
    f17     17   0.0000000E+00  0.0000000E+00  0.0000000E+00  0.0000000E+00  0.0000000E+00  0.0000000E+00
    f18     18   0.0000000E+00  0.0000000E+00  0.0000000E+00  0.0000000E+00  0.0000000E+00  0.0000000E+00
    f19     19   2.9397777E-06  4.3655145E-06  1.4257369E-06  1.1999765E-06  3.9192281E-07  4.8597223E-01
    f20     20   0.0000000E+00  0.0000000E+00  0.0000000E+00  0.0000000E+00  0.0000000E+00  0.0000000E+00
   ne19     19   0.0000000E+00  0.0000000E+00  0.0000000E+00  0.0000000E+00  0.0000000E+00  0.0000000E+00
   ne20     20  -2.9392540E-06  4.5108078E-03  4.5137471E-03  1.2399141E-03  1.2407904E-03 -3.0680530E-04
   ne21     21   1.0294689E-06  1.2390578E-05  1.1361110E-05  3.4058762E-06  3.1230711E-06  3.7646987E-02
   ne22     22   1.5669951E-03  1.9320839E-03  3.6508881E-04  5.3108408E-04  1.0035978E-04  7.2360361E-01
   ne23     23   0.0000000E+00  0.0000000E+00  0.0000000E+00  0.0000000E+00  0.0000000E+00  0.0000000E+00
   na21     21   0.0000000E+00  0.0000000E+00  0.0000000E+00  0.0000000E+00  0.0000000E+00  0.0000000E+00
   na22     22   2.3262834E-11  2.3262834E-11  0.0000000E+00  6.3944019E-12  0.0000000E+00  0.0000000E+00
   na23     23   5.7710946E-05  1.7990028E-04  1.2218933E-04  4.9450322E-05  3.3588796E-05  1.6797468E-01
   na24     24   0.0000000E+00  0.0000000E+00  0.0000000E+00  0.0000000E+00  0.0000000E+00  0.0000000E+00
   mg23     23   0.0000000E+00  0.0000000E+00  0.0000000E+00  0.0000000E+00  0.0000000E+00  0.0000000E+00
   mg24     24  -5.2602729E-05  2.1005359E-03  2.1531386E-03  5.7738752E-04  5.9187930E-04 -1.0765754E-02
   mg25     25   1.3030763E-04  4.1424896E-04  2.8394134E-04  1.1386722E-04  7.8053032E-05  1.6400896E-01
   mg26     26   6.8130408E-05  3.9325433E-04  3.2512392E-04  1.0809630E-04  8.9373774E-05  8.2600728E-02
   mg27     27   0.0000000E+00  0.0000000E+00  0.0000000E+00  0.0000000E+00  0.0000000E+00  0.0000000E+00
   al25     25   0.0000000E+00  0.0000000E+00  0.0000000E+00  0.0000000E+00  0.0000000E+00  0.0000000E+00
   al-6     26   0.0000000E+00  0.0000000E+00  0.0000000E+00  0.0000000E+00  0.0000000E+00  0.0000000E+00
   al*6     26   0.0000000E+00  0.0000000E+00  0.0000000E+00  0.0000000E+00  0.0000000E+00  0.0000000E+00
   al27     27   4.7056994E-05  2.5438509E-04  2.0732809E-04  6.9924434E-05  5.6992707E-05  8.8809714E-02
   al28     28   0.0000000E+00  0.0000000E+00  0.0000000E+00  0.0000000E+00  0.0000000E+00  0.0000000E+00
   si27     27   0.0000000E+00  0.0000000E+00  0.0000000E+00  0.0000000E+00  0.0000000E+00  0.0000000E+00
   si28     28   1.5476253E-05  2.3995650E-03  2.3840887E-03  6.5958354E-04  6.5536553E-04  2.7862105E-03
   si29     29   3.8388825E-06  1.2922552E-04  1.2538664E-04  3.5521032E-05  3.4467706E-05  1.3073189E-02
   si30     30   7.0652750E-06  9.2568458E-05  8.5503183E-05  2.5444875E-05  2.3504090E-05  3.4456879E-02
    p31     31   8.8204251E-07  2.4686378E-05  2.3804336E-05  6.7857004E-06  6.5436075E-06  1.5777435E-02
    p32     32   6.6789106E-31  6.6789106E-31  0.0000000E+00  1.8358743E-31  0.0000000E+00  0.0000000E+00
    p33     33   1.0427404E-30  1.0427404E-30  0.0000000E+00  2.8662462E-31  0.0000000E+00  0.0000000E+00
    s32     32  -6.0143648E-06  1.1364606E-03  1.1424749E-03  3.1238608E-04  3.1405652E-04 -2.3161513E-03
    s33     33   3.7348309E-07  9.8058372E-06  9.4323541E-06  2.6953921E-06  2.5928732E-06  1.6840680E-02
    s34     34   1.6694103E-06  5.6525481E-05  5.4856071E-05  1.5537515E-05  1.5079462E-05  1.2995667E-02
    s35     35   5.5066554E-25  5.5066554E-25  0.0000000E+00  1.5136490E-25  0.0000000E+00  0.0000000E+00
    s36     36   1.3028546E-07  4.0106664E-07  2.7078119E-07  1.1024371E-07  7.4435420E-08  1.7057420E-01
   cl35     35  -9.5112227E-08  1.1624587E-05  1.1719700E-05  3.1953236E-06  3.2216446E-06 -3.5627896E-03
   cl36     36   0.0000000E+00  0.0000000E+00  0.0000000E+00  0.0000000E+00  0.0000000E+00  0.0000000E+00
   cl37     37   7.8241692E-07  4.7421199E-06  3.9597030E-06  1.3034963E-06  1.0884884E-06  7.8286029E-02
   ar36     36  -2.2554887E-06  2.1598254E-04  2.1823803E-04  5.9368482E-05  5.9991758E-05 -4.5356820E-03
   ar37     37   1.0930717E-25  1.0930717E-25  0.0000000E+00  3.0045949E-26  0.0000000E+00  0.0000000E+00
   ar38     38   9.7436350E-07  4.2859185E-05  4.1884821E-05  1.1780974E-05  1.1513776E-05  9.9634314E-03
   ar39     39   4.3174858E-10  4.3174858E-10  0.0000000E+00  1.1867746E-10  0.0000000E+00  0.0000000E+00
   ar40     40   8.2284942E-08  1.5280074E-07  7.0515796E-08  4.2001300E-08  1.9384185E-08  3.3581522E-01
    k39     39   1.0712210E-07  1.1469201E-05  1.1362079E-05  3.1526115E-06  3.1233380E-06  4.0514567E-03
    k40     40  -1.8393053E-09  0.0000000E+00  1.8393053E-09  0.0000000E+00  5.0560922E-10  0.0000000E+00
    k41     41   8.2774648E-08  9.4477753E-07  8.6200288E-07  2.5969695E-07  2.3695719E-07  3.9796885E-02
   ca40     40  -1.4404359E-06  1.9527815E-04  1.9671858E-04  5.3677333E-05  5.4076245E-05 -3.2156003E-03
   ca41     41   0.0000000E+00  0.0000000E+00  0.0000000E+00  0.0000000E+00  0.0000000E+00  0.0000000E+00
   ca42     42   8.1929329E-08  1.4605530E-06  1.3786237E-06  4.0147140E-07  3.7897183E-07  2.5047686E-02
   ca43     43   2.1567672E-08  3.1606834E-07  2.9450067E-07  8.6879695E-08  8.0955701E-08  3.0670818E-02
   ca44     44   7.9949132E-09  4.6645018E-06  4.6565069E-06  1.2821610E-06  1.2800336E-06  7.2120514E-04
   ca45     45   4.7485919E-21  4.7485919E-21  0.0000000E+00  1.3052754E-21  0.0000000E+00  0.0000000E+00
   ca46     46   2.6996901E-08  3.6331876E-08  9.3349746E-09  9.9867714E-09  2.5661042E-09  5.9015083E-01
   ca47     47   1.6857302E-37  1.6857302E-37  0.0000000E+00  4.6336728E-38  0.0000000E+00  0.0000000E+00
   ca48     48  -4.7126036E-10  4.5491143E-07  4.5538269E-07  1.2504437E-07  1.2518078E-07 -4.7350532E-04
   sc45     45   2.5929538E-08  1.5730214E-07  1.3137260E-07  4.3238629E-08  3.6113200E-08  7.8205951E-02
   sc46     46   9.4819896E-28  9.4819896E-28  0.0000000E+00  2.6063742E-28  0.0000000E+00  0.0000000E+00
   sc47     47   7.6444172E-37  7.6444172E-37  0.0000000E+00  2.1012690E-37  0.0000000E+00  0.0000000E+00
   sc48     48  -8.6251569E-32  8.2771137E-29  8.2857388E-29  2.2751823E-29  2.2776783E-29  0.0000000E+00
   ti46     46  -8.9727905E-09  7.9364389E-07  8.0261668E-07  2.1815390E-07  2.2063243E-07 -4.9063386E-03
   ti47     47  -1.0387510E-08  7.2916487E-07  7.3955238E-07  2.0043014E-07  2.0329659E-07 -6.1670877E-03
   ti48     48  -1.3417002E-07  7.3495735E-06  7.4837435E-06  2.0202235E-06  2.0572168E-06 -7.8806337E-03
   ti49     49   6.9597490E-08  6.3023924E-07  5.6064175E-07  1.7323782E-07  1.5411560E-07  5.0796140E-02
   ti50     50   9.7631641E-08  6.4540166E-07  5.4777001E-07  1.7740561E-07  1.5057726E-07  7.1207948E-02
    v51     51  -1.9196705E-08  1.1879929E-06  1.2071896E-06  3.2655109E-07  3.3184605E-07 -6.9855284E-03
   cr52     52  -4.5840352E-07  4.9027913E-05  4.9486316E-05  1.3476611E-05  1.3603363E-05 -4.0655681E-03
   cr53     53  -2.6972430E-08  5.6922618E-06  5.7192342E-06  1.5646679E-06  1.5721682E-06 -2.0768449E-03
   cr54     54   3.9959366E-07  1.8500949E-06  1.4505013E-06  5.0854726E-07  3.9873032E-07  1.0565207E-01
   mn55     55   6.2780600E-08  4.3280455E-05  4.3217675E-05  1.1896771E-05  1.1880167E-05  6.0655043E-04
   fe54     54  -5.6246936E-06  2.7913350E-04  2.8475819E-04  7.6727185E-05  7.8277582E-05 -8.6881313E-03
   fe55     55  -1.0074241E-13 -1.0074241E-13  0.0000000E+00 -2.7691701E-14  0.0000000E+00  0.0000000E+00
   fe56     56  -5.1716808E-05  4.5838701E-03  4.6355869E-03  1.2599973E-03  1.2742830E-03 -4.8963116E-03
   fe57     57   1.3338555E-05  1.2230666E-04  1.0896811E-04  3.3619202E-05  2.9954399E-05  5.0126784E-02
   fe58     58   2.8300256E-05  4.3056389E-05  1.4756132E-05  1.1835181E-05  4.0563341E-06  4.6504122E-01
   fe59     59   3.9509766E-26  3.9509766E-26  0.0000000E+00  1.0860298E-26  0.0000000E+00  0.0000000E+00
   fe60     60   0.0000000E+00  0.0000000E+00  0.0000000E+00  0.0000000E+00  0.0000000E+00  0.0000000E+00
   co59     59   8.0077934E-06  1.9387804E-05  1.1380011E-05  5.3292479E-06  3.1282668E-06  2.3136213E-01
   co60     60  -7.2366418E-13 -7.2366418E-13  0.0000000E+00 -1.9891813E-13  0.0000000E+00  0.0000000E+00
   ni58     58  -3.3669348E-06  1.5945849E-04  1.6282542E-04  4.3831358E-05  4.4759308E-05 -9.0984572E-03
   ni59     59   0.0000000E+00  0.0000000E+00  0.0000000E+00  0.0000000E+00  0.0000000E+00  0.0000000E+00
   ni60     60   5.7829675E-06  7.0666487E-05  6.4883519E-05  1.9424542E-05  1.7835922E-05  3.7055209E-02
   ni61     61   1.7710972E-06  4.6386062E-06  2.8675090E-06  1.2750429E-06  7.8825360E-07  2.0885885E-01
   ni62     62   3.0131405E-06  1.2305547E-05  9.2924065E-06  3.3825031E-06  2.5544027E-06  1.2194882E-01
   ni63     63   0.0000000E+00  0.0000000E+00  0.0000000E+00  0.0000000E+00  0.0000000E+00  0.0000000E+00
   ni64     64   1.5072956E-06  3.9502020E-06  2.4429064E-06  1.0858168E-06  6.7153400E-07  2.0868857E-01
   cu63     63   1.4382649E-06  3.4545542E-06  2.0162893E-06  9.4957505E-07  5.5426062E-07  2.3381528E-01
   cu64     64   0.0000000E+00  0.0000000E+00  0.0000000E+00  0.0000000E+00  0.0000000E+00  0.0000000E+00
   cu65     65   2.1428258E-07  1.1414891E-06  9.2720649E-07  3.1376828E-07  2.5488109E-07  9.0271406E-02
   zn64     64  -6.4385858E-08  3.3901331E-06  3.4545189E-06  9.3186725E-07  9.4961757E-07 -8.1946943E-03
   zn65     65  -1.0285672E-20 -1.0285672E-20  0.0000000E+00 -2.8272874E-21  0.0000000E+00  0.0000000E+00
   zn66     66   1.7127059E-07  2.2150894E-06  2.0438188E-06  6.0887555E-07  5.6182824E-07  3.4924909E-02
   zn67     67   4.0221039E-08  3.4511299E-07  3.0489196E-07  9.4863381E-08  8.3812175E-08  5.3791486E-02
   zn68     68   2.0070911E-07  1.6158550E-06  1.4151459E-06  4.4416024E-07  3.8901143E-07  5.7577316E-02
   zn69     69   0.0000000E+00  0.0000000E+00  0.0000000E+00  0.0000000E+00  0.0000000E+00  0.0000000E+00
   zn70     70   3.1356961E-10  4.8484672E-08  4.8171103E-08  1.3327287E-08  1.3241821E-08  2.7940292E-03
   ga69     69   2.7870342E-08  1.5761088E-07  1.2974054E-07  4.3323496E-08  3.5664559E-08  8.4486634E-02
   ga70     70   0.0000000E+00  0.0000000E+00  0.0000000E+00  0.0000000E+00  0.0000000E+00  0.0000000E+00
   ga71     71   1.9819723E-08  1.0842022E-07  8.8600501E-08  2.9802150E-08  2.4355515E-08  8.7650314E-02
   ge70     70   3.8859469E-08  1.8316656E-07  1.4430709E-07  5.0348145E-08  3.9668777E-08  1.0353467E-01
   ge71     71   1.6041025E-31  1.6041025E-31  0.0000000E+00  4.4092975E-32  0.0000000E+00  0.0000000E+00
   ge72     72   2.8745688E-08  2.2489543E-07  1.9614974E-07  6.1818426E-08  5.3919877E-08  5.9369043E-02
   ge73     73   8.3715186E-09  6.4193252E-08  5.5821733E-08  1.7645203E-08  1.5344913E-08  6.0662176E-02
   ge74     74   3.0065934E-08  2.9564393E-07  2.6557800E-07  8.1265512E-08  7.3005104E-08  4.6553042E-02
   as75     75   2.3564546E-09  4.1292459E-08  3.8936005E-08  1.1350318E-08  1.0703173E-08  2.5495501E-02
   se76     76   9.8610471E-09  5.0396970E-08  4.0535923E-08  1.3852932E-08  1.1142977E-08  9.4540440E-02
   se77     77   3.3726835E-09  3.6816221E-08  3.3443538E-08  1.0119907E-08  9.1933412E-09  4.1703124E-02
   se78     78   2.0576408E-08  1.2611639E-07  1.0553998E-07  3.4666407E-08  2.9012032E-08  7.7330664E-02
   se79     79   0.0000000E+00  0.0000000E+00  0.0000000E+00  0.0000000E+00  0.0000000E+00  0.0000000E+00
   se80     80   1.7413484E-08  2.4333289E-07  2.2591941E-07  6.6886443E-08  6.2103297E-08  3.2223403E-02
   br79     79   4.1006132E-09  4.0228699E-08  3.6128085E-08  1.1057915E-08  9.9313002E-09  4.6667159E-02
   br80     80   0.0000000E+00  0.0000000E+00  0.0000000E+00  0.0000000E+00  0.0000000E+00  0.0000000E+00
   br81     81   2.1083082E-09  3.8143508E-08  3.6035200E-08  1.0484746E-08  9.9057660E-09  2.4669852E-02
   kr80     80  -1.9556712E-10  8.4142524E-09  8.6098195E-09  2.3128786E-09  2.3667655E-09 -1.0002409E-02
   kr81     81   0.0000000E+00  0.0000000E+00  0.0000000E+00  0.0000000E+00  0.0000000E+00  0.0000000E+00
   kr82     82   8.1267366E-09  5.2346010E-08  4.4219274E-08  1.4388678E-08  1.2155497E-08  7.3248155E-02
   kr83     83   2.0799042E-09  4.6421849E-08  4.4341945E-08  1.2760266E-08  1.2189219E-08  1.9883851E-02
   kr84     84   1.1857964E-08  2.3301885E-07  2.2116089E-07  6.4051356E-08  6.0795223E-08  2.2658840E-02
   kr-5     85  -7.6415111E-14 -7.6415111E-14  0.0000000E+00 -2.1004703E-14  0.0000000E+00  0.0000000E+00
   kr*5     85   0.0000000E+00  0.0000000E+00  0.0000000E+00  0.0000000E+00  0.0000000E+00  0.0000000E+00
   kr86     86   1.3067684E-08  8.1542098E-08  6.8474414E-08  2.2413991E-08  1.8823028E-08  7.5829685E-02
   rb85     85   4.6045372E-09  4.0499458E-08  3.5894921E-08  1.1132341E-08  9.8672048E-09  5.2392356E-02
   rb86     86   5.9436350E-30  5.9436350E-30  0.0000000E+00  1.6337643E-30  0.0000000E+00  0.0000000E+00
   rb87     87   5.5111666E-09  2.0630655E-08  1.5119488E-08  5.6708780E-09  4.1562171E-09  1.3495208E-01
   sr86     86   2.1312463E-09  1.8881078E-08  1.6749832E-08  5.1899609E-09  4.6043849E-09  5.1992442E-02
   sr87     87   7.0241946E-10  1.2544116E-08  1.1841697E-08  3.4480800E-09  3.2551806E-09  2.5002284E-02
   sr88     88   6.5235213E-09  1.5012662E-07  1.4360310E-07  4.1266251E-08  3.9475257E-08  1.9270075E-02
   sr89     89   1.1569612E-28  1.1569612E-28  0.0000000E+00  3.1802123E-29  0.0000000E+00  0.0000000E+00
   sr90     90   2.3683856E-14  2.3683856E-14  0.0000000E+00  6.5101305E-15  0.0000000E+00  0.0000000E+00
    y89     89   1.3652190E-09  3.5618502E-08  3.4253283E-08  9.7906820E-09  9.4159329E-09  1.6949585E-02
    y90     90   5.9894639E-18  5.9894639E-18  0.0000000E+00  1.6463617E-18  0.0000000E+00  0.0000000E+00
    y91     91   9.8230883E-30  9.8230883E-30  0.0000000E+00  2.7001342E-30  0.0000000E+00  0.0000000E+00
   zr90     90   4.3841197E-10  4.1263117E-08  4.0824705E-08  1.1342252E-08  1.1222361E-08  4.6150894E-03
   zr91     91   1.8631585E-10  9.1879802E-09  9.0016643E-09  2.5255580E-09  2.4744802E-09  8.8733528E-03
   zr92     92   3.5090064E-10  1.4261429E-08  1.3910529E-08  3.9201291E-09  3.8238848E-09  1.0795573E-02
   zr93     93   0.0000000E+00  0.0000000E+00  0.0000000E+00  0.0000000E+00  0.0000000E+00  0.0000000E+00
   zr94     94   3.2257041E-10  1.4726270E-08  1.4403700E-08  4.0479025E-09  3.9594532E-09  9.5948223E-03
   zr95     95   2.4502574E-28  2.4502574E-28  0.0000000E+00  6.7351768E-29  0.0000000E+00  0.0000000E+00
   zr96     96   2.7539637E-10  2.6452718E-09  2.3698754E-09  7.2712253E-10  6.5145839E-10  4.7720905E-02
   nb93     93   9.7387431E-11  6.3173178E-09  6.2199303E-09  1.7364810E-09  1.7098053E-09  6.7233918E-03
   nb94     94   2.6024585E-15  2.6024585E-15  0.0000000E+00  7.1535416E-16  0.0000000E+00  0.0000000E+00
   nb95     95   2.8182720E-28  2.8182720E-28  0.0000000E+00  7.7467619E-29  0.0000000E+00  0.0000000E+00
   mo94     94  -4.4215298E-11  1.9051440E-09  1.9493593E-09  5.2367893E-10  5.3586208E-10 -9.9879205E-03
   mo95     95   6.1974648E-11  3.4716983E-09  3.4097236E-09  9.5428754E-10  9.3730379E-10  7.7988892E-03
   mo96     96   1.5078516E-10  3.7777856E-09  3.6270005E-09  1.0384237E-09  9.9703124E-10  1.7665826E-02
   mo97     97   2.0481838E-11  2.1305184E-09  2.1100366E-09  5.8562899E-10  5.8003086E-10  4.1714618E-03
   mo98     98   3.2497560E-11  5.4494742E-09  5.4169766E-09  1.4979313E-09  1.4890802E-09  2.5738105E-03
   tc99     99   0.0000000E+00  0.0000000E+00  0.0000000E+00  0.0000000E+00  0.0000000E+00  0.0000000E+00
   ru99     99  -2.8171465E-11  1.8632085E-09  1.8913799E-09  5.1215182E-10  5.1992405E-10 -6.5411627E-03
  ru100    100   1.9806379E-11  1.9063231E-09  1.8865167E-09  5.2400301E-10  5.1858728E-10  4.5119100E-03
  ru101    101  -5.2466254E-11  2.5273850E-09  2.5798512E-09  6.9471823E-10  7.0917894E-10 -8.9471489E-03
  ru102    102  -3.5881520E-11  4.7823416E-09  4.8182232E-09  1.3145524E-09  1.3244881E-09 -3.2701597E-03
  rh103    103  -6.4999339E-11  3.0120262E-09  3.0770255E-09  8.2793461E-10  8.4584784E-10 -9.2962021E-03
  pd104    104   1.3802071E-11  1.3603307E-09  1.3465287E-09  3.7392267E-10  3.7014913E-10  4.4050682E-03
  pd105    105  -5.8416383E-11  2.6666076E-09  2.7250240E-09  7.3298723E-10  7.4908568E-10 -9.4350921E-03
  pd106    106  -2.8594904E-11  3.3383700E-09  3.3669649E-09  9.1763880E-10  9.2554975E-10 -3.7280030E-03
  pd107    107   0.0000000E+00  0.0000000E+00  0.0000000E+00  0.0000000E+00  0.0000000E+00  0.0000000E+00
  pd108    108  -9.5865538E-12  3.3117087E-09  3.3212952E-09  9.1031022E-10  9.1299551E-10 -1.2792253E-03
  ag107    107  -4.7559512E-11  2.2398063E-09  2.2873659E-09  6.1566968E-10  6.2877720E-10 -9.1490550E-03
  ag108    108   0.0000000E+00  0.0000000E+00  0.0000000E+00  0.0000000E+00  0.0000000E+00  0.0000000E+00
  ag109    109  -3.6671777E-11  2.1280959E-09  2.1647677E-09  5.8496313E-10  5.9507599E-10 -7.4439365E-03
  cd108    108  -1.1405321E-12  1.2712341E-10  1.2826394E-10  3.4943212E-11  3.5258654E-11 -3.9029170E-03
  cd109    109   2.4021351E-24  2.4021351E-24  0.0000000E+00  6.6028999E-25  0.0000000E+00  0.0000000E+00
  cd110    110   2.3582247E-11  1.8569478E-09  1.8333656E-09  5.1043092E-10  5.0397642E-10  5.5268016E-03
  cd111    111  -2.5667246E-11  1.8702668E-09  1.8959341E-09  5.1409205E-10  5.2117599E-10 -5.9435214E-03
  cd112    112   2.7864377E-12  3.6091343E-09  3.6063479E-09  9.9206543E-10  9.9135400E-10  3.1150357E-04
  cd113    113  -1.9275137E-11  1.8233630E-09  1.8426382E-09  5.0119925E-10  5.0652538E-10 -4.5908261E-03
  cd114    114   3.7660985E-11  4.4081609E-09  4.3705000E-09  1.2116990E-09  1.2014127E-09  3.7024850E-03
  in115    115  -1.3729795E-11  1.6342411E-09  1.6479709E-09  4.4921414E-10  4.5301299E-10 -3.6572528E-03
  sn116    116   9.0627506E-11  5.2465836E-09  5.1559561E-09  1.4421615E-09  1.4173279E-09  7.5435443E-03
  sn117    117  -5.1105786E-12  2.7417713E-09  2.7468818E-09  7.5364792E-10  7.5509421E-10 -8.3266926E-04
  sn118    118   1.1999468E-10  8.4960501E-09  8.3760554E-09  2.3353628E-09  2.3025055E-09  6.1536599E-03
  sn119    119   1.5481394E-11  3.1403704E-09  3.1248890E-09  8.6321339E-10  8.5900514E-10  2.1223733E-03
  sn120    120   1.9573054E-10  1.2147234E-08  1.1951504E-08  3.3389869E-09  3.2853658E-09  7.0310286E-03
  sb121    121  -1.1993406E-11  1.8310978E-09  1.8430912E-09  5.0332538E-10  5.0664994E-10 -2.8592034E-03
  te122    122   3.0412450E-11  1.2555544E-09  1.2251420E-09  3.4512215E-10  3.3678099E-10  1.0625251E-02
  te123    123   1.1325801E-11  4.4243459E-10  4.3110879E-10  1.2161479E-10  1.1850811E-10  1.1238290E-02
  te124    124   5.3989258E-11  2.3686912E-09  2.3147020E-09  6.5109707E-10  6.3629169E-10  9.9894870E-03
  te125    125  -5.1991522E-11  3.4283538E-09  3.4803453E-09  9.4237318E-10  9.5671704E-10 -6.5606097E-03
  te126    126  -2.3772095E-11  9.3247969E-09  9.3485690E-09  2.5631657E-09  2.5698412E-09 -1.1295783E-03
   i127    127  -2.7368507E-10  1.1450728E-08  1.1724413E-08  3.1475338E-09  3.2229404E-09 -1.0281853E-02
   i128    128   0.0000000E+00  0.0000000E+00  0.0000000E+00  0.0000000E+00  0.0000000E+00  0.0000000E+00
   i129    129   8.2817230E-14  8.2817230E-14  0.0000000E+00  2.2764493E-14  0.0000000E+00  0.0000000E+00
  xe128    128   4.2367443E-11  1.3087218E-09  1.2663544E-09  3.5973660E-10  3.4810993E-10  1.4268181E-02
  xe129    129  -3.8068215E-10  1.5516816E-08  1.5897498E-08  4.2652051E-09  4.3700856E-09 -1.0550045E-02
  xe130    130   1.0095103E-10  2.6731859E-09  2.5722349E-09  7.3479545E-10  7.0708528E-10  1.6694682E-02
  xe131    131  -2.6403235E-10  1.2585301E-08  1.2849333E-08  3.4594008E-09  3.5321712E-09 -9.0408875E-03
  xe132    132  -1.3905321E-11  1.5811146E-08  1.5825051E-08  4.3461093E-09  4.3501704E-09 -4.0564130E-04
  xe133    133   5.8687169E-36  5.8687169E-36  0.0000000E+00  1.6131712E-36  0.0000000E+00  0.0000000E+00
  xe134    134   2.3663649E-10  6.1682868E-09  5.9316503E-09  1.6955158E-09  1.6305596E-09  1.6965168E-02
  cs133    133  -5.2731597E-11  4.1077635E-09  4.1604951E-09  1.1291268E-09  1.1436843E-09 -5.5634580E-03
  cs134    134  -4.8156904E-20 -4.8156904E-20  0.0000000E+00 -1.3237191E-20  0.0000000E+00  0.0000000E+00
  cs135    135   0.0000000E+00  0.0000000E+00  0.0000000E+00  0.0000000E+00  0.0000000E+00  0.0000000E+00
  cs136    136   5.8008167E-34  5.8008167E-34  0.0000000E+00  1.5945070E-34  0.0000000E+00  0.0000000E+00
  cs137    137   0.0000000E+00  0.0000000E+00  0.0000000E+00  0.0000000E+00  0.0000000E+00  0.0000000E+00
  ba134    134   9.0097596E-11  1.3655655E-09  1.2754680E-09  3.7536160E-10  3.5061518E-10  2.9619129E-02
  ba135    135   5.1875615E-11  3.5565089E-09  3.5046333E-09  9.7760000E-10  9.6339359E-10  6.3574295E-03
  ba136    136   2.6651348E-10  4.4730233E-09  4.2065098E-09  1.2295280E-09  1.1563334E-09  2.6655333E-02
  ba137    137   4.6827786E-10  6.5282415E-09  6.0599636E-09  1.7944588E-09  1.6658319E-09  3.2302327E-02
  ba138    138   6.1541172E-10  3.9580989E-08  3.8965577E-08  1.0879876E-08  1.0711301E-08  6.7817047E-03
  la139    139   3.6235903E-11  5.3808504E-09  5.3446145E-09  1.4790682E-09  1.4691887E-09  2.9106278E-03
  ce140    140   8.0479623E-11  1.2329855E-08  1.2249376E-08  3.3891849E-09  3.3672480E-09  2.8201086E-03
  ce141    141   2.1103208E-30  2.1103208E-30  0.0000000E+00  5.8007717E-31  0.0000000E+00  0.0000000E+00
  ce142    142   2.1099678E-11  1.5822926E-09  1.5611930E-09  4.3493473E-10  4.2915851E-10  5.8063231E-03
  pr141    141  -1.1433299E-11  2.0996862E-09  2.1111195E-09  5.7715399E-10  5.8032856E-10 -2.3822584E-03
  nd142    142   1.7603696E-12  2.8178881E-09  2.8161278E-09  7.7457063E-10  7.7412932E-10  2.4750285E-04
  nd143    143  -1.5318857E-11  1.2454889E-09  1.2608078E-09  3.4235539E-10  3.4658523E-10 -5.3328639E-03
  nd144    144  -1.1194601E-11  2.4945361E-09  2.5057307E-09  6.8568884E-10  6.8880385E-10 -1.9684748E-03
  nd145    145  -1.3727686E-11  9.1807606E-10  9.3180375E-10  2.5235736E-10  2.5614483E-10 -6.4696381E-03
  nd146    146   2.3886448E-12  1.8364212E-09  1.8340326E-09  5.0478866E-10  5.0415977E-10  5.4140395E-04
  nd147    147   1.2225711E-33  1.2225711E-33  0.0000000E+00  3.3605581E-34  0.0000000E+00  0.0000000E+00
  nd148    148  -6.1861072E-12  6.1417860E-10  6.2036470E-10  1.6882314E-10  1.7053293E-10 -4.3763067E-03
  pm147    147  -1.5026501E-18 -1.5026501E-18  0.0000000E+00 -4.1304289E-19  0.0000000E+00  0.0000000E+00
  pm148    148   0.0000000E+00  0.0000000E+00  0.0000000E+00  0.0000000E+00  0.0000000E+00  0.0000000E+00
  sm147    147  -6.9140249E-12  4.9244542E-10  4.9935944E-10  1.3536157E-10  1.3726963E-10 -6.0791122E-03
  sm148    148   1.9764745E-12  3.7895903E-10  3.7698256E-10  1.0416686E-10  1.0362927E-10  2.2470844E-03
  sm149    149  -9.6430641E-12  4.5700488E-10  4.6664794E-10  1.2561981E-10  1.2827750E-10 -9.0923775E-03
  sm150    150   5.2333415E-12  2.5609970E-10  2.5086636E-10  7.0395738E-11  6.8961011E-11  8.9427391E-03
  sm151    151   4.0844043E-16  4.0844043E-16  0.0000000E+00  1.1227059E-16  0.0000000E+00  0.0000000E+00
  sm152    152  -1.3032908E-11  9.0841651E-10  9.2144942E-10  2.4970218E-10  2.5329852E-10 -6.2103597E-03
  eu151    151  -1.3997081E-11  5.9384464E-10  6.0784172E-10  1.6323382E-10  1.6709047E-10 -1.0141552E-02
  eu152    152  -3.9567396E-20 -3.9567396E-20  0.0000000E+00 -1.0876139E-20  0.0000000E+00  0.0000000E+00
  eu153    153  -1.5302870E-11  6.5701511E-10  6.7231798E-10  1.8059788E-10  1.8481443E-10 -1.0023230E-02
  eu154    154  -7.2498591E-19 -7.2498591E-19  0.0000000E+00 -1.9928145E-19  0.0000000E+00  0.0000000E+00
  eu155    155  -9.4315371E-19 -9.4315371E-19  0.0000000E+00 -2.5925060E-19  0.0000000E+00  0.0000000E+00
  gd152    152  -2.1645880E-13  8.6586007E-12  8.8750595E-12  2.3800441E-12  2.4396776E-12 -1.0747470E-02
  gd153    153   1.9500656E-28  1.9500656E-28  0.0000000E+00  5.3602681E-29  0.0000000E+00  0.0000000E+00
  gd154    154   2.5646152E-12  1.0057642E-10  9.8011800E-11  2.7646073E-11  2.6942601E-11  1.1193942E-02
  gd155    155  -1.5263624E-11  6.5445532E-10  6.6971895E-10  1.7989425E-10  1.8409997E-10 -1.0036449E-02
  gd156    156  -1.5519142E-11  9.1673225E-10  9.3225139E-10  2.5198796E-10  2.5626790E-10 -7.3144217E-03
  gd157    157  -1.4353685E-11  7.0294970E-10  7.1730338E-10  1.9322421E-10  1.9718054E-10 -8.8024717E-03
  gd158    158  -1.2445600E-11  1.1333441E-09  1.1457897E-09  3.1152941E-10  3.1496772E-10 -4.7670044E-03
  gd159    159   0.0000000E+00  0.0000000E+00  0.0000000E+00  0.0000000E+00  0.0000000E+00  0.0000000E+00
  gd160    160  -2.3808955E-11  9.9728881E-10  1.0210978E-09  2.7413105E-10  2.8069097E-10 -1.0270244E-02
  tb159    159  -1.8614943E-11  8.4574692E-10  8.6436186E-10  2.3247577E-10  2.3760566E-10 -9.4791148E-03
  tb160    160   1.0366591E-27  1.0366591E-27  0.0000000E+00  2.8495304E-28  0.0000000E+00  0.0000000E+00
  tb161    161   1.4923041E-35  1.4923041E-35  0.0000000E+00  4.1019903E-36  0.0000000E+00  0.0000000E+00
  dy160    160   2.9547614E-12  1.3374744E-10  1.3079268E-10  3.6764002E-11  3.5953782E-11  9.6781682E-03
  dy161    161  -2.4435343E-11  1.0429793E-09  1.0674146E-09  2.8669028E-10  2.9342309E-10 -1.0081381E-02
  dy162    162  -2.3099966E-11  1.4254373E-09  1.4485373E-09  3.9181894E-10  3.9819045E-10 -7.0054159E-03
  dy163    163  -3.0487168E-11  1.3938521E-09  1.4243393E-09  3.8313691E-10  3.9153866E-10 -9.4206482E-03
  dy164    164  -9.9599218E-12  1.6167319E-09  1.6266918E-09  4.4440127E-10  4.4716358E-10 -2.6911166E-03
  ho165    165  -2.6684432E-11  1.2403205E-09  1.2670049E-09  3.4093470E-10  3.4828876E-10 -9.2682494E-03
  er166    166  -1.7001511E-11  1.1866217E-09  1.2036232E-09  3.2617417E-10  3.3086567E-10 -6.2021413E-03
  er167    167  -1.5500934E-11  8.1102264E-10  8.2652357E-10  2.2293090E-10  2.2720421E-10 -8.2461368E-03
  er168    168  -2.5606184E-12  9.7830599E-10  9.8086661E-10  2.6891314E-10  2.6963179E-10 -1.1590883E-03
  er169    169   6.1902318E-34  6.1902318E-34  0.0000000E+00  1.7015479E-34  0.0000000E+00  0.0000000E+00
  er170    170  -3.2162606E-12  5.4533822E-10  5.4855448E-10  1.4990055E-10  1.5079291E-10 -2.5776974E-03
  tm169    169  -9.2165720E-12  5.7045191E-10  5.7966848E-10  1.5680371E-10  1.5934587E-10 -6.9845025E-03
  tm170    170   3.5467340E-27  3.5467340E-27  0.0000000E+00  9.7491315E-28  0.0000000E+00  0.0000000E+00
  tm171    171  -3.8783562E-19 -3.8783562E-19  0.0000000E+00 -1.0660682E-19  0.0000000E+00  0.0000000E+00
  yb170    170   4.5645501E-12  1.1420002E-10  1.0963547E-10  3.1390879E-11  3.0137847E-11  1.7691275E-02
  yb171    171  -1.5972224E-12  5.1984017E-10  5.2143739E-10  1.4289174E-10  1.4333865E-10 -1.3561844E-03
  yb172    172   1.0201340E-11  8.1761892E-10  8.0741758E-10  2.2474406E-10  2.2195215E-10  5.4288497E-03
  yb173    173  -1.2470025E-12  6.0154171E-10  6.0278871E-10  1.6534955E-10  1.6570142E-10 -9.2322001E-04
  yb174    174   3.2716496E-11  1.2388456E-09  1.2061291E-09  3.4052930E-10  3.3155453E-10  1.1599559E-02
  lu175    175  -5.6536442E-12  5.3873123E-10  5.4438487E-10  1.4808445E-10  1.4964671E-10 -4.5577334E-03
  lu176    176   5.8811168E-12  2.1771298E-11  1.5890182E-11  5.9844139E-12  4.3680740E-12  1.3673165E-01
  lu177    177   2.1674951E-36  2.1674951E-36  0.0000000E+00  5.9579301E-37  0.0000000E+00  0.0000000E+00
  hf176    176  -3.1109004E-12  1.1915721E-10  1.2226811E-10  3.2753494E-11  3.3610455E-11 -1.1216776E-02
  hf177    177  -4.4662052E-12  4.3499665E-10  4.3946285E-10  1.1957027E-10  1.2080456E-10 -4.4601192E-03
  hf178    178   1.5324797E-11  6.6368355E-10  6.4835876E-10  1.8243088E-10  1.7822825E-10  1.0121823E-02
  hf179    179   3.0043190E-12  3.2854919E-10  3.2554487E-10  9.0310384E-11  8.9489492E-11  3.9656381E-03
  hf180    180   4.1216919E-11  8.8429025E-10  8.4307333E-10  2.4307042E-10  2.3175362E-10  2.0705558E-02
  hf181    181   9.7634823E-30  9.7634823E-30  0.0000000E+00  2.6837499E-30  0.0000000E+00  0.0000000E+00
  hf182    182   2.9045145E-11  2.9045145E-11  0.0000000E+00  7.9838219E-12  0.0000000E+00  0.0000000E+00
  ta181    181   6.8682560E-12  3.6407433E-10  3.5720607E-10  1.0007540E-10  9.8192877E-11  8.2473122E-03
  ta182    182   2.6648487E-19  2.6648487E-19  0.0000000E+00  7.3250372E-20  0.0000000E+00  0.0000000E+00
  ta183    183   0.0000000E+00  0.0000000E+00  0.0000000E+00  0.0000000E+00  0.0000000E+00  0.0000000E+00
   w182    182   1.1720958E-11  5.7226801E-10  5.6054705E-10  1.5730291E-10  1.5408956E-10  8.9635327E-03
   w183    183   1.3818696E-11  3.1817846E-10  3.0435976E-10  8.7459713E-11  8.3665880E-11  1.9259626E-02
   w184    184   3.4163006E-11  6.8939965E-10  6.5523664E-10  1.8949962E-10  1.8011892E-10  2.2048976E-02
   w185    185   1.1093860E-28  1.1093860E-28  0.0000000E+00  3.0494389E-29  0.0000000E+00  0.0000000E+00
   w186    186   1.0339396E-11  6.2492489E-10  6.1458549E-10  1.7177704E-10  1.6894426E-10  7.2216569E-03
  re185    185   1.9990953E-12  3.1436820E-10  3.1236910E-10  8.6412363E-11  8.5867577E-11  2.7467019E-03
  re186    186   6.4109253E-38  6.4109253E-38  0.0000000E+00  1.7622114E-38  0.0000000E+00  0.0000000E+00
  re187    187  -1.0160928E-11  5.5948096E-10  5.6964189E-10  1.5378805E-10  1.5658967E-10 -7.8405151E-03
  os186    186   1.3794091E-11  1.8692659E-10  1.7313249E-10  5.1381687E-11  4.7592631E-11  3.3268623E-02
  os187    187   2.6517816E-12  1.4109719E-10  1.3844541E-10  3.8784274E-11  3.8057453E-11  8.2159173E-03
  os188    188   2.3728797E-12  1.4628795E-09  1.4605066E-09  4.0211090E-10  4.0148071E-10  6.8114663E-04
  os189    189  -3.8054560E-11  1.7521277E-09  1.7901822E-09  4.8161836E-10  4.9210569E-10 -9.3553402E-03
  os190    190  -3.5200509E-11  2.8914575E-09  2.9266580E-09  7.9479312E-10  8.0451312E-10 -5.2790409E-03
  os191    191   9.9607101E-32  9.9607101E-32  0.0000000E+00  2.7379632E-32  0.0000000E+00  0.0000000E+00
  os192    192  -1.0597878E-10  4.4872674E-09  4.5932462E-09  1.2334435E-09  1.2626439E-09 -1.0161611E-02
  ir191    191  -9.2398977E-11  3.7805186E-09  3.8729175E-09  1.0391750E-09  1.0646317E-09 -1.0510741E-02
  ir192    192   4.9567066E-27  4.9567066E-27  0.0000000E+00  1.3624811E-27  0.0000000E+00  0.0000000E+00
  ir193    193  -1.5891199E-10  6.4194854E-09  6.5783974E-09  1.7645644E-09  1.8083449E-09 -1.0643733E-02
  pt192    192   6.5027428E-12  1.6935464E-10  1.6285190E-10  4.6551575E-11  4.4766586E-11  1.6980402E-02
  pt193    193   2.1455073E-16  2.1455073E-16  0.0000000E+00  5.8974914E-17  0.0000000E+00  0.0000000E+00
  pt194    194  -1.3780488E-10  6.7992447E-09  6.9370496E-09  1.8689512E-09  1.9069353E-09 -8.7379934E-03
  pt195    195  -1.6712898E-10  6.9888686E-09  7.1559976E-09  1.9210744E-09  1.9671220E-09 -1.0287100E-02
  pt196    196  -5.5592864E-11  5.3106994E-09  5.3662923E-09  1.4597854E-09  1.4751477E-09 -4.5464858E-03
  au197    197  -5.5856209E-11  3.1783118E-09  3.2341680E-09  8.7364260E-10  8.8904500E-10 -7.5899540E-03
  hg198    198   7.5612461E-11  8.3534735E-10  7.5973489E-10  2.2961719E-10  2.0884458E-10  4.1181181E-02
  hg199    199   8.8931085E-12  1.3008858E-09  1.2919927E-09  3.5758269E-10  3.5515768E-10  2.9552635E-03
  hg200    200   9.7074015E-11  1.8750625E-09  1.7779885E-09  5.1541027E-10  4.8875376E-10  2.3062926E-02
  hg201    201   3.4351411E-11  1.0538583E-09  1.0195069E-09  2.8968067E-10  2.8025368E-10  1.4368217E-02
  hg202    202   1.7343837E-10  2.4947204E-09  2.3212821E-09  6.8573952E-10  6.3810046E-10  3.1270146E-02
  tl203    203   1.0556661E-10  1.0238064E-09  9.1823976E-10  2.8142011E-10  2.5241623E-10  4.7237862E-02
  tl204    204  -8.4018402E-17 -8.4018402E-17  0.0000000E+00 -2.3094668E-17  0.0000000E+00  0.0000000E+00
  tl205    205   2.0585000E-10  2.4194233E-09  2.2135733E-09  6.6504213E-10  6.0849220E-10  3.8594130E-02
  pb204    204   5.5399463E-11  1.2176640E-09  1.1622645E-09  3.3470696E-10  3.1949654E-10  2.0198567E-02
  pb205    205   0.0000000E+00  0.0000000E+00  0.0000000E+00  0.0000000E+00  0.0000000E+00  0.0000000E+00
  pb206    206   2.8613556E-10  1.1206824E-08  1.0920688E-08  3.0804903E-09  3.0020035E-09  1.1208675E-02
  pb207    207   1.7305091E-10  1.2316698E-08  1.2143647E-08  3.3855683E-09  3.3381844E-09  6.1212969E-03
  pb208    208   2.5312730E-10  3.5179884E-08  3.4926757E-08  9.6701163E-09  9.6010648E-09  3.1122745E-03
  bi209    209   1.1147305E-11  2.4402347E-09  2.4290874E-09  6.7076267E-10  6.6773526E-10  1.9645917E-03
  bi210    210   0.0000000E+00  0.0000000E+00  0.0000000E+00  0.0000000E+00  0.0000000E+00  0.0000000E+00
  po210    210   0.0000000E+00  0.0000000E+00  0.0000000E+00  0.0000000E+00  0.0000000E+00  0.0000000E+00
