  species    A      yield       mass(i)_lost    mass(i)_0        <X(i)>           X0(i)   log10(<X(i)>/X0(i)) 
      n      1   0.0000000E+00  0.0000000E+00  0.0000000E+00  0.0000000E+00  0.0000000E+00  0.0000000E+00
      p      1  -1.4019728E-01  2.4275312E+00  2.5677285E+00  6.6727078E-01  7.0584649E-01 -2.4408169E-02
      d      2   1.8458542E-17  1.8458542E-17  0.0000000E+00  5.0738159E-18  0.0000000E+00  0.0000000E+00
    he3      3   4.2599699E-05  4.2599699E-05  0.0000000E+00  1.1709647E-05  0.0000000E+00  0.0000000E+00
    he4      4   1.1370802E-01  1.1320707E+00  1.0183626E+00  3.1117940E-01  2.7993914E-01  4.5947205E-02
    li7      7  -6.7022654E-10  3.2426563E-08  3.3096789E-08  8.9132932E-09  9.0980219E-09 -8.9088352E-03
    be7      7   5.2521520E-12  5.2521520E-12  0.0000000E+00  1.4436921E-12  0.0000000E+00  0.0000000E+00
     b8      8   6.3813096E-24  6.3813096E-24  0.0000000E+00  1.7540707E-24  0.0000000E+00  0.0000000E+00
    c12     12   1.7968547E-03  1.0909310E-02  9.1124550E-03  2.9987106E-03  2.5049355E-03  7.8138016E-02
    c13     13   2.5281804E-03  2.6386054E-03  1.1042506E-04  7.2529010E-04  3.0354900E-05  1.3782830E+00
    c14     14   3.3381883E-07  3.3381883E-07  0.0000000E+00  9.1758885E-08  0.0000000E+00  0.0000000E+00
    n13     13   0.0000000E+00  0.0000000E+00  0.0000000E+00  0.0000000E+00  0.0000000E+00  0.0000000E+00
    n14     14   1.9001696E-02  2.1695876E-02  2.6941802E-03  5.9636822E-03  7.4060698E-04  9.0592670E-01
    n15     15  -6.2486993E-06  3.8738816E-07  6.6360876E-06  1.0648382E-07  1.8242035E-06 -1.2337897E+00
    o14     14   0.0000000E+00  0.0000000E+00  0.0000000E+00  0.0000000E+00  0.0000000E+00  0.0000000E+00
    o15     15   0.0000000E+00  0.0000000E+00  0.0000000E+00  0.0000000E+00  0.0000000E+00  0.0000000E+00
    o16     16  -1.1286326E-03  2.0875566E-02  2.2004198E-02  5.7381983E-03  6.0487650E-03 -2.2891177E-02
    o17     17   2.4385281E-05  3.3267657E-05  8.8823772E-06  9.1444908E-06  2.4416890E-06  5.7346916E-01
    o18     18  -4.9330447E-05  1.7899991E-07  4.9509446E-05  4.9202832E-08  1.3609721E-05 -2.4418592E+00
    o19     19   0.0000000E+00  0.0000000E+00  0.0000000E+00  0.0000000E+00  0.0000000E+00  0.0000000E+00
    f17     17   0.0000000E+00  0.0000000E+00  0.0000000E+00  0.0000000E+00  0.0000000E+00  0.0000000E+00
    f18     18   0.0000000E+00  0.0000000E+00  0.0000000E+00  0.0000000E+00  0.0000000E+00  0.0000000E+00
    f19     19   4.2122165E-06  5.6379536E-06  1.4257369E-06  1.5497397E-06  3.9192281E-07  5.9705824E-01
    f20     20   0.0000000E+00  0.0000000E+00  0.0000000E+00  0.0000000E+00  0.0000000E+00  0.0000000E+00
   ne19     19   0.0000000E+00  0.0000000E+00  0.0000000E+00  0.0000000E+00  0.0000000E+00  0.0000000E+00
   ne20     20   2.4215318E-05  4.5379624E-03  4.5137471E-03  1.2473783E-03  1.2407904E-03  2.2997705E-03
   ne21     21   2.7122769E-06  1.4073386E-05  1.1361110E-05  3.8684402E-06  3.1230711E-06  9.2954032E-02
   ne22     22   3.7152767E-03  4.0803654E-03  3.6508881E-04  1.1215957E-03  1.0035978E-04  1.0482767E+00
   ne23     23   0.0000000E+00  0.0000000E+00  0.0000000E+00  0.0000000E+00  0.0000000E+00  0.0000000E+00
   na21     21   0.0000000E+00  0.0000000E+00  0.0000000E+00  0.0000000E+00  0.0000000E+00  0.0000000E+00
   na22     22   2.5755190E-11  2.5755190E-11  0.0000000E+00  7.0794911E-12  0.0000000E+00  0.0000000E+00
   na23     23   8.0221362E-05  2.0241069E-04  1.2218933E-04  5.5637902E-05  3.3588796E-05  2.1917629E-01
   na24     24   0.0000000E+00  0.0000000E+00  0.0000000E+00  0.0000000E+00  0.0000000E+00  0.0000000E+00
   mg23     23   0.0000000E+00  0.0000000E+00  0.0000000E+00  0.0000000E+00  0.0000000E+00  0.0000000E+00
   mg24     24  -4.1897874E-05  2.1112408E-03  2.1531386E-03  5.8033003E-04  5.9187930E-04 -8.5581122E-03
   mg25     25   2.4309423E-04  5.2703556E-04  2.8394134E-04  1.4486958E-04  7.8053032E-05  2.6858744E-01
   mg26     26   1.8031758E-04  5.0544151E-04  3.2512392E-04  1.3893389E-04  8.9373774E-05  1.9159809E-01
   mg27     27   0.0000000E+00  0.0000000E+00  0.0000000E+00  0.0000000E+00  0.0000000E+00  0.0000000E+00
   al25     25   0.0000000E+00  0.0000000E+00  0.0000000E+00  0.0000000E+00  0.0000000E+00  0.0000000E+00
   al-6     26   0.0000000E+00  0.0000000E+00  0.0000000E+00  0.0000000E+00  0.0000000E+00  0.0000000E+00
   al*6     26   0.0000000E+00  0.0000000E+00  0.0000000E+00  0.0000000E+00  0.0000000E+00  0.0000000E+00
   al27     27   4.0981366E-05  2.4830946E-04  2.0732809E-04  6.8254383E-05  5.6992707E-05  7.8311272E-02
   al28     28   0.0000000E+00  0.0000000E+00  0.0000000E+00  0.0000000E+00  0.0000000E+00  0.0000000E+00
   si27     27   0.0000000E+00  0.0000000E+00  0.0000000E+00  0.0000000E+00  0.0000000E+00  0.0000000E+00
   si28     28   2.2354303E-05  2.4064430E-03  2.3840887E-03  6.6147413E-04  6.5536553E-04  4.0292987E-03
   si29     29   6.0044113E-06  1.3139105E-04  1.2538664E-04  3.6116286E-05  3.4467706E-05  2.0290675E-02
   si30     30   1.2398610E-05  9.7901793E-05  8.5503183E-05  2.6910882E-05  2.3504090E-05  5.8784503E-02
    p31     31   5.6560166E-06  2.9460352E-05  2.3804336E-05  8.0979526E-06  6.5436075E-06  9.2557997E-02
    p32     32   6.8637139E-31  6.8637139E-31  0.0000000E+00  1.8866722E-31  0.0000000E+00  0.0000000E+00
    p33     33   8.8457962E-31  8.8457962E-31  0.0000000E+00  2.4314997E-31  0.0000000E+00  0.0000000E+00
    s32     32  -9.1670081E-06  1.1333079E-03  1.1424749E-03  3.1151948E-04  3.1405652E-04 -3.5225989E-03
    s33     33   3.1591117E-07  9.7482653E-06  9.4323541E-06  2.6795672E-06  2.5928732E-06  1.4283361E-02
    s34     34   2.9351977E-06  5.7791269E-05  5.4856071E-05  1.5885449E-05  1.5079462E-05  2.2613628E-02
    s35     35   1.3177811E-24  1.3177811E-24  0.0000000E+00  3.6222678E-25  0.0000000E+00  0.0000000E+00
    s36     36   3.7960564E-07  6.5038682E-07  2.7078119E-07  1.7877592E-07  7.4435420E-08  3.8052943E-01
   cl35     35  -1.2299915E-07  1.1596700E-05  1.1719700E-05  3.1876580E-06  3.2216446E-06 -4.6059215E-03
   cl36     36   0.0000000E+00  0.0000000E+00  0.0000000E+00  0.0000000E+00  0.0000000E+00  0.0000000E+00
   cl37     37   9.4544248E-07  4.9051455E-06  3.9597030E-06  1.3483083E-06  1.0884884E-06  9.2965402E-02
   ar36     36  -3.3768156E-06  2.1486121E-04  2.1823803E-04  5.9060254E-05  5.9991758E-05 -6.7963260E-03
   ar37     37   9.2866364E-26  9.2866364E-26  0.0000000E+00  2.5526762E-26  0.0000000E+00  0.0000000E+00
   ar38     38   1.2518867E-06  4.3136708E-05  4.1884821E-05  1.1857259E-05  1.1513776E-05  1.2766486E-02
   ar39     39   5.7529725E-10  5.7529725E-10  0.0000000E+00  1.5813557E-10  0.0000000E+00  0.0000000E+00
   ar40     40   3.5124339E-07  4.2175918E-07  7.0515796E-08  1.1593160E-07  1.9384185E-08  7.7675426E-01
    k39     39   1.9960680E-07  1.1561686E-05  1.1362079E-05  3.1780335E-06  3.1233380E-06  7.5394735E-03
    k40     40  -1.8393053E-09  0.0000000E+00  1.8393053E-09  0.0000000E+00  5.0560922E-10  0.0000000E+00
    k41     41   9.5412418E-08  9.5741530E-07  8.6200288E-07  2.6317076E-07  2.3695719E-07  4.5567691E-02
   ca40     40  -2.3849279E-06  1.9433365E-04  1.9671858E-04  5.3417716E-05  5.4076245E-05 -5.3212028E-03
   ca41     41   0.0000000E+00  0.0000000E+00  0.0000000E+00  0.0000000E+00  0.0000000E+00  0.0000000E+00
   ca42     42   1.2483724E-07  1.5034609E-06  1.3786237E-06  4.1326575E-07  3.7897183E-07  3.7622489E-02
   ca43     43   3.5997289E-08  3.3049795E-07  2.9450067E-07  9.0846051E-08  8.0955701E-08  5.0058596E-02
   ca44     44   6.8754161E-08  4.7252611E-06  4.6565069E-06  1.2988622E-06  1.2800336E-06  6.3417149E-03
   ca45     45   7.3430196E-21  7.3430196E-21  0.0000000E+00  2.0184221E-21  0.0000000E+00  0.0000000E+00
   ca46     46   9.3191552E-08  1.0252653E-07  9.3349746E-09  2.8182113E-08  2.5661042E-09  1.0406992E+00
   ca47     47   4.8821458E-37  4.8821458E-37  0.0000000E+00  1.3419862E-37  0.0000000E+00  0.0000000E+00
   ca48     48   5.3611870E-09  4.6074388E-07  4.5538269E-07  1.2664756E-07  1.2518078E-07  5.0591850E-03
   sc45     45   4.5292794E-08  1.7666540E-07  1.3137260E-07  4.8561130E-08  3.6113200E-08  1.2862283E-01
   sc46     46   8.8906617E-28  8.8906617E-28  0.0000000E+00  2.4438322E-28  0.0000000E+00  0.0000000E+00
   sc47     47   2.4612410E-36  2.4612410E-36  0.0000000E+00  6.7653681E-37  0.0000000E+00  0.0000000E+00
   sc48     48   9.7552565E-31  8.3832914E-29  8.2857388E-29  2.3043681E-29  2.2776783E-29  0.0000000E+00
   ti46     46  -4.2408601E-09  7.9837582E-07  8.0261668E-07  2.1945459E-07  2.2063243E-07 -2.3246615E-03
   ti47     47  -4.0722625E-09  7.3548011E-07  7.3955238E-07  2.0216605E-07  2.0329659E-07 -2.4218755E-03
   ti48     48  -1.4786747E-07  7.3358760E-06  7.4837435E-06  2.0164584E-06  2.0572168E-06 -8.6907716E-03
   ti49     49   6.6986104E-08  6.2762786E-07  5.6064175E-07  1.7252002E-07  1.5411560E-07  4.8992898E-02
   ti50     50   2.4238057E-07  7.9015058E-07  5.4777001E-07  2.1719366E-07  1.5057726E-07  1.5908776E-01
    v51     51  -1.1292514E-08  1.1958971E-06  1.2071896E-06  3.2872376E-07  3.3184605E-07 -4.1055745E-03
   cr52     52  -6.6802022E-07  4.8818296E-05  4.9486316E-05  1.3418992E-05  1.3603363E-05 -5.9263851E-03
   cr53     53  -5.7712441E-08  5.6615218E-06  5.7192342E-06  1.5562181E-06  1.5721682E-06 -4.4285534E-03
   cr54     54   4.7854292E-07  1.9290442E-06  1.4505013E-06  5.3024854E-07  3.9873032E-07  1.2380023E-01
   mn55     55  -5.2478572E-07  4.2692889E-05  4.3217675E-05  1.1735263E-05  1.1880167E-05 -5.3297458E-03
   fe54     54  -6.6516222E-06  2.7810657E-04  2.8475819E-04  7.6444907E-05  7.8277582E-05 -1.0288850E-02
   fe55     55  -3.4918273E-14 -3.4918273E-14  0.0000000E+00 -9.5982055E-15  0.0000000E+00  0.0000000E+00
   fe56     56  -7.5635035E-05  4.5599518E-03  4.6355869E-03  1.2534227E-03  1.2742830E-03 -7.1683386E-03
   fe57     57   9.3698764E-06  1.1833799E-04  1.0896811E-04  3.2528307E-05  2.9954399E-05  3.5800874E-02
   fe58     58   3.1880678E-05  4.6636811E-05  1.4756132E-05  1.2819354E-05  4.0563341E-06  4.9973246E-01
   fe59     59   3.9548170E-26  3.9548170E-26  0.0000000E+00  1.0870855E-26  0.0000000E+00  0.0000000E+00
   fe60     60   0.0000000E+00  0.0000000E+00  0.0000000E+00  0.0000000E+00  0.0000000E+00  0.0000000E+00
   co59     59   1.0751392E-05  2.2131402E-05  1.1380011E-05  6.0833977E-06  3.1282668E-06  2.8884241E-01
   co60     60   4.6315261E-12  4.6315261E-12  0.0000000E+00  1.2730968E-12  0.0000000E+00  0.0000000E+00
   ni58     58  -3.8870639E-06  1.5893836E-04  1.6282542E-04  4.3688389E-05  4.4759308E-05 -1.0517345E-02
   ni59     59   0.0000000E+00  0.0000000E+00  0.0000000E+00  0.0000000E+00  0.0000000E+00  0.0000000E+00
   ni60     60   1.1279946E-05  7.6163466E-05  6.4883519E-05  2.0935531E-05  1.7835922E-05  6.9588415E-02
   ni61     61   2.7718984E-06  5.6394074E-06  2.8675090E-06  1.5501395E-06  7.8825360E-07  2.9370481E-01
   ni62     62   4.7578042E-06  1.4050211E-05  9.2924065E-06  3.8620697E-06  2.5544027E-06  1.7953074E-01
   ni63     63   0.0000000E+00  0.0000000E+00  0.0000000E+00  0.0000000E+00  0.0000000E+00  0.0000000E+00
   ni64     64   4.5642973E-06  7.0072037E-06  2.4429064E-06  1.9261142E-06  6.7153400E-07  4.5761406E-01
   cu63     63   2.4602732E-06  4.4765625E-06  2.0162893E-06  1.2305010E-06  5.5426062E-07  3.4636796E-01
   cu64     64   0.0000000E+00  0.0000000E+00  0.0000000E+00  0.0000000E+00  0.0000000E+00  0.0000000E+00
   cu65     65   8.0905392E-07  1.7362604E-06  9.2720649E-07  4.7725683E-07  2.5488109E-07  2.7241454E-01
   zn64     64  -5.4460088E-08  3.4000589E-06  3.4545189E-06  9.3459556E-07  9.4961757E-07 -6.9250292E-03
   zn65     65  -6.2812582E-21 -6.2812582E-21  0.0000000E+00 -1.7265691E-21  0.0000000E+00  0.0000000E+00
   zn66     66   8.3667783E-07  2.8804966E-06  2.0438188E-06  7.9178022E-07  5.6182824E-07  1.4900106E-01
   zn67     67   1.9053368E-07  4.9542564E-07  3.0489196E-07  1.3618076E-07  8.3812175E-08  2.1080860E-01
   zn68     68   1.3421710E-06  2.7573169E-06  1.4151459E-06  7.5792104E-07  3.8901143E-07  2.8966162E-01
   zn69     69   0.0000000E+00  0.0000000E+00  0.0000000E+00  0.0000000E+00  0.0000000E+00  0.0000000E+00
   zn70     70   1.0110284E-08  5.8281387E-08  4.8171103E-08  1.6020172E-08  1.3241821E-08  8.2719445E-02
   ga69     69   1.9377246E-07  3.2351301E-07  1.2974054E-07  8.8926058E-08  3.5664559E-08  3.9679220E-01
   ga70     70   0.0000000E+00  0.0000000E+00  0.0000000E+00  0.0000000E+00  0.0000000E+00  0.0000000E+00
   ga71     71   1.7785405E-07  2.6645455E-07  8.8600501E-08  7.3242042E-08  2.4355515E-08  4.7816315E-01
   ge70     70   3.0460217E-07  4.4890925E-07  1.4430709E-07  1.2339451E-07  3.9668777E-08  4.9284706E-01
   ge71     71   3.4978438E-31  3.4978438E-31  0.0000000E+00  9.6147433E-32  0.0000000E+00  0.0000000E+00
   ge72     72   3.1056061E-07  5.0671036E-07  1.9614974E-07  1.3928266E-07  5.3919877E-08  4.1214818E-01
   ge73     73   9.3451291E-08  1.4927302E-07  5.5821733E-08  4.1031615E-08  1.5344913E-08  4.2715418E-01
   ge74     74   4.3333412E-07  6.9891212E-07  2.6557800E-07  1.9211437E-07  7.3005104E-08  4.2020661E-01
   as75     75   3.9896552E-08  7.8832556E-08  3.8936005E-08  2.1669202E-08  1.0703173E-08  3.0633041E-01
   se76     76   1.4314116E-07  1.8367709E-07  4.0535923E-08  5.0488477E-08  1.1142977E-08  6.5619105E-01
   se77     77   5.6996715E-08  9.0440253E-08  3.3443538E-08  2.4859881E-08  9.1933412E-09  4.3202567E-01
   se78     78   3.8817734E-07  4.9371732E-07  1.0553998E-07  1.3571119E-07  2.9012032E-08  6.7003751E-01
   se79     79   0.0000000E+00  0.0000000E+00  0.0000000E+00  0.0000000E+00  0.0000000E+00  0.0000000E+00
   se80     80   5.2631037E-07  7.5222977E-07  2.2591941E-07  2.0677014E-07  6.2103297E-08  5.2237314E-01
   br79     79   8.7903913E-08  1.2403200E-07  3.6128085E-08  3.4093457E-08  9.9313002E-09  5.3566498E-01
   br80     80   0.0000000E+00  0.0000000E+00  0.0000000E+00  0.0000000E+00  0.0000000E+00  0.0000000E+00
   br81     81   7.1040162E-08  1.0707537E-07  3.6035200E-08  2.9432480E-08  9.9057660E-09  4.7293878E-01
   kr80     80  -1.9938362E-10  8.4104359E-09  8.6098195E-09  2.3118294E-09  2.3667655E-09 -1.0199454E-02
   kr81     81   0.0000000E+00  0.0000000E+00  0.0000000E+00  0.0000000E+00  0.0000000E+00  0.0000000E+00
   kr82     82   2.5489948E-07  2.9911874E-07  4.4219274E-08  8.2220652E-08  1.2155497E-08  8.3020818E-01
   kr83     83   9.1232423E-08  1.3557437E-07  4.4341945E-08  3.7266179E-08  1.2189219E-08  4.8533902E-01
   kr84     84   6.5910831E-07  8.8026923E-07  2.2116089E-07  2.4196515E-07  6.0795223E-08  5.9988338E-01
   kr-5     85  -2.0053590E-12 -2.0053590E-12  0.0000000E+00 -5.5122568E-13  0.0000000E+00  0.0000000E+00
   kr*5     85   0.0000000E+00  0.0000000E+00  0.0000000E+00  0.0000000E+00  0.0000000E+00  0.0000000E+00
   kr86     86   3.5230894E-06  3.5915639E-06  6.8474414E-08  9.8723581E-07  1.8823028E-08  1.7197315E+00
   rb85     85   2.3138864E-07  2.6728355E-07  3.5894921E-08  7.3469913E-08  9.8672048E-09  8.7191540E-01
   rb86     86   3.0988767E-29  3.0988767E-29  0.0000000E+00  8.5180774E-30  0.0000000E+00  0.0000000E+00
   rb87     87   6.3537362E-07  6.5049312E-07  1.5119488E-08  1.7880514E-07  4.1562171E-09  1.6336819E+00
   sr86     86   1.3311552E-07  1.4986536E-07  1.6749832E-08  4.1194433E-08  4.6043849E-09  9.5166695E-01
   sr87     87   6.8362979E-08  8.0204678E-08  1.1841697E-08  2.2046365E-08  3.2551806E-09  8.3076191E-01
   sr88     88   1.9904307E-06  2.1340338E-06  1.4360310E-07  5.8659532E-07  3.9475257E-08  1.1720138E+00
   sr89     89   1.9488514E-27  1.9488514E-27  0.0000000E+00  5.3569303E-28  0.0000000E+00  0.0000000E+00
   sr90     90   2.4079354E-12  2.4079354E-12  0.0000000E+00  6.6188434E-13  0.0000000E+00  0.0000000E+00
    y89     89   5.8095441E-07  6.1520768E-07  3.4253283E-08  1.6910602E-07  9.4159329E-09  1.2542957E+00
    y90     90   6.0894824E-16  6.0894824E-16  0.0000000E+00  1.6738544E-16  0.0000000E+00  0.0000000E+00
    y91     91   1.4161584E-27  1.4161584E-27  0.0000000E+00  3.8926838E-28  0.0000000E+00  0.0000000E+00
   zr90     90   4.8122160E-07  5.2204632E-07  4.0824705E-08  1.4349816E-07  1.1222361E-08  1.1067622E+00
   zr91     91   1.3769251E-07  1.4669418E-07  9.0016643E-09  4.0322753E-08  2.4744802E-09  1.2120663E+00
   zr92     92   2.4917671E-07  2.6308723E-07  1.3910529E-08  7.2316446E-08  3.8238848E-09  1.2767323E+00
   zr93     93   0.0000000E+00  0.0000000E+00  0.0000000E+00  0.0000000E+00  0.0000000E+00  0.0000000E+00
   zr94     94   3.1467155E-07  3.2907525E-07  1.4403700E-08  9.0454982E-08  3.9594532E-09  1.3587973E+00
   zr95     95   1.8622618E-26  1.8622618E-26  0.0000000E+00  5.1189161E-27  0.0000000E+00  0.0000000E+00
   zr96     96   3.0047514E-07  3.0284502E-07  2.3698754E-09  8.3244920E-08  6.5145839E-10  2.1064713E+00
   nb93     93   9.5099672E-08  1.0131960E-07  6.2199303E-09  2.7850357E-08  1.7098053E-09  1.2118841E+00
   nb94     94   5.2937285E-15  5.2937285E-15  0.0000000E+00  1.4551204E-15  0.0000000E+00  0.0000000E+00
   nb95     95   2.2224575E-26  2.2224575E-26  0.0000000E+00  6.1090090E-27  0.0000000E+00  0.0000000E+00
   mo94     94  -4.6285642E-11  1.9030737E-09  1.9493593E-09  5.2310983E-10  5.3586208E-10 -1.0460143E-02
   mo95     95   6.0929160E-08  6.4338884E-08  3.4097236E-09  1.7685235E-08  9.3730379E-10  1.2757305E+00
   mo96     96   1.1659687E-07  1.2022387E-07  3.6270005E-09  3.3046692E-08  9.9703124E-10  1.5204194E+00
   mo97     97   4.2258549E-08  4.4368587E-08  2.1100366E-09  1.2195873E-08  5.8003086E-10  1.3227618E+00
   mo98     98   1.0575049E-07  1.1116747E-07  5.4169766E-09  3.0557302E-08  1.4890802E-09  1.3121970E+00
   tc99     99   0.0000000E+00  0.0000000E+00  0.0000000E+00  0.0000000E+00  0.0000000E+00  0.0000000E+00
   ru99     99   1.2701546E-08  1.4592926E-08  1.8913799E-09  4.0112496E-09  5.1992405E-10  8.8733983E-01
  ru100    100   4.1709210E-08  4.3595726E-08  1.8865167E-09  1.1983432E-08  5.1858728E-10  1.3637594E+00
  ru101    101   8.5633181E-09  1.1143169E-08  2.5798512E-09  3.0629930E-09  7.0917894E-10  6.3539016E-01
  ru102    102   4.8380485E-08  5.3198708E-08  4.8182232E-09  1.4623064E-08  1.3244881E-09  1.0429903E+00
  rh103    103   7.7485787E-09  1.0825604E-08  3.0770255E-09  2.9757021E-09  8.4584784E-10  5.4629725E-01
  pd104    104   2.4433707E-08  2.5780235E-08  1.3465287E-09  7.0863755E-09  3.7014913E-10  1.2820475E+00
  pd105    105   5.9539591E-09  8.6789829E-09  2.7250240E-09  2.3856466E-09  7.4908568E-10  5.0307465E-01
  pd106    106   2.6788216E-08  3.0155181E-08  3.3669649E-09  8.2889446E-09  9.2554975E-10  9.5209944E-01
  pd107    107   0.0000000E+00  0.0000000E+00  0.0000000E+00  0.0000000E+00  0.0000000E+00  0.0000000E+00
  pd108    108   3.2880472E-08  3.6201769E-08  3.3212952E-09  9.9510080E-09  9.1299551E-10  1.0373985E+00
  ag107    107   5.1421596E-09  7.4295254E-09  2.2873659E-09  2.0422004E-09  6.2877720E-10  5.1160157E-01
  ag108    108   0.0000000E+00  0.0000000E+00  0.0000000E+00  0.0000000E+00  0.0000000E+00  0.0000000E+00
  ag109    109   7.9944167E-09  1.0159185E-08  2.1647677E-09  2.7925191E-09  5.9507599E-10  6.7142373E-01
  cd108    108  -2.5573849E-12  1.2570656E-10  1.2826394E-10  3.4553752E-11  3.5258654E-11 -8.7705357E-03
  cd109    109   1.0440685E-24  1.0440685E-24  0.0000000E+00  2.8698967E-25  0.0000000E+00  0.0000000E+00
  cd110    110   2.8220091E-08  3.0053457E-08  1.8333656E-09  8.2609830E-09  5.0397642E-10  1.2146215E+00
  cd111    111   9.1677022E-09  1.1063636E-08  1.8959341E-09  3.0411313E-09  5.2117599E-10  7.6605076E-01
  cd112    112   3.6242920E-08  3.9849269E-08  3.6063479E-09  1.0953619E-08  9.9135400E-10  1.0433289E+00
  cd113    113   1.0584262E-08  1.2426900E-08  1.8426382E-09  3.4158603E-09  5.0652538E-10  8.2889885E-01
  cd114    114   5.5233791E-08  5.9604290E-08  4.3705000E-09  1.6383806E-08  1.2014127E-09  1.1347226E+00
  in115    115   1.0545369E-08  1.2193340E-08  1.6479709E-09  3.3516601E-09  4.5301299E-10  8.6914933E-01
  sn116    116   8.3950020E-08  8.9105974E-08  5.1559561E-09  2.4493120E-08  1.4173279E-09  1.2375739E+00
  sn117    117   2.4751676E-08  2.7498558E-08  2.7468818E-09  7.5587021E-09  7.5509421E-10  1.0004461E+00
  sn118    118   1.3549482E-07  1.4387088E-07  8.3760554E-09  3.9546695E-08  2.3025055E-09  1.2349095E+00
  sn119    119   3.9557456E-08  4.2682345E-08  3.1248890E-09  1.1732364E-08  8.5900514E-10  1.1353898E+00
  sn120    120   2.3656787E-07  2.4851937E-07  1.1951504E-08  6.8312083E-08  3.2853658E-09  1.3179139E+00
  sb121    121   1.6795365E-08  1.8638456E-08  1.8430912E-09  5.1232698E-09  5.0664994E-10  1.0048392E+00
  te122    122   2.9676478E-08  3.0901621E-08  1.2251420E-09  8.4941227E-09  3.3678099E-10  1.4017711E+00
  te123    123   1.0828164E-08  1.1259273E-08  4.3110879E-10  3.0949072E-09  1.1850811E-10  1.4168997E+00
  te124    124   5.6943453E-08  5.9258156E-08  2.3147020E-09  1.6288663E-08  6.3629169E-10  1.4082294E+00
  te125    125   1.8934223E-08  2.2414568E-08  3.4803453E-09  6.1612333E-09  9.5671704E-10  8.0888414E-01
  te126    126   1.0761802E-07  1.1696659E-07  9.3485690E-09  3.2151341E-08  2.5698412E-09  1.0972929E+00
   i127    127   1.3822138E-08  2.5546552E-08  1.1724413E-08  7.0221415E-09  3.2229404E-09  3.3821732E-01
   i128    128   0.0000000E+00  0.0000000E+00  0.0000000E+00  0.0000000E+00  0.0000000E+00  0.0000000E+00
   i129    129   3.9588666E-11  3.9588666E-11  0.0000000E+00  1.0881985E-11  0.0000000E+00  0.0000000E+00
  xe128    128   3.3781525E-08  3.5047879E-08  1.2663544E-09  9.6338315E-09  3.4810993E-10  1.4420828E+00
  xe129    129   1.2731078E-08  2.8628577E-08  1.5897498E-08  7.8693168E-09  4.3700856E-09  2.5544709E-01
  xe130    130   6.6923974E-08  6.9496210E-08  2.5722349E-09  1.9102862E-08  7.0708528E-10  1.4316268E+00
  xe131    131   2.5452977E-08  3.8302311E-08  1.2849333E-08  1.0528398E-08  3.5321712E-09  4.7432056E-01
  xe132    132   1.3001667E-07  1.4584172E-07  1.5825051E-08  4.0088434E-08  4.3501704E-09  9.6451283E-01
  xe133    133   6.1558877E-35  6.1558877E-35  0.0000000E+00  1.6921076E-35  0.0000000E+00  0.0000000E+00
  xe134    134   1.0815278E-07  1.1408443E-07  5.9316503E-09  3.1359104E-08  1.6305596E-09  1.2840270E+00
  cs133    133   1.7519319E-08  2.1679815E-08  4.1604951E-09  5.9592673E-09  1.1436843E-09  7.1688670E-01
  cs134    134  -2.9021642E-17 -2.9021642E-17  0.0000000E+00 -7.9773613E-18  0.0000000E+00  0.0000000E+00
  cs135    135   0.0000000E+00  0.0000000E+00  0.0000000E+00  0.0000000E+00  0.0000000E+00  0.0000000E+00
  cs136    136   1.5449856E-31  1.5449856E-31  0.0000000E+00  4.2467992E-32  0.0000000E+00  0.0000000E+00
  cs137    137   0.0000000E+00  0.0000000E+00  0.0000000E+00  0.0000000E+00  0.0000000E+00  0.0000000E+00
  ba134    134   3.9454040E-08  4.0729507E-08  1.2754680E-09  1.1195576E-08  3.5061518E-10  1.5042158E+00
  ba135    135   4.2037865E-08  4.5542500E-08  3.5046333E-09  1.2518553E-08  9.6339359E-10  1.1137505E+00
  ba136    136   1.2292405E-07  1.2713056E-07  4.2065098E-09  3.4945177E-08  1.1563334E-09  1.4803042E+00
  ba137    137   2.4591876E-07  2.5197872E-07  6.0599636E-09  6.9262974E-08  1.6658319E-09  1.6188700E+00
  ba138    138   1.1750766E-06  1.2140422E-06  3.8965577E-08  3.3371143E-07  1.0711301E-08  1.4935290E+00
  la139    139   1.3976990E-07  1.4511451E-07  5.3446145E-09  3.9888540E-08  1.4691887E-09  1.4337707E+00
  ce140    140   3.6255932E-07  3.7480871E-07  1.2249376E-08  1.0302603E-07  3.3672480E-09  1.4856720E+00
  ce141    141   4.2047534E-29  4.2047534E-29  0.0000000E+00  1.1557870E-29  0.0000000E+00  0.0000000E+00
  ce142    142   6.1532418E-08  6.3093609E-08  1.5611930E-09  1.7342938E-08  4.2915851E-10  1.6065050E+00
  pr141    141   3.8135965E-08  4.0247084E-08  2.1111195E-09  1.1062969E-08  5.8032856E-10  1.2801979E+00
  nd142    142   6.2747979E-08  6.5564109E-08  2.8161278E-09  1.8022019E-08  7.7412932E-10  1.3669901E+00
  nd143    143   1.5249560E-08  1.6510368E-08  1.2608078E-09  4.5383088E-09  3.4658523E-10  1.1170840E+00
  nd144    144   4.4490953E-08  4.6996686E-08  2.5057307E-09  1.2918275E-08  6.8880385E-10  1.2731091E+00
  nd145    145   8.3793097E-09  9.3111137E-09  9.3180375E-10  2.5594045E-09  2.5614483E-10  9.9965334E-01
  nd146    146   3.8365791E-08  4.0199822E-08  1.8340326E-09  1.1049978E-08  5.0415977E-10  1.3407933E+00
  nd147    147   2.1681880E-32  2.1681880E-32  0.0000000E+00  5.9598350E-33  0.0000000E+00  0.0000000E+00
  nd148    148   6.2103251E-09  6.8306898E-09  6.2036470E-10  1.8775947E-09  1.7053293E-10  1.0417936E+00
  pm147    147  -1.5574483E-15 -1.5574483E-15  0.0000000E+00 -4.2810562E-16  0.0000000E+00  0.0000000E+00
  pm148    148   0.0000000E+00  0.0000000E+00  0.0000000E+00  0.0000000E+00  0.0000000E+00  0.0000000E+00
  sm147    147   4.6134589E-09  5.1128186E-09  4.9935944E-10  1.4053927E-09  1.3726963E-10  1.0102233E+00
  sm148    148   8.9889243E-09  9.3659072E-09  3.7698256E-10  2.5744660E-09  1.0362927E-10  1.3952048E+00
  sm149    149   1.7693861E-09  2.2360340E-09  4.6664794E-10  6.1463273E-10  1.2827750E-10  6.8046522E-01
  sm150    150   8.2800202E-09  8.5308862E-09  2.5086636E-10  2.3449385E-09  6.8961011E-11  1.5315280E+00
  sm151    151   4.0620426E-13  4.0620426E-13  0.0000000E+00  1.1165592E-13  0.0000000E+00  0.0000000E+00
  sm152    152   7.4678201E-09  8.3892697E-09  9.2144942E-10  2.3060114E-09  2.5329852E-10  9.5922875E-01
  eu151    151   1.2334023E-09  1.8412439E-09  6.0784172E-10  5.0611432E-10  1.6709047E-10  4.8129699E-01
  eu152    152  -1.6469378E-17 -1.6469378E-17  0.0000000E+00 -4.5270416E-18  0.0000000E+00  0.0000000E+00
  eu153    153   1.4277881E-09  2.1001061E-09  6.7231798E-10  5.7726940E-10  1.8481443E-10  4.9464267E-01
  eu154    154  -8.7788321E-16 -8.7788321E-16  0.0000000E+00 -2.4130928E-16  0.0000000E+00  0.0000000E+00
  eu155    155  -1.0474284E-15 -1.0474284E-15  0.0000000E+00 -2.8791325E-16  0.0000000E+00  0.0000000E+00
  gd152    152   1.4109668E-12  1.0286026E-11  8.8750595E-12  2.8273848E-12  2.4396776E-12  6.4052448E-02
  gd153    153  -1.5424203E-26 -1.5424203E-26  0.0000000E+00 -4.2397476E-27  0.0000000E+00  0.0000000E+00
  gd154    154   3.3461136E-09  3.4441254E-09  9.8011800E-11  9.4670849E-10  2.6942601E-11  1.5457768E+00
  gd155    155   1.3975670E-09  2.0672859E-09  6.6971895E-10  5.6824789E-10  1.8409997E-10  4.8948413E-01
  gd156    156   5.5214802E-09  6.4537318E-09  9.3225139E-10  1.7739779E-09  2.5626790E-10  8.4025401E-01
  gd157    157   2.6689435E-09  3.3862468E-09  7.1730338E-10  9.3079899E-10  1.9718054E-10  6.7399192E-01
  gd158    158   1.0556933E-08  1.1702722E-08  1.1457897E-09  3.2168010E-09  3.1496772E-10  1.0091581E+00
  gd159    159   0.0000000E+00  0.0000000E+00  0.0000000E+00  0.0000000E+00  0.0000000E+00  0.0000000E+00
  gd160    160   8.5625695E-10  1.8773547E-09  1.0210978E-09  5.1604032E-10  2.8069097E-10  2.6445517E-01
  tb159    159   2.2907931E-09  3.1551550E-09  8.6436186E-10  8.6727731E-10  2.3760566E-10  5.6230116E-01
  tb160    160   2.7295415E-27  2.7295415E-27  0.0000000E+00  7.5028626E-28  0.0000000E+00  0.0000000E+00
  tb161    161   3.0500959E-35  3.0500959E-35  0.0000000E+00  8.3839903E-36  0.0000000E+00  0.0000000E+00
  dy160    160   3.7582395E-09  3.8890322E-09  1.3079268E-10  1.0690028E-09  3.5953782E-11  1.4732343E+00
  dy161    161   1.8494579E-09  2.9168725E-09  1.0674146E-09  8.0177914E-10  2.9342309E-10  4.3656042E-01
  dy162    162   7.8552027E-09  9.3037400E-09  1.4485373E-09  2.5573776E-09  3.9819045E-10  8.0770403E-01
  dy163    163   3.3984278E-09  4.8227671E-09  1.4243393E-09  1.3256644E-09  3.9153866E-10  5.2965897E-01
  dy164    164   1.6243828E-08  1.7870519E-08  1.6266918E-09  4.9121822E-09  4.4716358E-10  1.0408081E+00
  ho165    165   3.0405098E-09  4.3075148E-09  1.2670049E-09  1.1840338E-09  3.4828876E-10  5.3142464E-01
  er166    166   6.8235986E-09  8.0272216E-09  1.2036232E-09  2.2064930E-09  3.3086567E-10  8.2405084E-01
  er167    167   2.8039311E-09  3.6304546E-09  8.2652357E-10  9.9792596E-10  2.2720421E-10  6.4268196E-01
  er168    168   1.0559936E-08  1.1540803E-08  9.8086661E-10  3.1722931E-09  2.6963179E-10  1.0706023E+00
  er169    169   6.2922934E-33  6.2922934E-33  0.0000000E+00  1.7296024E-33  0.0000000E+00  0.0000000E+00
  er170    170   4.2913437E-09  4.8398983E-09  5.4855448E-10  1.3303733E-09  1.5079291E-10  9.4559258E-01
  tm169    169   2.6863696E-09  3.2660381E-09  5.7966848E-10  8.9775648E-10  1.5934587E-10  7.5081778E-01
  tm170    170   7.1563481E-24  7.1563481E-24  0.0000000E+00  1.9671105E-24  0.0000000E+00  0.0000000E+00
  tm171    171  -3.2126716E-16 -3.2126716E-16  0.0000000E+00 -8.8308724E-17  0.0000000E+00  0.0000000E+00
  yb170    170   3.2815120E-09  3.3911474E-09  1.0963547E-10  9.3214603E-10  3.0137847E-11  1.4903718E+00
  yb171    171   5.2251448E-09  5.7465823E-09  5.2143739E-10  1.5795992E-09  1.4333865E-10  1.0421836E+00
  yb172    172   1.3419219E-08  1.4226636E-08  8.0741758E-10  3.9105648E-09  2.2195215E-10  1.2459801E+00
  yb173    173   6.1975527E-09  6.8003416E-09  6.0278871E-10  1.8692528E-09  1.6570142E-10  1.0523418E+00
  yb174    174   2.7271639E-08  2.8477768E-08  1.2061291E-09  7.8278637E-09  3.3155453E-10  1.3730884E+00
  lu175    175   3.5815897E-09  4.1259747E-09  5.4438487E-10  1.1341327E-09  1.4964671E-10  8.7959671E-01
  lu176    176   2.6789087E-09  2.6947988E-09  1.5890182E-11  7.4073631E-10  4.3680740E-12  2.2293737E+00
  lu177    177   3.7794481E-34  3.7794481E-34  0.0000000E+00  1.0388807E-34  0.0000000E+00  0.0000000E+00
  hf176    176  -3.1225855E-12  1.1914553E-10  1.2226811E-10  3.2750282E-11  3.3610455E-11 -1.1259358E-02
  hf177    177   2.9164740E-09  3.3559369E-09  4.3946285E-10  9.2246749E-10  1.2080456E-10  8.8286775E-01
  hf178    178   1.3175693E-08  1.3824052E-08  6.4835876E-10  3.7999044E-09  1.7822825E-10  1.3287963E+00
  hf179    179   4.6515369E-09  4.9770819E-09  3.2554487E-10  1.3680819E-09  8.9489492E-11  1.1843401E+00
  hf180    180   2.5060334E-08  2.5903407E-08  8.4307333E-10  7.1202328E-09  2.3175362E-10  1.4874678E+00
  hf181    181   1.7940129E-28  1.7940129E-28  0.0000000E+00  4.9313162E-29  0.0000000E+00  0.0000000E+00
  hf182    182   9.9315791E-09  9.9315791E-09  0.0000000E+00  2.7299556E-09  0.0000000E+00  0.0000000E+00
  ta181    181   6.2556942E-09  6.6129004E-09  3.5720607E-10  1.8177296E-09  9.8192877E-11  1.2674494E+00
  ta182    182   9.1120906E-17  9.1120906E-17  0.0000000E+00  2.5046978E-17  0.0000000E+00  0.0000000E+00
  ta183    183   6.6401390E-36  6.6401390E-36  0.0000000E+00  1.8252169E-36  0.0000000E+00  0.0000000E+00
   w182    182   1.0220541E-08  1.0781088E-08  5.6054705E-10  2.9634655E-09  1.5408956E-10  1.2840267E+00
   w183    183   8.1317850E-09  8.4361451E-09  3.0435976E-10  2.3188964E-09  8.3665880E-11  1.4427330E+00
   w184    184   1.9451214E-08  2.0106450E-08  6.5523664E-10  5.5267866E-09  1.8011892E-10  1.4869134E+00
   w185    185   1.1469068E-26  1.1469068E-26  0.0000000E+00  3.1525751E-27  0.0000000E+00  0.0000000E+00
   w186    186   9.5588426E-09  1.0173428E-08  6.1458549E-10  2.7964342E-09  1.6894426E-10  1.2188612E+00
  re185    185   3.8710914E-09  4.1834607E-09  3.1236910E-10  1.1499341E-09  8.5867577E-11  1.1268438E+00
  re186    186   9.9084312E-37  9.9084312E-37  0.0000000E+00  2.7235928E-37  0.0000000E+00  0.0000000E+00
  re187    187   2.1261035E-09  2.6957454E-09  5.6964189E-10  7.4099649E-10  1.5658967E-10  6.7505306E-01
  os186    186   7.0666806E-09  7.2398132E-09  1.7313249E-10  1.9900530E-09  4.7592631E-11  1.6213250E+00
  os187    187   1.9746338E-09  2.1130793E-09  1.3844541E-10  5.8083538E-10  3.8057453E-11  1.1836134E+00
  os188    188   1.5353931E-08  1.6814438E-08  1.4605066E-09  4.6218904E-09  4.0148071E-10  1.0611551E+00
  os189    189   3.1323482E-09  4.9225304E-09  1.7901822E-09  1.3530870E-09  4.9210569E-10  4.3926734E-01
  os190    190   1.4669945E-08  1.7596603E-08  2.9266580E-09  4.8368891E-09  8.0451312E-10  7.7903301E-01
  os191    191   4.4410637E-31  4.4410637E-31  0.0000000E+00  1.2207431E-31  0.0000000E+00  0.0000000E+00
  os192    192   3.5963015E-09  8.1895477E-09  4.5932462E-09  2.2511126E-09  1.2626439E-09  2.5111639E-01
  ir191    191   2.7537426E-09  6.6266601E-09  3.8729175E-09  1.8215118E-09  1.0646317E-09  2.3323259E-01
  ir192    192   6.5380545E-27  6.5380545E-27  0.0000000E+00  1.7971563E-27  0.0000000E+00  0.0000000E+00
  ir193    193   3.3380978E-09  9.9164952E-09  6.5783974E-09  2.7258096E-09  1.8083449E-09  1.7821428E-01
  pt192    192   3.4604724E-09  3.6233243E-09  1.6285190E-10  9.9596598E-10  4.4766586E-11  1.3472905E+00
  pt193    193   1.0500697E-13  1.0500697E-13  0.0000000E+00  2.8863928E-14  0.0000000E+00  0.0000000E+00
  pt194    194   1.1322644E-08  1.8259694E-08  6.9370496E-09  5.0191571E-09  1.9069353E-09  4.2029482E-01
  pt195    195   4.5487027E-09  1.1704700E-08  7.1559976E-09  3.2173446E-09  1.9671220E-09  2.1366632E-01
  pt196    196   1.9654305E-08  2.5020597E-08  5.3662923E-09  6.8775692E-09  1.4751477E-09  6.6859949E-01
  au197    197   6.3825021E-09  9.6166701E-09  3.2341680E-09  2.6433946E-09  8.8904500E-10  4.7323826E-01
  hg198    198   2.1640849E-08  2.2400584E-08  7.5973489E-10  6.1573897E-09  2.0884458E-10  1.4695735E+00
  hg199    199   9.4939985E-09  1.0785991E-08  1.2919927E-09  2.9648133E-09  3.5515768E-10  9.2157620E-01
  hg200    200   3.1143092E-08  3.2921079E-08  1.7779885E-09  9.0492245E-09  4.8875376E-10  1.2675213E+00
  hg201    201   1.2962173E-08  1.3981680E-08  1.0195069E-09  3.8432324E-09  2.8025368E-10  1.1371454E+00
  hg202    202   4.9062347E-08  5.1383630E-08  2.3212821E-09  1.4124142E-08  6.3810046E-10  1.3450731E+00
  tl203    203   2.6912103E-08  2.7830342E-08  9.1823976E-10  7.6499012E-09  2.5241623E-10  1.4815387E+00
  tl204    204  -2.2328734E-14 -2.2328734E-14  0.0000000E+00 -6.1376397E-15  0.0000000E+00  0.0000000E+00
  tl205    205   6.2064565E-08  6.4278140E-08  2.2135733E-09  1.7668537E-08  6.0849220E-10  1.4629457E+00
  pb204    204   1.8328196E-08  1.9490461E-08  1.1622645E-09  5.3574656E-09  3.1949654E-10  1.2244933E+00
  pb205    205   0.0000000E+00  0.0000000E+00  0.0000000E+00  0.0000000E+00  0.0000000E+00  0.0000000E+00
  pb206    206   3.4927808E-07  3.6019878E-07  1.0920688E-08  9.9010109E-08  3.0020035E-09  1.5182685E+00
  pb207    207   2.8321256E-07  2.9535622E-07  1.2143647E-08  8.1186421E-08  3.3381844E-09  1.3859732E+00
  pb208    208   1.5499667E-06  1.5848934E-06  3.4926757E-08  4.3564964E-07  9.6010648E-09  1.6568179E+00
  bi209    209   7.4188726E-08  7.6617816E-08  2.4290874E-09  2.1060421E-08  6.6773526E-10  1.4988629E+00
  bi210    210   0.0000000E+00  0.0000000E+00  0.0000000E+00  0.0000000E+00  0.0000000E+00  0.0000000E+00
  po210    210   0.0000000E+00  0.0000000E+00  0.0000000E+00  0.0000000E+00  0.0000000E+00  0.0000000E+00
