  species    A      yield       mass(i)_lost    mass(i)_0        <X(i)>           X0(i)   log10(<X(i)>/X0(i)) 
      n      1   0.0000000E+00  0.0000000E+00  0.0000000E+00  0.0000000E+00  0.0000000E+00  0.0000000E+00
      p      1  -1.4043832E-01  2.4272902E+00  2.5677285E+00  6.6720456E-01  7.0584649E-01 -2.4451273E-02
      d      2   1.8456216E-17  1.8456216E-17  0.0000000E+00  5.0731765E-18  0.0000000E+00  0.0000000E+00
    he3      3   4.2629657E-05  4.2629657E-05  0.0000000E+00  1.1717882E-05  0.0000000E+00  0.0000000E+00
    he4      4   1.1413848E-01  1.1325011E+00  1.0183626E+00  3.1129771E-01  2.7993914E-01  4.6112280E-02
    li7      7  -8.0939699E-10  3.2287392E-08  3.3096789E-08  8.8750385E-09  9.0980219E-09 -1.0776766E-02
    be7      7   5.2533681E-12  5.2533681E-12  0.0000000E+00  1.4440263E-12  0.0000000E+00  0.0000000E+00
     b8      8   6.3170530E-24  6.3170530E-24  0.0000000E+00  1.7364081E-24  0.0000000E+00  0.0000000E+00
    c12     12   2.8886981E-03  1.2001153E-02  9.1124550E-03  3.2988326E-03  2.5049355E-03  1.1956374E-01
    c13     13   2.7810840E-03  2.8915091E-03  1.1042506E-04  7.9480733E-04  3.0354900E-05  1.4180331E+00
    c14     14   4.8805834E-08  4.8805834E-08  0.0000000E+00  1.3415567E-08  0.0000000E+00  0.0000000E+00
    n13     13   0.0000000E+00  0.0000000E+00  0.0000000E+00  0.0000000E+00  0.0000000E+00  0.0000000E+00
    n14     14   2.0211671E-02  2.2905851E-02  2.6941802E-03  6.2962756E-03  7.4060698E-04  9.2949599E-01
    n15     15  -6.2294057E-06  4.0668206E-07  6.6360876E-06  1.1178726E-07  1.8242035E-06 -1.2126811E+00
    o14     14   0.0000000E+00  0.0000000E+00  0.0000000E+00  0.0000000E+00  0.0000000E+00  0.0000000E+00
    o15     15   0.0000000E+00  0.0000000E+00  0.0000000E+00  0.0000000E+00  0.0000000E+00  0.0000000E+00
    o16     16  -1.4833100E-03  2.0520888E-02  2.2004198E-02  5.6407056E-03  6.0487650E-03 -3.0333309E-02
    o17     17   2.4061963E-05  3.2944339E-05  8.8823772E-06  9.0556177E-06  2.4416890E-06  5.6922776E-01
    o18     18  -4.9333474E-05  1.7597171E-07  4.9509446E-05  4.8370453E-08  1.3609721E-05 -2.4492693E+00
    o19     19   0.0000000E+00  0.0000000E+00  0.0000000E+00  0.0000000E+00  0.0000000E+00  0.0000000E+00
    f17     17   0.0000000E+00  0.0000000E+00  0.0000000E+00  0.0000000E+00  0.0000000E+00  0.0000000E+00
    f18     18   0.0000000E+00  0.0000000E+00  0.0000000E+00  0.0000000E+00  0.0000000E+00  0.0000000E+00
    f19     19   3.0995463E-06  4.5252832E-06  1.4257369E-06  1.2438931E-06  3.9192281E-07  5.0158250E-01
    f20     20   0.0000000E+00  0.0000000E+00  0.0000000E+00  0.0000000E+00  0.0000000E+00  0.0000000E+00
   ne19     19   0.0000000E+00  0.0000000E+00  0.0000000E+00  0.0000000E+00  0.0000000E+00  0.0000000E+00
   ne20     20  -2.2700988E-06  4.5114770E-03  4.5137471E-03  1.2400980E-03  1.2407904E-03 -2.4238617E-04
   ne21     21   1.0460762E-06  1.2407186E-05  1.1361110E-05  3.4104412E-06  3.1230711E-06  3.8228709E-02
   ne22     22   1.5913824E-03  1.9564712E-03  3.6508881E-04  5.3778756E-04  1.0035978E-04  7.2905105E-01
   ne23     23   0.0000000E+00  0.0000000E+00  0.0000000E+00  0.0000000E+00  0.0000000E+00  0.0000000E+00
   na21     21   0.0000000E+00  0.0000000E+00  0.0000000E+00  0.0000000E+00  0.0000000E+00  0.0000000E+00
   na22     22   2.3343761E-11  2.3343761E-11  0.0000000E+00  6.4166467E-12  0.0000000E+00  0.0000000E+00
   na23     23   5.7923608E-05  1.8011294E-04  1.2218933E-04  4.9508777E-05  3.3588796E-05  1.6848773E-01
   na24     24   0.0000000E+00  0.0000000E+00  0.0000000E+00  0.0000000E+00  0.0000000E+00  0.0000000E+00
   mg23     23   0.0000000E+00  0.0000000E+00  0.0000000E+00  0.0000000E+00  0.0000000E+00  0.0000000E+00
   mg24     24  -5.2134274E-05  2.1010044E-03  2.1531386E-03  5.7751627E-04  5.9187930E-04 -1.0668908E-02
   mg25     25   1.3211128E-04  4.1605262E-04  2.8394134E-04  1.1436300E-04  7.8053032E-05  1.6589577E-01
   mg26     26   6.9837813E-05  3.9496174E-04  3.2512392E-04  1.0856562E-04  8.9373774E-05  8.4482238E-02
   mg27     27   0.0000000E+00  0.0000000E+00  0.0000000E+00  0.0000000E+00  0.0000000E+00  0.0000000E+00
   al25     25   0.0000000E+00  0.0000000E+00  0.0000000E+00  0.0000000E+00  0.0000000E+00  0.0000000E+00
   al-6     26   0.0000000E+00  0.0000000E+00  0.0000000E+00  0.0000000E+00  0.0000000E+00  0.0000000E+00
   al*6     26   0.0000000E+00  0.0000000E+00  0.0000000E+00  0.0000000E+00  0.0000000E+00  0.0000000E+00
   al27     27   4.6655798E-05  2.5398389E-04  2.0732809E-04  6.9814152E-05  5.6992707E-05  8.8124223E-02
   al28     28   0.0000000E+00  0.0000000E+00  0.0000000E+00  0.0000000E+00  0.0000000E+00  0.0000000E+00
   si27     27   0.0000000E+00  0.0000000E+00  0.0000000E+00  0.0000000E+00  0.0000000E+00  0.0000000E+00
   si28     28   1.5884871E-05  2.3999736E-03  2.3840887E-03  6.5969583E-04  6.5536553E-04  2.8601759E-03
   si29     29   3.8357102E-06  1.2922235E-04  1.2538664E-04  3.5520159E-05  3.4467706E-05  1.3062488E-02
   si30     30   7.0209644E-06  9.2524147E-05  8.5503183E-05  2.5432695E-05  2.3504090E-05  3.4248944E-02
    p31     31   1.1520333E-06  2.4956369E-05  2.3804336E-05  6.8599143E-06  6.5436075E-06  2.0501452E-02
    p32     32   7.0816157E-31  7.0816157E-31  0.0000000E+00  1.9465683E-31  0.0000000E+00  0.0000000E+00
    p33     33   1.0489284E-30  1.0489284E-30  0.0000000E+00  2.8832556E-31  0.0000000E+00  0.0000000E+00
    s32     32  -6.0563907E-06  1.1364185E-03  1.1424749E-03  3.1237453E-04  3.1405652E-04 -2.3322087E-03
    s33     33   3.7423615E-07  9.8065902E-06  9.4323541E-06  2.6955993E-06  2.5928732E-06  1.6874047E-02
    s34     34   1.6630547E-06  5.6519126E-05  5.4856071E-05  1.5535768E-05  1.5079462E-05  1.2946875E-02
    s35     35   5.0248418E-25  5.0248418E-25  0.0000000E+00  1.3812099E-25  0.0000000E+00  0.0000000E+00
    s36     36   1.3930696E-07  4.1008815E-07  2.7078119E-07  1.1272351E-07  7.4435420E-08  1.8023491E-01
   cl35     35  -9.7133125E-08  1.1622566E-05  1.1719700E-05  3.1947679E-06  3.2216446E-06 -3.6383013E-03
   cl36     36   0.0000000E+00  0.0000000E+00  0.0000000E+00  0.0000000E+00  0.0000000E+00  0.0000000E+00
   cl37     37   7.9992424E-07  4.7596272E-06  3.9597030E-06  1.3083087E-06  1.0884884E-06  7.9886429E-02
   ar36     36  -2.2921740E-06  2.1594585E-04  2.1823803E-04  5.9358397E-05  5.9991758E-05 -4.6094530E-03
   ar37     37   1.0935288E-25  1.0935288E-25  0.0000000E+00  3.0058516E-26  0.0000000E+00  0.0000000E+00
   ar38     38   9.7665179E-07  4.2861473E-05  4.1884821E-05  1.1781603E-05  1.1513776E-05  9.9865533E-03
   ar39     39   4.2320897E-10  4.2320897E-10  0.0000000E+00  1.1633011E-10  0.0000000E+00  0.0000000E+00
   ar40     40   1.0272615E-07  1.7324194E-07  7.0515796E-08  4.7620105E-08  1.9384185E-08  3.9034283E-01
    k39     39   1.1030170E-07  1.1472381E-05  1.1362079E-05  3.1534855E-06  3.1233380E-06  4.1718716E-03
    k40     40  -1.8393053E-09  0.0000000E+00  1.8393053E-09  0.0000000E+00  5.0560922E-10  0.0000000E+00
    k41     41   8.5026784E-08  9.4702966E-07  8.6200288E-07  2.6031600E-07  2.3695719E-07  4.0830888E-02
   ca40     40  -1.4750112E-06  1.9524357E-04  1.9671858E-04  5.3667831E-05  5.4076245E-05 -3.2924861E-03
   ca41     41   0.0000000E+00  0.0000000E+00  0.0000000E+00  0.0000000E+00  0.0000000E+00  0.0000000E+00
   ca42     42   8.5578563E-08  1.4642022E-06  1.3786237E-06  4.0247448E-07  3.7897183E-07  2.6131405E-02
   ca43     43   2.2576245E-08  3.1707691E-07  2.9450067E-07  8.7156927E-08  8.0955701E-08  3.2054454E-02
   ca44     44   1.4665147E-08  4.6711721E-06  4.6565069E-06  1.2839945E-06  1.2800336E-06  1.3418209E-03
   ca45     45   4.7695767E-21  4.7695767E-21  0.0000000E+00  1.3110436E-21  0.0000000E+00  0.0000000E+00
   ca46     46   3.2451723E-08  4.1786699E-08  9.3349746E-09  1.1486173E-08  2.5661042E-09  6.5090108E-01
   ca47     47   2.5101399E-37  2.5101399E-37  0.0000000E+00  6.8997795E-38  0.0000000E+00  0.0000000E+00
   ca48     48  -4.8584070E-10  4.5489685E-07  4.5538269E-07  1.2504036E-07  1.2518078E-07 -4.8742149E-04
   sc45     45   2.7401811E-08  1.5877441E-07  1.3137260E-07  4.3643322E-08  3.6113200E-08  8.2251854E-02
   sc46     46   9.5255705E-28  9.5255705E-28  0.0000000E+00  2.6183535E-28  0.0000000E+00  0.0000000E+00
   sc47     47   1.1868297E-36  1.1868297E-36  0.0000000E+00  3.2623134E-37  0.0000000E+00  0.0000000E+00
   sc48     48  -8.9321020E-32  8.2768067E-29  8.2857388E-29  2.2750980E-29  2.2776783E-29  0.0000000E+00
   ti46     46  -8.0208338E-09  7.9459585E-07  8.0261668E-07  2.1841556E-07  2.2063243E-07 -4.3857461E-03
   ti47     47  -9.5326413E-09  7.3001974E-07  7.3955238E-07  2.0066513E-07  2.0329659E-07 -5.6582000E-03
   ti48     48  -1.3337285E-07  7.3503707E-06  7.4837435E-06  2.0204427E-06  2.0572168E-06 -7.8335041E-03
   ti49     49   7.1820864E-08  6.3246262E-07  5.6064175E-07  1.7384899E-07  1.5411560E-07  5.2325588E-02
   ti50     50   1.1356525E-07  6.6133526E-07  5.4777001E-07  1.8178538E-07  1.5057726E-07  8.1799574E-02
    v51     51  -1.8310743E-08  1.1888789E-06  1.2071896E-06  3.2679461E-07  3.3184605E-07 -6.6617732E-03
   cr52     52  -4.6271452E-07  4.9023602E-05  4.9486316E-05  1.3475426E-05  1.3603363E-05 -4.1037714E-03
   cr53     53  -2.7629540E-08  5.6916047E-06  5.7192342E-06  1.5644872E-06  1.5721682E-06 -2.1269952E-03
   cr54     54   3.9777456E-07  1.8482758E-06  1.4505013E-06  5.0804721E-07  3.9873032E-07  1.0522479E-01
   mn55     55   4.9090886E-08  4.3266766E-05  4.3217675E-05  1.1893008E-05  1.1880167E-05  4.6916265E-04
   fe54     54  -5.6627614E-06  2.7909543E-04  2.8475819E-04  7.6716722E-05  7.8277582E-05 -8.7473700E-03
   fe55     55  -1.0487066E-13 -1.0487066E-13  0.0000000E+00 -2.8826459E-14  0.0000000E+00  0.0000000E+00
   fe56     56  -5.2455813E-05  4.5831311E-03  4.6355869E-03  1.2597941E-03  1.2742830E-03 -4.9663214E-03
   fe57     57   1.3272009E-05  1.2224012E-04  1.0896811E-04  3.3600911E-05  2.9954399E-05  4.9890447E-02
   fe58     58   2.8072205E-05  4.2828338E-05  1.4756132E-05  1.1772495E-05  4.0563341E-06  4.6273482E-01
   fe59     59   3.8840522E-26  3.8840522E-26  0.0000000E+00  1.0676339E-26  0.0000000E+00  0.0000000E+00
   fe60     60   0.0000000E+00  0.0000000E+00  0.0000000E+00  0.0000000E+00  0.0000000E+00  0.0000000E+00
   co59     59   7.8761605E-06  1.9256171E-05  1.1380011E-05  5.2930650E-06  3.1282668E-06  2.2840343E-01
   co60     60  -1.0345507E-12 -1.0345507E-12  0.0000000E+00 -2.8437346E-13  0.0000000E+00  0.0000000E+00
   ni58     58  -3.3871911E-06  1.5943823E-04  1.6282542E-04  4.3825792E-05  4.4759308E-05 -9.1536026E-03
   ni59     59   0.0000000E+00  0.0000000E+00  0.0000000E+00  0.0000000E+00  0.0000000E+00  0.0000000E+00
   ni60     60   5.5767596E-06  7.0460279E-05  6.4883519E-05  1.9367861E-05  1.7835922E-05  3.5786048E-02
   ni61     61   1.7534417E-06  4.6209507E-06  2.8675090E-06  1.2701898E-06  7.8825360E-07  2.0720270E-01
   ni62     62   2.9763296E-06  1.2268736E-05  9.2924065E-06  3.3723848E-06  2.5544027E-06  1.2064775E-01
   ni63     63   0.0000000E+00  0.0000000E+00  0.0000000E+00  0.0000000E+00  0.0000000E+00  0.0000000E+00
   ni64     64   1.6266849E-06  4.0695913E-06  2.4429064E-06  1.1186341E-06  6.7153400E-07  2.2162005E-01
   cu63     63   1.4149623E-06  3.4312516E-06  2.0162893E-06  9.4316971E-07  5.5426062E-07  2.3087582E-01
   cu64     64   0.0000000E+00  0.0000000E+00  0.0000000E+00  0.0000000E+00  0.0000000E+00  0.0000000E+00
   cu65     65   2.4798027E-07  1.1751868E-06  9.2720649E-07  3.2303097E-07  2.5488109E-07  1.0290653E-01
   zn64     64  -6.0972980E-08  3.3935460E-06  3.4545189E-06  9.3280534E-07  9.4961757E-07 -7.7577080E-03
   zn65     65  -8.9578095E-21 -8.9578095E-21  0.0000000E+00 -2.4622895E-21  0.0000000E+00  0.0000000E+00
   zn66     66   2.1823098E-07  2.2620497E-06  2.0438188E-06  6.2178384E-07  5.6182824E-07  4.4035830E-02
   zn67     67   5.1183633E-08  3.5607559E-07  3.0489196E-07  9.7876736E-08  8.3812175E-08  6.7372359E-02
   zn68     68   2.8623344E-07  1.7013793E-06  1.4151459E-06  4.6766885E-07  3.8901143E-07  7.9976097E-02
   zn69     69   0.0000000E+00  0.0000000E+00  0.0000000E+00  0.0000000E+00  0.0000000E+00  0.0000000E+00
   zn70     70   9.2193986E-10  4.9093043E-08  4.8171103E-08  1.3494514E-08  1.3241821E-08  8.2095163E-03
   ga69     69   4.0462638E-08  1.7020318E-07  1.2974054E-07  4.6784820E-08  3.5664559E-08  1.1786810E-01
   ga70     70   0.0000000E+00  0.0000000E+00  0.0000000E+00  0.0000000E+00  0.0000000E+00  0.0000000E+00
   ga71     71   3.2190982E-08  1.2079148E-07  8.8600501E-08  3.3202717E-08  2.4355515E-08  1.3457631E-01
   ge70     70   5.9675884E-08  2.0398298E-07  1.4430709E-07  5.6070085E-08  3.9668777E-08  1.5028240E-01
   ge71     71   1.8965652E-31  1.8965652E-31  0.0000000E+00  5.2132081E-32  0.0000000E+00  0.0000000E+00
   ge72     72   5.2339473E-08  2.4848921E-07  1.9614974E-07  6.8303798E-08  5.3919877E-08  1.0269593E-01
   ge73     73   1.5634637E-08  7.1456370E-08  5.5821733E-08  1.9641663E-08  1.5344913E-08  1.0721380E-01
   ge74     74   6.6551650E-08  3.3212964E-07  2.6557800E-07  9.1294567E-08  7.3005104E-08  9.7091675E-02
   as75     75   5.7713798E-09  4.4707384E-08  3.8936005E-08  1.2289000E-08  1.0703173E-08  6.0004026E-02
   se76     76   2.2219851E-08  6.2755774E-08  4.0535923E-08  1.7250075E-08  1.1142977E-08  1.8978973E-01
   se77     77   8.3865785E-09  4.1830116E-08  3.3443538E-08  1.1498107E-08  9.1933412E-09  9.7152941E-02
   se78     78   5.6310881E-08  1.6185086E-07  1.0553998E-07  4.4488967E-08  2.9012032E-08  1.8567416E-01
   se79     79   0.0000000E+00  0.0000000E+00  0.0000000E+00  0.0000000E+00  0.0000000E+00  0.0000000E+00
   se80     80   6.8998858E-08  2.9491827E-07  2.2591941E-07  8.1066041E-08  6.2103297E-08  1.1572430E-01
   br79     79   1.2321813E-08  4.8449898E-08  3.6128085E-08  1.3317728E-08  9.9313002E-09  1.2742405E-01
   br80     80   0.0000000E+00  0.0000000E+00  0.0000000E+00  0.0000000E+00  0.0000000E+00  0.0000000E+00
   br81     81   9.1261789E-09  4.5161379E-08  3.6035200E-08  1.2413793E-08  9.9057660E-09  9.8016396E-02
   kr80     80  -1.9241142E-10  8.4174081E-09  8.6098195E-09  2.3137459E-09  2.3667655E-09 -9.8395851E-03
   kr81     81   0.0000000E+00  0.0000000E+00  0.0000000E+00  0.0000000E+00  0.0000000E+00  0.0000000E+00
   kr82     82   3.3987877E-08  7.8207151E-08  4.4219274E-08  2.1497293E-08  1.2155497E-08  2.4761105E-01
   kr83     83   1.1506881E-08  5.5848826E-08  4.4341945E-08  1.5351519E-08  1.2189219E-08  1.0017549E-01
   kr84     84   8.2862954E-08  3.0402384E-07  2.2116089E-07  8.3568949E-08  6.0795223E-08  1.3817546E-01
   kr-5     85  -2.9563374E-13 -2.9563374E-13  0.0000000E+00 -8.1262708E-14  0.0000000E+00  0.0000000E+00
   kr*5     85   0.0000000E+00  0.0000000E+00  0.0000000E+00  0.0000000E+00  0.0000000E+00  0.0000000E+00
   kr86     86   1.9181132E-07  2.6028573E-07  6.8474414E-08  7.1546374E-08  1.8823028E-08  5.7989818E-01
   rb85     85   2.8416473E-08  6.4311394E-08  3.5894921E-08  1.7677678E-08  9.8672048E-09  2.5323111E-01
   rb86     86   9.0114864E-30  9.0114864E-30  0.0000000E+00  2.4770440E-30  0.0000000E+00  0.0000000E+00
   rb87     87   4.1069669E-08  5.6189158E-08  1.5119488E-08  1.5445067E-08  4.1562171E-09  5.7009161E-01
   sr86     86   1.7691589E-08  3.4441420E-08  1.6749832E-08  9.4671302E-09  4.6043849E-09  3.1304675E-01
   sr87     87   9.6113775E-09  2.1453074E-08  1.1841697E-08  5.8969416E-09  3.2551806E-09  2.5805178E-01
   sr88     88   2.9895682E-07  4.4255992E-07  1.4360310E-07  1.2164924E-07  3.9475257E-08  4.8878449E-01
   sr89     89   3.8529697E-28  3.8529697E-28  0.0000000E+00  1.0590901E-28  0.0000000E+00  0.0000000E+00
   sr90     90   4.4509004E-13  4.4509004E-13  0.0000000E+00  1.2234471E-13  0.0000000E+00  0.0000000E+00
    y89     89   9.4799582E-08  1.2905286E-07  3.4253283E-08  3.5473573E-08  9.4159329E-09  5.7604158E-01
    y90     90   1.1255985E-16  1.1255985E-16  0.0000000E+00  3.0940036E-17  0.0000000E+00  0.0000000E+00
    y91     91   2.3217878E-28  2.3217878E-28  0.0000000E+00  6.3820443E-29  0.0000000E+00  0.0000000E+00
   zr90     90   9.0016854E-08  1.3084156E-07  4.0824705E-08  3.5965243E-08  1.1222361E-08  5.0579876E-01
   zr91     91   2.7451996E-08  3.6453660E-08  9.0016643E-09  1.0020247E-08  2.4744802E-09  6.0739446E-01
   zr92     92   5.0578407E-08  6.4488937E-08  1.3910529E-08  1.7726480E-08  3.8238848E-09  6.6611773E-01
   zr93     93   0.0000000E+00  0.0000000E+00  0.0000000E+00  0.0000000E+00  0.0000000E+00  0.0000000E+00
   zr94     94   6.3719412E-08  7.8123115E-08  1.4403700E-08  2.1474193E-08  3.9594532E-09  7.3428166E-01
   zr95     95   3.2381438E-27  3.2381438E-27  0.0000000E+00  8.9008894E-28  0.0000000E+00  0.0000000E+00
   zr96     96   2.8394181E-08  3.0764056E-08  2.3698754E-09  8.4563094E-09  6.5145839E-10  1.1132942E+00
   nb93     93   1.9289736E-08  2.5509667E-08  6.2199303E-09  7.0120030E-09  1.7098053E-09  6.1289549E-01
   nb94     94   4.3753987E-15  4.3753987E-15  0.0000000E+00  1.2026934E-15  0.0000000E+00  0.0000000E+00
   nb95     95   3.8432833E-27  3.8432833E-27  0.0000000E+00  1.0564275E-27  0.0000000E+00  0.0000000E+00
   mo94     94  -4.3532511E-11  1.9058268E-09  1.9493593E-09  5.2386662E-10  5.3586208E-10 -9.8323030E-03
   mo95     95   1.3278813E-08  1.6688537E-08  3.4097236E-09  4.5872830E-09  9.3730379E-10  6.8967515E-01
   mo96     96   2.2015568E-08  2.5642569E-08  3.6270005E-09  7.0485342E-09  9.9703124E-10  8.4939003E-01
   mo97     97   6.7174515E-09  8.8274881E-09  2.1100366E-09  2.4264672E-09  5.8003086E-10  6.2152332E-01
   mo98     98   1.5577172E-08  2.0994149E-08  5.4169766E-09  5.7707936E-09  1.4890802E-09  5.8831751E-01
   tc99     99   0.0000000E+00  0.0000000E+00  0.0000000E+00  0.0000000E+00  0.0000000E+00  0.0000000E+00
   ru99     99   1.8291693E-09  3.7205492E-09  1.8913799E-09  1.0226908E-09  5.1992405E-10  2.9380447E-01
  ru100    100   6.2134760E-09  8.0999927E-09  1.8865167E-09  2.2264961E-09  5.1858728E-10  6.3280010E-01
  ru101    101   1.2350767E-09  3.8149279E-09  2.5798512E-09  1.0486333E-09  7.0917894E-10  1.6986781E-01
  ru102    102   7.7305744E-09  1.2548798E-08  4.8182232E-09  3.4493670E-09  1.3244881E-09  4.1569138E-01
  rh103    103   1.2046322E-09  4.2816577E-09  3.0770255E-09  1.1769262E-09  8.4584784E-10  1.4345701E-01
  pd104    104   4.1782338E-09  5.5247624E-09  1.3465287E-09  1.5186262E-09  3.7014913E-10  6.1307418E-01
  pd105    105   9.7814823E-10  3.7031722E-09  2.7250240E-09  1.0179143E-09  7.4908568E-10  1.3317971E-01
  pd106    106   4.8518518E-09  8.2188167E-09  3.3669649E-09  2.2591580E-09  9.2554975E-10  3.8754684E-01
  pd107    107   0.0000000E+00  0.0000000E+00  0.0000000E+00  0.0000000E+00  0.0000000E+00  0.0000000E+00
  pd108    108   6.4016366E-09  9.7229318E-09  3.3212952E-09  2.6726035E-09  9.1299551E-10  4.6646592E-01
  ag107    107   9.0566554E-10  3.1930314E-09  2.2873659E-09  8.7768864E-10  6.2877720E-10  1.4484367E-01
  ag108    108   0.0000000E+00  0.0000000E+00  0.0000000E+00  0.0000000E+00  0.0000000E+00  0.0000000E+00
  ag109    109   1.5480006E-09  3.7127683E-09  2.1647677E-09  1.0205520E-09  5.9507599E-10  2.3426270E-01
  cd108    108  -1.1895207E-12  1.2707442E-10  1.2826394E-10  3.4929747E-11  3.5258654E-11 -4.0702978E-03
  cd109    109   2.3375984E-24  2.3375984E-24  0.0000000E+00  6.4255038E-25  0.0000000E+00  0.0000000E+00
  cd110    110   5.8361938E-09  7.6695592E-09  1.8333656E-09  2.1081801E-09  5.0397642E-10  6.2149757E-01
  cd111    111   1.8903936E-09  3.7863277E-09  1.8959341E-09  1.0407717E-09  5.2117599E-10  3.0037108E-01
  cd112    112   7.8537914E-09  1.1460140E-08  3.6063479E-09  3.1501206E-09  9.9135400E-10  5.0209844E-01
  cd113    113   2.2983215E-09  4.1409596E-09  1.8426382E-09  1.1382516E-09  5.0652538E-10  3.5163704E-01
  cd114    114   1.2439783E-08  1.6810283E-08  4.3705000E-09  4.6207482E-09  1.2014127E-09  5.8502012E-01
  in115    115   2.3662892E-09  4.0142600E-09  1.6479709E-09  1.1034249E-09  4.5301299E-10  3.8663214E-01
  sn116    116   1.9026585E-08  2.4182540E-08  5.1559561E-09  6.6472072E-09  1.4173279E-09  6.7116892E-01
  sn117    117   5.5883449E-09  8.3352267E-09  2.7468818E-09  2.2911562E-09  7.5509421E-10  4.8205352E-01
  sn118    118   2.9525321E-08  3.7901376E-08  8.3760554E-09  1.0418190E-08  2.3025055E-09  6.5559161E-01
  sn119    119   8.5204421E-09  1.1645331E-08  3.1248890E-09  3.2010254E-09  8.5900514E-10  5.7129335E-01
  sn120    120   4.9139171E-08  6.1090674E-08  1.1951504E-08  1.6792379E-08  3.2853658E-09  7.0852858E-01
  sb121    121   3.4651506E-09  5.3082418E-09  1.8430912E-09  1.4591098E-09  5.0664994E-10  4.5937997E-01
  te122    122   6.1585892E-09  7.3837310E-09  1.2251420E-09  2.0296127E-09  3.3678099E-10  7.8006560E-01
  te123    123   2.2442228E-09  2.6753315E-09  4.3110879E-10  7.3538520E-10  1.1850811E-10  7.9276681E-01
  te124    124   1.1778926E-08  1.4093628E-08  2.3147020E-09  3.8740042E-09  6.3629169E-10  7.8450388E-01
  te125    125   3.8600496E-09  7.3403950E-09  3.4803453E-09  2.0177007E-09  9.5671704E-10  3.2407326E-01
  te126    126   2.2282244E-08  3.1630812E-08  9.3485690E-09  8.6945606E-09  2.5698412E-09  5.2934140E-01
   i127    127   2.6497382E-09  1.4374152E-08  1.1724413E-08  3.9511137E-09  3.2229404E-09  8.8467270E-02
   i128    128   0.0000000E+00  0.0000000E+00  0.0000000E+00  0.0000000E+00  0.0000000E+00  0.0000000E+00
   i129    129   8.0967733E-12  8.0967733E-12  0.0000000E+00  2.2256110E-12  0.0000000E+00  0.0000000E+00
  xe128    128   7.0645081E-09  8.3308622E-09  1.2663544E-09  2.2899564E-09  3.4810993E-10  8.1811076E-01
  xe129    129   2.3529587E-09  1.8250457E-08  1.5897498E-08  5.0166182E-09  4.3700856E-09  5.9921101E-02
  xe130    130   1.4197409E-08  1.6769643E-08  2.5722349E-09  4.6095776E-09  7.0708528E-10  8.1418937E-01
  xe131    131   5.1837850E-09  1.8033118E-08  1.2849333E-08  4.9568767E-09  3.5321712E-09  1.4716634E-01
  xe132    132   2.8176199E-08  4.4001251E-08  1.5825051E-08  1.2094901E-08  4.3501704E-09  4.4409606E-01
  xe133    133   2.1569446E-35  2.1569446E-35  0.0000000E+00  5.9289294E-36  0.0000000E+00  0.0000000E+00
  xe134    134   1.5976802E-08  2.1908452E-08  5.9316503E-09  6.0221139E-09  1.6305596E-09  5.6741232E-01
  cs133    133   3.7821204E-09  7.9426155E-09  4.1604951E-09  2.1832367E-09  1.1436843E-09  2.8079468E-01
  cs134    134  -4.1915177E-18 -4.1915177E-18  0.0000000E+00 -1.1521489E-18  0.0000000E+00  0.0000000E+00
  cs135    135   0.0000000E+00  0.0000000E+00  0.0000000E+00  0.0000000E+00  0.0000000E+00  0.0000000E+00
  cs136    136   3.1577793E-32  3.1577793E-32  0.0000000E+00  8.6799869E-33  0.0000000E+00  0.0000000E+00
  cs137    137   0.0000000E+00  0.0000000E+00  0.0000000E+00  0.0000000E+00  0.0000000E+00  0.0000000E+00
  ba134    134   8.8046450E-09  1.0080113E-08  1.2754680E-09  2.7707840E-09  3.5061518E-10  8.9777195E-01
  ba135    135   8.1546236E-09  1.1659257E-08  3.5046333E-09  3.2048533E-09  9.6339359E-10  5.2200443E-01
  ba136    136   2.5509589E-08  2.9716100E-08  4.2065098E-09  8.1682519E-09  1.1563334E-09  8.4904599E-01
  ba137    137   3.3943120E-08  4.0003084E-08  6.0599636E-09  1.0995899E-08  1.6658319E-09  8.1959963E-01
  ba138    138   2.0202329E-07  2.4098887E-07  3.8965577E-08  6.6242130E-08  1.0711301E-08  7.9129207E-01
  la139    139   2.2735836E-08  2.8080450E-08  5.3446145E-09  7.7186497E-09  1.4691887E-09  7.2046381E-01
  ce140    140   5.1188660E-08  6.3438037E-08  1.2249376E-08  1.7437612E-08  3.3672480E-09  7.1421188E-01
  ce141    141   9.5065452E-30  9.5065452E-30  0.0000000E+00  2.6131239E-30  0.0000000E+00  0.0000000E+00
  ce142    142   4.8844995E-09  6.4456924E-09  1.5611930E-09  1.7717681E-09  4.2915851E-10  6.1578918E-01
  pr141    141   5.1423692E-09  7.2534889E-09  2.1111195E-09  1.9938122E-09  5.8032856E-10  5.3601032E-01
  nd142    142   9.6068469E-09  1.2422975E-08  2.8161278E-09  3.4147813E-09  7.7412932E-10  6.4454943E-01
  nd143    143   1.7989336E-09  3.0597413E-09  1.2608078E-09  8.4105040E-10  3.4658523E-10  3.8501197E-01
  nd144    144   5.1807509E-09  7.6864817E-09  2.5057307E-09  2.1128317E-09  6.8880385E-10  4.8676935E-01
  nd145    145   9.6135300E-10  1.8931567E-09  9.3180375E-10  5.2038390E-10  2.5614483E-10  3.0783826E-01
  nd146    146   4.4417341E-09  6.2757666E-09  1.8340326E-09  1.7250594E-09  5.0415977E-10  5.3423589E-01
  nd147    147   4.2058185E-33  4.2058185E-33  0.0000000E+00  1.1560798E-33  0.0000000E+00  0.0000000E+00
  nd148    148   6.6081468E-10  1.2811794E-09  6.2036470E-10  3.5216585E-10  1.7053293E-10  3.1493899E-01
  pm147    147  -1.0167666E-16 -1.0167666E-16  0.0000000E+00 -2.7948504E-17  0.0000000E+00  0.0000000E+00
  pm148    148   0.0000000E+00  0.0000000E+00  0.0000000E+00  0.0000000E+00  0.0000000E+00  0.0000000E+00
  sm147    147   5.2417293E-10  1.0235324E-09  4.9935944E-10  2.8134478E-10  1.3726963E-10  3.1166440E-01
  sm148    148   1.0616823E-09  1.4386649E-09  3.7698256E-10  3.9545486E-10  1.0362927E-10  5.8161449E-01
  sm149    149   1.9273405E-10  6.5938199E-10  4.6664794E-10  1.8124847E-10  1.2827750E-10  1.5012388E-01
  sm150    150   9.5216279E-10  1.2030291E-09  2.5086636E-10  3.3068420E-10  6.8961011E-11  6.8080986E-01
  sm151    151   2.4870756E-14  2.4870756E-14  0.0000000E+00  6.8363813E-15  0.0000000E+00  0.0000000E+00
  sm152    152   8.3268542E-10  1.7541348E-09  9.2144942E-10  4.8217008E-10  2.5329852E-10  2.7956760E-01
  eu151    151   1.2878415E-10  7.3662587E-10  6.0784172E-10  2.0248099E-10  1.6709047E-10  8.3432570E-02
  eu152    152  -3.2815725E-18 -3.2815725E-18  0.0000000E+00 -9.0202650E-19  0.0000000E+00  0.0000000E+00
  eu153    153   1.4764762E-10  8.1996560E-10  6.7231798E-10  2.2538911E-10  1.8481443E-10  8.6197071E-02
  eu154    154  -4.7893049E-17 -4.7893049E-17  0.0000000E+00 -1.3164664E-17  0.0000000E+00  0.0000000E+00
  eu155    155  -5.9955116E-17 -5.9955116E-17  0.0000000E+00 -1.6480240E-17  0.0000000E+00  0.0000000E+00
  gd152    152   1.0735423E-13  8.9824138E-12  8.8750595E-12  2.4690525E-12  2.4396776E-12  5.1978398E-03
  gd153    153  -9.5454124E-28 -9.5454124E-28  0.0000000E+00 -2.6238075E-28  0.0000000E+00  0.0000000E+00
  gd154    154   3.8248280E-10  4.8049459E-10  9.8011800E-11  1.3207657E-10  2.6942601E-11  6.9038630E-01
  gd155    155   1.4065793E-10  8.1037688E-10  6.6971895E-10  2.2275340E-10  1.8409997E-10  8.2770579E-02
  gd156    156   6.0005734E-10  1.5323087E-09  9.3225139E-10  4.2119536E-10  2.5626790E-10  2.1578941E-01
  gd157    157   2.8303421E-10  1.0003376E-09  7.1730338E-10  2.7496910E-10  1.9718054E-10  1.4441986E-01
  gd158    158   1.1436607E-09  2.2894504E-09  1.1457897E-09  6.2931566E-10  3.1496772E-10  3.0060247E-01
  gd159    159   0.0000000E+00  0.0000000E+00  0.0000000E+00  0.0000000E+00  0.0000000E+00  0.0000000E+00
  gd160    160   6.7378658E-11  1.0884764E-09  1.0210978E-09  2.9919636E-10  2.8069097E-10  2.7727816E-02
  tb159    159   2.3281616E-10  1.0971780E-09  8.6436186E-10  3.0158823E-10  2.3760566E-10  1.0355755E-01
  tb160    160   1.2654646E-27  1.2654646E-27  0.0000000E+00  3.4784623E-28  0.0000000E+00  0.0000000E+00
  tb161    161   2.0154659E-35  2.0154659E-35  0.0000000E+00  5.5400380E-36  0.0000000E+00  0.0000000E+00
  dy160    160   4.1477091E-10  5.4556359E-10  1.3079268E-10  1.4996250E-10  3.5953782E-11  6.2023807E-01
  dy161    161   1.7737167E-10  1.2447863E-09  1.0674146E-09  3.4216224E-10  2.9342309E-10  6.6737764E-02
  dy162    162   8.2662543E-10  2.2751627E-09  1.4485373E-09  6.2538830E-10  3.9819045E-10  1.9605893E-01
  dy163    163   3.3888825E-10  1.7632276E-09  1.4243393E-09  4.8466947E-10  3.9153866E-10  9.2671022E-02
  dy164    164   1.7172587E-09  3.3439504E-09  1.6266918E-09  9.1917274E-10  4.4716358E-10  3.1293076E-01
  ho165    165   2.9840319E-10  1.5654081E-09  1.2670049E-09  4.3029358E-10  3.4828876E-10  9.1825396E-02
  er166    166   7.0270900E-10  1.9063322E-09  1.2036232E-09  5.2400556E-10  3.3086567E-10  1.9968419E-01
  er167    167   2.8031494E-10  1.1068385E-09  8.2652357E-10  3.0424366E-10  2.2720421E-10  1.2680513E-01
  er168    168   1.0931326E-09  2.0739992E-09  9.8086661E-10  5.7009319E-10  2.6963179E-10  3.2517475E-01
  er169    169   1.3894084E-33  1.3894084E-33  0.0000000E+00  3.8191545E-34  0.0000000E+00  0.0000000E+00
  er170    170   4.1051046E-10  9.5906494E-10  5.4855448E-10  2.6362421E-10  1.5079291E-10  2.4260437E-01
  tm169    169   2.6728747E-10  8.4695595E-10  5.7966848E-10  2.3280812E-10  1.5934587E-10  1.6465729E-01
  tm170    170   4.0762346E-25  4.0762346E-25  0.0000000E+00  1.1204603E-25  0.0000000E+00  0.0000000E+00
  tm171    171  -1.7867444E-17 -1.7867444E-17  0.0000000E+00 -4.9113369E-18  0.0000000E+00  0.0000000E+00
  yb170    170   3.4835279E-10  4.5798826E-10  1.0963547E-10  1.2589012E-10  3.0137847E-11  6.2087941E-01
  yb171    171   5.2546917E-10  1.0469066E-09  5.2143739E-10  2.8776981E-10  1.4333865E-10  3.0268192E-01
  yb172    172   1.3325293E-09  2.1399469E-09  8.0741758E-10  5.8822069E-10  2.2195215E-10  4.2328095E-01
  yb173    173   5.9914351E-10  1.2019322E-09  6.0278871E-10  3.3038267E-10  1.6570142E-10  2.9969102E-01
  yb174    174   2.5510749E-09  3.7572039E-09  1.2061291E-09  1.0327663E-09  3.3155453E-10  4.9344712E-01
  lu175    175   3.2400016E-10  8.6838503E-10  5.4438487E-10  2.3869845E-10  1.4964671E-10  2.0278242E-01
  lu176    176   2.5042474E-10  2.6631491E-10  1.5890182E-11  7.3203658E-11  4.3680740E-12  1.2242428E+00
  lu177    177   3.3953603E-35  3.3953603E-35  0.0000000E+00  9.3330406E-36  0.0000000E+00  0.0000000E+00
  hf176    176  -3.1122604E-12  1.1915585E-10  1.2226811E-10  3.2753120E-11  3.3610455E-11 -1.1221742E-02
  hf177    177   2.6006985E-10  6.9953271E-10  4.3946285E-10  1.9228497E-10  1.2080456E-10  2.0186201E-01
  hf178    178   1.1977574E-09  1.8461161E-09  6.4835876E-10  5.0745358E-10  1.7822825E-10  4.5441985E-01
  hf179    179   4.1866438E-10  7.4420925E-10  3.2554487E-10  2.0456548E-10  8.9489492E-11  3.5906029E-01
  hf180    180   2.2450528E-09  3.0881262E-09  8.4307333E-10  8.4885271E-10  2.3175362E-10  5.6380582E-01
  hf181    181   3.0397085E-29  3.0397085E-29  0.0000000E+00  8.3554379E-30  0.0000000E+00  0.0000000E+00
  hf182    182   7.9178414E-10  7.9178414E-10  0.0000000E+00  2.1764270E-10  0.0000000E+00  0.0000000E+00
  ta181    181   5.5298555E-10  9.1019159E-10  3.5720607E-10  2.5019009E-10  9.8192877E-11  4.0619010E-01
  ta182    182   7.2645053E-18  7.2645053E-18  0.0000000E+00  1.9968403E-18  0.0000000E+00  0.0000000E+00
  ta183    183   5.8439594E-37  5.8439594E-37  0.0000000E+00  1.6063659E-37  0.0000000E+00  0.0000000E+00
   w182    182   9.2216834E-10  1.4827154E-09  5.6054705E-10  4.0756332E-10  1.5408956E-10  4.2242187E-01
   w183    183   6.9421413E-10  9.9857389E-10  3.0435976E-10  2.7448430E-10  8.3665880E-11  5.1596916E-01
   w184    184   1.6118423E-09  2.2670790E-09  6.5523664E-10  6.2316630E-10  1.8011892E-10  5.3904462E-01
   w185    185   2.4364112E-28  2.4364112E-28  0.0000000E+00  6.6971168E-29  0.0000000E+00  0.0000000E+00
   w186    186   7.2988993E-10  1.3444754E-09  6.1458549E-10  3.6956443E-10  1.6894426E-10  3.3994672E-01
  re185    185   3.1115890E-10  6.2352801E-10  3.1236910E-10  1.7139307E-10  8.5867577E-11  3.0016407E-01
  re186    186   1.6776780E-37  1.6776780E-37  0.0000000E+00  4.6115393E-38  0.0000000E+00  0.0000000E+00
  re187    187   1.5009877E-10  7.1974066E-10  5.6964189E-10  1.9783965E-10  1.5658967E-10  1.0155021E-01
  os186    186   5.8627275E-10  7.5940526E-10  1.7313249E-10  2.0874251E-10  4.7592631E-11  6.4207119E-01
  os187    187   1.6106518E-10  2.9951058E-10  1.3844541E-10  8.2328359E-11  3.8057453E-11  3.3510974E-01
  os188    188   1.1772829E-09  2.6377895E-09  1.4605066E-09  7.2506584E-10  4.0148071E-10  2.5671276E-01
  os189    189   2.0431368E-10  1.9944959E-09  1.7901822E-09  5.4823962E-10  4.9210569E-10  4.6912041E-02
  os190    190   1.0943602E-09  4.0210182E-09  2.9266580E-09  1.1052825E-09  8.0451312E-10  1.3794018E-01
  os191    191   1.3799711E-31  1.3799711E-31  0.0000000E+00  3.7932136E-32  0.0000000E+00  0.0000000E+00
  os192    192   1.7340174E-10  4.7666480E-09  4.5932462E-09  1.3102386E-09  1.2626439E-09  1.6069546E-02
  ir191    191   1.2637047E-10  3.9992880E-09  3.8729175E-09  1.0993095E-09  1.0646317E-09  1.3920558E-02
  ir192    192   5.1566035E-27  5.1566035E-27  0.0000000E+00  1.4174281E-27  0.0000000E+00  0.0000000E+00
  ir193    193   1.1033929E-10  6.6887367E-09  6.5783974E-09  1.8385752E-09  1.8083449E-09  7.2001177E-03
  pt192    192   2.7935565E-10  4.4220755E-10  1.6285190E-10  1.2155238E-10  4.4766586E-11  4.3380949E-01
  pt193    193   3.5406134E-15  3.5406134E-15  0.0000000E+00  9.7323069E-16  0.0000000E+00  0.0000000E+00
  pt194    194   7.4490325E-10  7.6819529E-09  6.9370496E-09  2.1115867E-09  1.9069353E-09  4.4272941E-02
  pt195    195   1.9449065E-10  7.3504882E-09  7.1559976E-09  2.0204749E-09  1.9671220E-09  1.1622192E-02
  pt196    196   1.4385488E-09  6.8048411E-09  5.3662923E-09  1.8704895E-09  1.4751477E-09  1.0311979E-01
  au197    197   4.2971027E-10  3.6638783E-09  3.2341680E-09  1.0071133E-09  8.8904500E-10  5.4154560E-02
  hg198    198   1.6702357E-09  2.4299707E-09  7.5973489E-10  6.6794131E-10  2.0884458E-10  5.0491512E-01
  hg199    199   7.0374684E-10  1.9957396E-09  1.2919927E-09  5.4858151E-10  3.5515768E-10  1.8881996E-01
  hg200    200   2.3116917E-09  4.0896802E-09  1.7779885E-09  1.1241561E-09  4.8875376E-10  3.6173648E-01
  hg201    201   9.4217434E-10  1.9616813E-09  1.0195069E-09  5.3921967E-10  2.8025368E-10  2.8421444E-01
  hg202    202   3.4619385E-09  5.7832206E-09  2.3212821E-09  1.5896703E-09  6.3810046E-10  3.9641801E-01
  tl203    203   1.7969097E-09  2.7151494E-09  9.1823976E-10  7.4633022E-10  2.5241623E-10  4.7081378E-01
  tl204    204  -7.9930984E-16 -7.9930984E-16  0.0000000E+00 -2.1971133E-16  0.0000000E+00  0.0000000E+00
  tl205    205   3.1469733E-09  5.3605467E-09  2.2135733E-09  1.4734872E-09  6.0849220E-10  3.8409138E-01
  pb204    204   1.4006609E-09  2.5629254E-09  1.1622645E-09  7.0448747E-10  3.1949654E-10  3.4340715E-01
  pb205    205   0.0000000E+00  0.0000000E+00  0.0000000E+00  0.0000000E+00  0.0000000E+00  0.0000000E+00
  pb206    206   9.3828394E-09  2.0303528E-08  1.0920688E-08  5.5809584E-09  3.0020035E-09  2.6929760E-01
  pb207    207   9.0654000E-09  2.1209047E-08  1.2143647E-08  5.8298641E-09  3.3381844E-09  2.4214815E-01
  pb208    208   1.5204339E-08  5.0131096E-08  3.4926757E-08  1.3779850E-08  9.6010648E-09  1.5692505E-01
  bi209    209   2.6826696E-10  2.6973543E-09  2.4290874E-09  7.4143874E-10  6.6773526E-10  4.5470998E-02
  bi210    210   0.0000000E+00  0.0000000E+00  0.0000000E+00  0.0000000E+00  0.0000000E+00  0.0000000E+00
  po210    210   0.0000000E+00  0.0000000E+00  0.0000000E+00  0.0000000E+00  0.0000000E+00  0.0000000E+00
