  species    A      yield       mass(i)_lost    mass(i)_0        <X(i)>          X0(i)   log10(<X(i)>/X0(i)) 
      n      1   0.0000000E+00  0.0000000E+00  0.0000000E+00  0.0000000E+00  0.0000000E+00  0.0000000E+00
      p      1  -1.7809176E-01  2.5604515E+00  2.7385433E+00  6.5991014E-01  7.0584649E-01 -2.9225463E-02
      d      2   1.9690048E-17  1.9690048E-17  0.0000000E+00  5.0747547E-18  0.0000000E+00  0.0000000E+00
    he3      3   1.8490049E-05  1.8490049E-05  0.0000000E+00  4.7654767E-06  0.0000000E+00  0.0000000E+00
    he4      4   1.4965832E-01  1.2357663E+00  1.0861080E+00  3.1849647E-01  2.7993914E-01  5.6040987E-02
    li7      7  -6.5271024E-09  2.8771403E-08  3.5298505E-08  7.4153097E-09  9.0980219E-09 -8.8817686E-02
    be7      7   7.0795392E-12  7.0795392E-12  0.0000000E+00  1.8246234E-12  0.0000000E+00  0.0000000E+00
     b8      8   1.4164683E-24  1.4164683E-24  0.0000000E+00  3.6506912E-25  0.0000000E+00  0.0000000E+00
    c12     12  -1.6888594E-03  8.0297887E-03  9.7186482E-03  2.0695331E-03  2.5049355E-03 -8.2924172E-02
    c13     13   1.1730472E-03  1.2908182E-03  1.1777095E-04  3.3268510E-04  3.0354900E-05  1.0398046E+00
    c14     14   6.8660498E-08  6.8660498E-08  0.0000000E+00  1.7696005E-08  0.0000000E+00  0.0000000E+00
    n13     13   0.0000000E+00  0.0000000E+00  0.0000000E+00  0.0000000E+00  0.0000000E+00  0.0000000E+00
    n14     14   2.8999945E-02  3.1873353E-02  2.8734070E-03  8.2147811E-03  7.4060698E-04  1.0450082E+00
    n15     15  -6.5096283E-06  5.6791646E-07  7.0775450E-06  1.4637021E-07  1.8242035E-06 -1.0956206E+00
    o14     14   0.0000000E+00  0.0000000E+00  0.0000000E+00  0.0000000E+00  0.0000000E+00  0.0000000E+00
    o15     15   0.0000000E+00  0.0000000E+00  0.0000000E+00  0.0000000E+00  0.0000000E+00  0.0000000E+00
    o16     16  -1.9593220E-03  2.1508677E-02  2.3467999E-02  5.5434732E-03  6.0487650E-03 -3.7884776E-02
    o17     17   2.7825567E-05  3.7298832E-05  9.4732659E-06  9.6131007E-06  2.4416890E-06  5.9517312E-01
    o18     18  -5.2738953E-05  6.4046880E-08  5.2803000E-05  1.6506927E-08  1.3609721E-05 -2.9161830E+00
    o19     19   0.0000000E+00  0.0000000E+00  0.0000000E+00  0.0000000E+00  0.0000000E+00  0.0000000E+00
    f17     17   0.0000000E+00  0.0000000E+00  0.0000000E+00  0.0000000E+00  0.0000000E+00  0.0000000E+00
    f18     18   0.0000000E+00  0.0000000E+00  0.0000000E+00  0.0000000E+00  0.0000000E+00  0.0000000E+00
    f19     19   2.3549853E-06  3.8755675E-06  1.5205821E-06  9.9885756E-07  3.9192281E-07  4.0630302E-01
    f20     20   0.0000000E+00  0.0000000E+00  0.0000000E+00  0.0000000E+00  0.0000000E+00  0.0000000E+00
   ne19     19   0.0000000E+00  0.0000000E+00  0.0000000E+00  0.0000000E+00  0.0000000E+00  0.0000000E+00
   ne20     20  -2.7921051E-06  4.8112264E-03  4.8140185E-03  1.2400068E-03  1.2407904E-03 -2.7434848E-04
   ne21     21  -6.5417835E-06  5.5751088E-06  1.2116892E-05  1.4368837E-06  3.1230711E-06 -3.3716023E-01
   ne22     22   1.6596998E-03  2.0490757E-03  3.8937587E-04  5.2811229E-04  1.0035978E-04  7.2116661E-01
   ne23     23   0.0000000E+00  0.0000000E+00  0.0000000E+00  0.0000000E+00  0.0000000E+00  0.0000000E+00
   na21     21   0.0000000E+00  0.0000000E+00  0.0000000E+00  0.0000000E+00  0.0000000E+00  0.0000000E+00
   na22     22   7.9952940E-11  7.9952940E-11  0.0000000E+00  2.0606428E-11  0.0000000E+00  0.0000000E+00
   na23     23   6.5821703E-05  1.9613952E-04  1.3031781E-04  5.0551422E-05  3.3588796E-05  1.7753895E-01
   na24     24   0.0000000E+00  0.0000000E+00  0.0000000E+00  0.0000000E+00  0.0000000E+00  0.0000000E+00
   mg23     23   0.0000000E+00  0.0000000E+00  0.0000000E+00  0.0000000E+00  0.0000000E+00  0.0000000E+00
   mg24     24  -5.4857461E-05  2.2415160E-03  2.2963735E-03  5.7771028E-04  5.9187930E-04 -1.0523072E-02
   mg25     25   1.4170664E-04  4.4453680E-04  3.0283016E-04  1.1457133E-04  7.8053032E-05  1.6668619E-01
   mg26     26   7.9380668E-05  4.2613302E-04  3.4675235E-04  1.0982809E-04  8.9373774E-05  8.9503348E-02
   mg27     27   0.0000000E+00  0.0000000E+00  0.0000000E+00  0.0000000E+00  0.0000000E+00  0.0000000E+00
   al25     25   0.0000000E+00  0.0000000E+00  0.0000000E+00  0.0000000E+00  0.0000000E+00  0.0000000E+00
   al-6     26   1.0897055E-06  1.0897055E-06  0.0000000E+00  2.8085194E-07  0.0000000E+00  0.0000000E+00
   al*6     26   0.0000000E+00  0.0000000E+00  0.0000000E+00  0.0000000E+00  0.0000000E+00  0.0000000E+00
   al27     27   4.9648734E-05  2.7076906E-04  2.2112032E-04  6.9785841E-05  5.6992707E-05  8.7948032E-02
   al28     28   0.0000000E+00  0.0000000E+00  0.0000000E+00  0.0000000E+00  0.0000000E+00  0.0000000E+00
   si27     27   0.0000000E+00  0.0000000E+00  0.0000000E+00  0.0000000E+00  0.0000000E+00  0.0000000E+00
   si28     28   1.8746592E-05  2.5614339E-03  2.5426873E-03  6.6016335E-04  6.5536553E-04  3.1678367E-03
   si29     29   4.3374457E-06  1.3806525E-04  1.3372781E-04  3.5583827E-05  3.4467706E-05  1.3840278E-02
   si30     30   7.8356607E-06  9.9026831E-05  9.1191170E-05  2.5522379E-05  2.3504090E-05  3.5777703E-02
    p31     31   1.2997134E-06  2.6687603E-05  2.5387890E-05  6.8782479E-06  6.5436075E-06  2.1660592E-02
    p32     32   1.9215290E-29  1.9215290E-29  0.0000000E+00  4.9523942E-30  0.0000000E+00  0.0000000E+00
    p33     33   1.2123954E-29  1.2123954E-29  0.0000000E+00  3.1247303E-30  0.0000000E+00  0.0000000E+00
    s32     32  -6.6324137E-06  1.2118442E-03  1.2184766E-03  3.1233096E-04  3.1405652E-04 -2.3927740E-03
    s33     33   3.8847065E-07  1.0448301E-05  1.0059830E-05  2.6928608E-06  2.5928732E-06  1.6432602E-02
    s34     34   1.8349092E-06  6.0340208E-05  5.8505299E-05  1.5551599E-05  1.5079462E-05  1.3389213E-02
    s35     35   6.0397854E-23  6.0397854E-23  0.0000000E+00  1.5566457E-23  0.0000000E+00  0.0000000E+00
    s36     36   1.5495027E-07  4.4374480E-07  2.8879452E-07  1.1436721E-07  7.4435420E-08  1.8652187E-01
   cl35     35  -1.0473832E-07  1.2394599E-05  1.2499338E-05  3.1944842E-06  3.2216446E-06 -3.6768843E-03
   cl36     36   1.3735105E-08  1.3735105E-08  0.0000000E+00  3.5399756E-09  0.0000000E+00  0.0000000E+00
   cl37     37   8.6236969E-07  5.0854869E-06  4.2231172E-06  1.3106925E-06  1.0884884E-06  8.0677010E-02
   ar36     36  -2.5205663E-06  2.3023546E-04  2.3275602E-04  5.9339032E-05  5.9991758E-05 -4.7511449E-03
   ar37     37   1.1580059E-24  1.1580059E-24  0.0000000E+00  2.9845512E-25  0.0000000E+00  0.0000000E+00
   ar38     38   1.0708645E-06  4.5742014E-05  4.4671149E-05  1.1789179E-05  1.1513776E-05  1.0265748E-02
   ar39     39   6.4138067E-10  6.4138067E-10  0.0000000E+00  1.6530430E-10  0.0000000E+00  0.0000000E+00
   ar40     40   1.1638952E-07  1.9159629E-07  7.5206763E-08  4.9380485E-08  1.9384185E-08  4.0610778E-01
    k39     39   1.2447708E-07  1.2242404E-05  1.2117927E-05  3.1552588E-06  3.1233380E-06  4.4159843E-03
    k40     40   2.7403049E-08  2.9364712E-08  1.9616626E-09  7.5682243E-09  5.0560922E-10  1.1751790E+00
    k41     41   6.2835454E-08  9.8218197E-07  9.1934652E-07  2.5313969E-07  2.3695719E-07  2.8690325E-02
   ca40     40  -1.6531994E-06  2.0815182E-04  2.0980502E-04  5.3647374E-05  5.4076245E-05 -3.4580661E-03
   ca41     41   2.6492787E-08  2.6492787E-08  0.0000000E+00  6.8280377E-09  0.0000000E+00  0.0000000E+00
   ca42     42   9.3111680E-08  1.5634466E-06  1.4703350E-06  4.0295015E-07  3.7897183E-07  2.6644377E-02
   ca43     43   2.4856774E-08  3.3894869E-07  3.1409192E-07  8.7357911E-08  8.0955701E-08  3.3054791E-02
   ca44     44   1.7423645E-08  4.9836985E-06  4.9662749E-06  1.2844583E-06  1.2800336E-06  1.4986421E-03
   ca45     45   9.4115983E-20  9.4115983E-20  0.0000000E+00  2.4256697E-20  0.0000000E+00  0.0000000E+00
   ca46     46   3.6237687E-08  4.6193659E-08  9.9559712E-09  1.1905581E-08  2.5661042E-09  6.6647631E-01
   ca47     47   6.9441175E-35  6.9441175E-35  0.0000000E+00  1.7897210E-35  0.0000000E+00  0.0000000E+00
   ca48     48  -4.9851678E-10  4.8517791E-07  4.8567642E-07  1.2504584E-07  1.2518078E-07 -4.6837435E-04
   sc45     45   2.9919889E-08  1.7003188E-07  1.4011199E-07  4.3822649E-08  3.6113200E-08  8.4032662E-02
   sc46     46   7.5380713E-27  7.5380713E-27  0.0000000E+00  1.9428019E-27  0.0000000E+00  0.0000000E+00
   sc47     47   4.9742325E-34  4.9742325E-34  0.0000000E+00  1.2820186E-34  0.0000000E+00  0.0000000E+00
   sc48     48  -8.9224723E-32  8.8280139E-29  8.8369364E-29  2.2752613E-29  2.2776783E-29  0.0000000E+00
   ti46     46  -8.5668717E-09  8.4744283E-07  8.5600971E-07  2.1841309E-07  2.2063243E-07 -4.3906881E-03
   ti47     47  -1.0050826E-08  7.7869930E-07  7.8875013E-07  2.0069569E-07  2.0329659E-07 -5.5920384E-03
   ti48     48  -1.4269335E-07  7.8388966E-06  7.9815900E-06  2.0203340E-06  2.0572168E-06 -7.8568840E-03
   ti49     49   7.4415880E-08  6.7235356E-07  5.9793769E-07  1.7328699E-07  1.5411560E-07  5.0919373E-02
   ti50     50   1.2439659E-07  7.0860625E-07  5.8420966E-07  1.8263047E-07  1.5057726E-07  8.3813831E-02
    v51     51  -1.9256959E-08  1.2682393E-06  1.2874963E-06  3.2686580E-07  3.3184605E-07 -6.5671797E-03
   cr52     52  -5.0584276E-07  5.2272488E-05  5.2778330E-05  1.3472290E-05  1.3603363E-05 -4.2048604E-03
   cr53     53  -3.1221134E-08  6.0684774E-06  6.0996986E-06  1.5640405E-06  1.5721682E-06 -2.2510171E-03
   cr54     54   4.3238401E-07  1.9793779E-06  1.5469939E-06  5.1014894E-07  3.9873032E-07  1.0701771E-01
   mn55     55  -1.8699211E-08  4.6073976E-05  4.6092675E-05  1.1874736E-05  1.1880167E-05 -1.9859079E-04
   fe54     54  -6.0787133E-06  2.9762264E-04  3.0370135E-04  7.6706863E-05  7.8277582E-05 -8.8031841E-03
   fe55     55  -6.0918521E-14 -6.0918521E-14  0.0000000E+00 -1.5700650E-14  0.0000000E+00  0.0000000E+00
   fe56     56  -5.7299621E-05  4.8866635E-03  4.9439631E-03  1.2594493E-03  1.2742830E-03 -5.0852117E-03
   fe57     57   1.3794765E-05  1.3001185E-04  1.1621708E-04  3.3508208E-05  2.9954399E-05  4.8690602E-02
   fe58     58   3.0642921E-05  4.6380686E-05  1.5737765E-05  1.1953784E-05  4.0563341E-06  4.6937171E-01
   fe59     59   4.2450188E-25  4.2450188E-25  0.0000000E+00  1.0940770E-25  0.0000000E+00  0.0000000E+00
   fe60     60   4.2037905E-06  4.2037905E-06  0.0000000E+00  1.0834511E-06  0.0000000E+00  0.0000000E+00
   co59     59   8.6640157E-06  2.0801066E-05  1.2137050E-05  5.3610993E-06  3.1282668E-06  2.3395009E-01
   co60     60   3.5513953E-12  3.5513953E-12  0.0000000E+00  9.1530809E-13  0.0000000E+00  0.0000000E+00
   ni58     58  -3.6219426E-06  1.7003523E-04  1.7365717E-04  4.3823511E-05  4.4759308E-05 -9.1762058E-03
   ni59     59   8.6545562E-08  8.6545562E-08  0.0000000E+00  2.2305557E-08  0.0000000E+00  0.0000000E+00
   ni60     60   2.1734668E-06  7.1373273E-05  6.9199807E-05  1.8395172E-05  1.7835922E-05  1.3408288E-02
   ni61     61   1.9585968E-06  5.0168633E-06  3.0582664E-06  1.2930060E-06  7.8825360E-07  2.1493457E-01
   ni62     62   3.3511387E-06  1.3261711E-05  9.9105719E-06  3.4179666E-06  2.5544027E-06  1.2647845E-01
   ni63     63   1.3399045E-09  1.3399045E-09  0.0000000E+00  3.4533620E-10  0.0000000E+00  0.0000000E+00
   ni64     64   1.8757428E-06  4.4811604E-06  2.6054176E-06  1.1549382E-06  6.7153400E-07  2.3549074E-01
   cu63     63   1.6135616E-06  3.7639820E-06  2.1504204E-06  9.7009843E-07  5.5426062E-07  2.4310176E-01
   cu64     64   0.0000000E+00  0.0000000E+00  0.0000000E+00  0.0000000E+00  0.0000000E+00  0.0000000E+00
   cu65     65   2.8296574E-07  1.2718534E-06  9.8888768E-07  3.2779727E-07  2.5488109E-07  1.0926770E-01
   zn64     64  -6.6193479E-08  3.6181330E-06  3.6843264E-06  9.3250844E-07  9.4961757E-07 -7.8959754E-03
   zn65     65   1.7438252E-19  1.7438252E-19  0.0000000E+00  4.4943947E-20  0.0000000E+00  0.0000000E+00
   zn66     66   2.4836186E-07  2.4281430E-06  2.1797812E-06  6.2581006E-07  5.6182824E-07  4.6838980E-02
   zn67     67   5.7911279E-08  3.8308576E-07  3.2517448E-07  9.8733437E-08  8.3812175E-08  7.1157150E-02
   zn68     68   3.2652508E-07  1.8358116E-06  1.5092866E-06  4.7314731E-07  3.8901143E-07  8.5034028E-02
   zn69     69   0.0000000E+00  0.0000000E+00  0.0000000E+00  0.0000000E+00  0.0000000E+00  0.0000000E+00
   zn70     70   1.0872832E-09  5.2462902E-08  5.1375618E-08  1.3521366E-08  1.3241821E-08  9.0728579E-03
   ga69     69   4.6081212E-08  1.8445256E-07  1.3837135E-07  4.7539316E-08  3.5664559E-08  1.2481607E-01
   ga70     70   0.0000000E+00  0.0000000E+00  0.0000000E+00  0.0000000E+00  0.0000000E+00  0.0000000E+00
   ga71     71   3.6734939E-08  1.3122947E-07  9.4494531E-08  3.3822026E-08  2.4355515E-08  1.4260228E-01
   ge70     70   6.7921164E-08  2.2182809E-07  1.5390692E-07  5.7172187E-08  3.9668777E-08  1.5873601E-01
   ge71     71   6.7650155E-30  6.7650155E-30  0.0000000E+00  1.7435606E-30  0.0000000E+00  0.0000000E+00
   ge72     72   5.9474502E-08  2.6867284E-07  2.0919833E-07  6.9245573E-08  5.3919877E-08  1.0864314E-01
   ge73     73   1.7732745E-08  7.7267941E-08  5.9535196E-08  1.9914417E-08  1.5344913E-08  1.1320318E-01
   ge74     74   7.5270293E-08  3.5851551E-07  2.8324521E-07  9.2400903E-08  7.3005104E-08  1.0232300E-01
   as75     75   6.5573822E-09  4.8083553E-08  4.1526171E-08  1.2392668E-08  1.0703173E-08  6.3652307E-02
   se76     76   2.5006575E-08  6.8239096E-08  4.3232522E-08  1.7587395E-08  1.1142977E-08  1.9820030E-01
   se77     77   9.4709023E-09  4.5139227E-08  3.5668325E-08  1.1633821E-08  9.1933412E-09  1.0224900E-01
   se78     78   6.3307503E-08  1.7586839E-07  1.1256089E-07  4.5326903E-08  2.9012032E-08  1.9377790E-01
   se79     79   1.1931585E-08  1.1931585E-08  0.0000000E+00  3.0751506E-09  0.0000000E+00  0.0000000E+00
   se80     80   7.7472663E-08  3.1842106E-07  2.4094840E-07  8.2067281E-08  6.2103297E-08  1.2105539E-01
   br79     79   1.9492177E-09  4.0480678E-08  3.8531461E-08  1.0433165E-08  9.9313002E-09  2.1409970E-02
   br80     80   0.0000000E+00  0.0000000E+00  0.0000000E+00  0.0000000E+00  0.0000000E+00  0.0000000E+00
   br81     81   1.0243198E-08  4.8675595E-08  3.8432397E-08  1.2545256E-08  9.9057660E-09  1.0259146E-01
   kr80     80  -2.0544988E-10  8.9771266E-09  9.1825765E-09  2.3136923E-09  2.3667655E-09 -9.8496210E-03
   kr81     81   6.7370467E-12  6.7370467E-12  0.0000000E+00  1.7363522E-12  0.0000000E+00  0.0000000E+00
   kr82     82   3.7767187E-08  8.4928082E-08  4.7160896E-08  2.1888681E-08  1.2155497E-08  2.5544688E-01
   kr83     83   1.2833951E-08  6.0125686E-08  4.7291735E-08  1.5496310E-08  1.2189219E-08  1.0425239E-01
   kr84     84   9.1371660E-08  3.2724498E-07  2.3587332E-07  8.4341487E-08  6.0795223E-08  1.4217182E-01
   kr-5     85  -1.1179980E-13 -1.1179980E-13  0.0000000E+00 -2.8814380E-14  0.0000000E+00  0.0000000E+00
   kr*5     85   0.0000000E+00  0.0000000E+00  0.0000000E+00  0.0000000E+00  0.0000000E+00  0.0000000E+00
   kr86     86   2.2392791E-07  2.9695750E-07  7.3029582E-08  7.6535436E-08  1.8823028E-08  6.0917306E-01
   rb85     85   3.1752602E-08  7.0035384E-08  3.8282781E-08  1.8050356E-08  9.8672048E-09  2.6229161E-01
   rb86     86   1.4259310E-28  1.4259310E-28  0.0000000E+00  3.6750797E-29  0.0000000E+00  0.0000000E+00
   rb87     87   4.7888356E-08  6.4013648E-08  1.6125291E-08  1.6498362E-08  4.1562171E-09  5.9874260E-01
   sr86     86   1.8893124E-08  3.6757218E-08  1.7864094E-08  9.4735091E-09  4.6043849E-09  3.1333926E-01
   sr87     87   9.9226298E-09  2.2552079E-08  1.2629449E-08  5.8123915E-09  3.2551806E-09  2.5177976E-01
   sr88     88   3.1792848E-07  4.7108460E-07  1.5315611E-07  1.2141355E-07  3.9475257E-08  4.8794219E-01
   sr89     89   1.1903056E-26  1.1903056E-26  0.0000000E+00  3.0677978E-27  0.0000000E+00  0.0000000E+00
   sr90     90   1.5279712E-12  1.5279712E-12  0.0000000E+00  3.9380700E-13  0.0000000E+00  0.0000000E+00
    y89     89   1.0160866E-07  1.3814059E-07  3.6531937E-08  3.5603243E-08  9.4159329E-09  5.7762623E-01
    y90     90   3.8641209E-16  3.8641209E-16  0.0000000E+00  9.9590739E-17  0.0000000E+00  0.0000000E+00
    y91     91   2.7536903E-26  2.7536903E-26  0.0000000E+00  7.0971397E-27  0.0000000E+00  0.0000000E+00
   zr90     90   9.5282154E-08  1.3882267E-07  4.3540517E-08  3.5779038E-08  1.1222361E-08  5.0354445E-01
   zr91     91   2.9087666E-08  3.8688153E-08  9.6004875E-09  9.9711732E-09  2.4744802E-09  6.0526228E-01
   zr92     92   5.4399958E-08  6.9235867E-08  1.4835908E-08  1.7844295E-08  3.8238848E-09  6.6899461E-01
   zr93     93   1.9999971E-08  1.9999971E-08  0.0000000E+00  5.1546318E-09  0.0000000E+00  0.0000000E+00
   zr94     94   6.8998169E-08  8.4360053E-08  1.5361886E-08  2.1742281E-08  3.9594532E-09  7.3966992E-01
   zr95     95   5.7767633E-25  5.7767633E-25  0.0000000E+00  1.4888565E-25  0.0000000E+00  0.0000000E+00
   zr96     96   3.3502303E-08  3.6029832E-08  2.5275284E-09  9.2860386E-09  6.5145839E-10  1.1539438E+00
   nb93     93   8.8742613E-10  7.5211286E-09  6.6337025E-09  1.9384352E-09  1.7098053E-09  5.4504637E-02
   nb94     94   4.5036661E-15  4.5036661E-15  0.0000000E+00  1.1607387E-15  0.0000000E+00  0.0000000E+00
   nb95     95   6.9562825E-25  6.9562825E-25  0.0000000E+00  1.7928563E-25  0.0000000E+00  0.0000000E+00
   mo94     94  -4.6425530E-11  2.0326121E-09  2.0790376E-09  5.2386906E-10  5.3586208E-10 -9.8302644E-03
   mo95     95   1.4453772E-08  1.8090322E-08  3.6365511E-09  4.6624540E-09  9.3730379E-10  6.9673419E-01
   mo96     96   2.4296828E-08  2.8165109E-08  3.8682817E-09  7.2590485E-09  9.9703124E-10  8.6217093E-01
   mo97     97   7.5235640E-09  9.7739683E-09  2.2504039E-09  2.5190638E-09  5.8003086E-10  6.3778806E-01
   mo98     98   1.7284556E-08  2.3061890E-08  5.7773337E-09  5.9437859E-09  1.4890802E-09  6.0114509E-01
   tc99     99   1.4617453E-09  1.4617453E-09  0.0000000E+00  3.7673847E-10  0.0000000E+00  0.0000000E+00
   ru99     99   5.6439453E-10  2.5815960E-09  2.0172015E-09  6.6535977E-10  5.1992405E-10  1.0711665E-01
  ru100    100   6.7613097E-09  8.7733243E-09  2.0120148E-09  2.2611659E-09  5.1858728E-10  6.3951057E-01
  ru101    101   1.3402306E-09  4.0917030E-09  2.7514724E-09  1.0545625E-09  7.0917894E-10  1.7231651E-01
  ru102    102   8.1710745E-09  1.3309823E-08  5.1387490E-09  3.4303669E-09  1.3244881E-09  4.1329253E-01
  rh103    103   1.2682226E-09  4.5499431E-09  3.2817205E-09  1.1726657E-09  8.4584784E-10  1.4188200E-01
  pd104    104   4.3476711E-09  5.7837757E-09  1.4361046E-09  1.4906638E-09  3.7014913E-10  6.0500294E-01
  pd105    105   1.0142294E-09  3.9205319E-09  2.9063025E-09  1.0104463E-09  7.4908568E-10  1.2998173E-01
  pd106    106   4.9864504E-09  8.5773983E-09  3.5909478E-09  2.2106696E-09  9.2554975E-10  3.7812406E-01
  pd107    107   9.7411901E-10  9.7411901E-10  0.0000000E+00  2.5106159E-10  0.0000000E+00  0.0000000E+00
  pd108    108   6.5291443E-09  1.0071385E-08  3.5422403E-09  2.5957176E-09  9.1299551E-10  4.5378879E-01
  ag107    107  -4.6013859E-11  2.3935161E-09  2.4395299E-09  6.1688554E-10  6.2877720E-10 -8.2922019E-03
  ag108    108   0.0000000E+00  0.0000000E+00  0.0000000E+00  0.0000000E+00  0.0000000E+00  0.0000000E+00
  ag109    109   1.5762263E-09  3.8850021E-09  2.3087758E-09  1.0012892E-09  5.9507599E-10  2.2598708E-01
  cd108    108  -1.5301510E-12  1.3526638E-10  1.3679653E-10  3.4862467E-11  3.5258654E-11 -4.9075950E-03
  cd109    109  -9.5727261E-24 -9.5727261E-24  0.0000000E+00 -2.4671974E-24  0.0000000E+00  0.0000000E+00
  cd110    110   5.9421259E-09  7.8974534E-09  1.9553277E-09  2.0354260E-09  5.0397642E-10  6.0624510E-01
  cd111    111   1.9236295E-09  3.9456882E-09  2.0220587E-09  1.0169299E-09  5.2117599E-10  2.9030660E-01
  cd112    112   8.0242328E-09  1.1870489E-08  3.8462558E-09  3.0594043E-09  9.9135400E-10  4.8940808E-01
  cd113    113   2.3509330E-09  4.3161501E-09  1.9652171E-09  1.1124098E-09  5.0652538E-10  3.4166360E-01
  cd114    114   1.2845103E-08  1.7506345E-08  4.6612416E-09  4.5119446E-09  1.2014127E-09  5.7467151E-01
  in115    115   2.4473854E-09  4.2049852E-09  1.7576000E-09  1.0837591E-09  4.5301299E-10  3.7882212E-01
  sn116    116   1.9913513E-08  2.5412461E-08  5.4989489E-09  6.5496031E-09  1.4173279E-09  6.6474462E-01
  sn117    117   5.8675171E-09  8.7971319E-09  2.9296146E-09  2.2673019E-09  7.5509421E-10  4.7750819E-01
  sn118    118   3.1304019E-08  4.0237282E-08  8.9332612E-09  1.0370433E-08  2.3025055E-09  6.5359622E-01
  sn119    119   9.0545074E-09  1.2387275E-08  3.3327681E-09  3.1925966E-09  8.5900514E-10  5.7014835E-01
  sn120    120   5.2441166E-08  6.5187727E-08  1.2746562E-08  1.6800961E-08  3.2853658E-09  7.0875037E-01
  sb121    121   3.6998591E-09  5.6655596E-09  1.9657005E-09  1.4601957E-09  5.0664994E-10  4.5970306E-01
  te122    122   6.5758661E-09  7.8825089E-09  1.3066429E-09  2.0315745E-09  3.3678099E-10  7.8048515E-01
  te123    123   2.3959486E-09  2.8557363E-09  4.5978776E-10  7.3601447E-10  1.1850811E-10  7.9313827E-01
  te124    124   1.2572160E-08  1.5040845E-08  2.4686846E-09  3.8765062E-09  6.3629169E-10  7.8478420E-01
  te125    125   4.1206905E-09  7.8325613E-09  3.7118706E-09  2.0187012E-09  9.5671704E-10  3.2428852E-01
  te126    126   2.3748928E-08  3.3719399E-08  9.9704698E-09  8.6905665E-09  2.5698412E-09  5.2914178E-01
   i127    127   2.8283456E-09  1.5332709E-08  1.2504364E-08  3.9517292E-09  3.2229404E-09  8.8534921E-02
   i128    128   0.0000000E+00  0.0000000E+00  0.0000000E+00  0.0000000E+00  0.0000000E+00  0.0000000E+00
   i129    129   8.4760558E-12  8.4760558E-12  0.0000000E+00  2.1845505E-12  0.0000000E+00  0.0000000E+00
  xe128    128   7.5227460E-09  8.8733429E-09  1.3505970E-09  2.2869440E-09  3.4810993E-10  8.1753910E-01
  xe129    129   2.5116087E-09  1.9466668E-08  1.6955060E-08  5.0171822E-09  4.3700856E-09  5.9969939E-02
  xe130    130   1.5090261E-08  1.7833610E-08  2.7433495E-09  4.5962913E-09  7.0708528E-10  8.1293577E-01
  xe131    131   5.5103131E-09  1.9214431E-08  1.3704118E-08  4.9521729E-09  3.5321712E-09  1.4675406E-01
  xe132    132   2.9861965E-08  4.6739757E-08  1.6877792E-08  1.2046328E-08  4.3501704E-09  4.4234842E-01
  xe133    133   4.0610027E-33  4.0610027E-33  0.0000000E+00  1.0466502E-33  0.0000000E+00  0.0000000E+00
  xe134    134   1.7834298E-08  2.4160542E-08  6.3262449E-09  6.2269438E-09  1.6305596E-09  5.8193827E-01
  cs133    133   4.0073349E-09  8.4446015E-09  4.4372666E-09  2.1764437E-09  1.1436843E-09  2.7944130E-01
  cs134    134   1.1411901E-17  1.1411901E-17  0.0000000E+00  2.9412115E-18  0.0000000E+00  0.0000000E+00
  cs135    135   5.6240537E-09  5.6240537E-09  0.0000000E+00  1.4494983E-09  0.0000000E+00  0.0000000E+00
  cs136    136   1.0457838E-30  1.0457838E-30  0.0000000E+00  2.6953190E-31  0.0000000E+00  0.0000000E+00
  cs137    137   2.0234142E-12  2.0234142E-12  0.0000000E+00  5.2149848E-13  0.0000000E+00  0.0000000E+00
  ba134    134   9.3495096E-09  1.0709827E-08  1.3603167E-09  2.7602645E-09  3.5061518E-10  8.9611995E-01
  ba135    135   3.1134886E-09  6.8512631E-09  3.7377745E-09  1.7657894E-09  9.6339359E-10  2.6313516E-01
  ba136    136   2.7110719E-08  3.1597061E-08  4.4863424E-09  8.1435720E-09  1.1563334E-09  8.4773189E-01
  ba137    137   3.7255397E-08  4.3718494E-08  6.4630949E-09  1.1267653E-08  1.6658319E-09  8.3020228E-01
  ba138    138   2.0824586E-07  2.4980358E-07  4.1557708E-08  6.4382363E-08  1.0711301E-08  7.7892470E-01
  la139    139   2.3412351E-08  2.9112510E-08  5.7001581E-09  7.5032238E-09  1.4691887E-09  7.0817035E-01
  ce140    140   5.2333743E-08  6.5397991E-08  1.3064249E-08  1.6855152E-08  3.3672480E-09  6.9945753E-01
  ce141    141   8.8550582E-29  8.8550582E-29  0.0000000E+00  2.2822313E-29  0.0000000E+00  0.0000000E+00
  ce142    142   5.1039795E-09  6.7690289E-09  1.6650492E-09  1.7445950E-09  4.2915851E-10  6.0907692E-01
  pr141    141   5.2532272E-09  7.5047861E-09  2.2515589E-09  1.9342232E-09  5.8032856E-10  5.2283263E-01
  nd142    142   9.7372315E-09  1.2740698E-08  3.0034670E-09  3.2836851E-09  7.7412932E-10  6.2754798E-01
  nd143    143   1.8397748E-09  3.1844563E-09  1.3446815E-09  8.2073615E-10  3.4658523E-10  3.7439352E-01
  nd144    144   5.2820659E-09  7.9544868E-09  2.6724210E-09  2.0501254E-09  6.8880385E-10  4.7368488E-01
  nd145    145   9.7971820E-10  1.9735089E-09  9.9379072E-10  5.0863630E-10  2.5614483E-10  2.9792178E-01
  nd146    146   4.5102109E-09  6.4662498E-09  1.9560391E-09  1.6665591E-09  5.0415977E-10  5.1925254E-01
  nd147    147   1.5249202E-31  1.5249202E-31  0.0000000E+00  3.9302066E-32  0.0000000E+00  0.0000000E+00
  nd148    148   6.6240874E-10  1.3240424E-09  6.6163369E-10  3.4124803E-10  1.7053293E-10  3.0126187E-01
  pm147    147  -5.5000953E-17 -5.5000953E-17  0.0000000E+00 -1.4175503E-17  0.0000000E+00  0.0000000E+00
  pm148    148   5.9380877E-39  5.9380877E-39  0.0000000E+00  1.5304351E-39  0.0000000E+00  0.0000000E+00
  sm147    147   5.3287558E-10  1.0654543E-09  5.3257870E-10  2.7460162E-10  1.3726963E-10  3.0112866E-01
  sm148    148   1.0763919E-09  1.4784527E-09  4.0206083E-10  3.8104450E-10  1.0362927E-10  5.6549323E-01
  sm149    149   1.9509061E-10  6.9278167E-10  4.9769106E-10  1.7855196E-10  1.2827750E-10  1.4361416E-01
  sm150    150   9.6429686E-10  1.2318517E-09  2.6755492E-10  3.1748756E-10  6.8961011E-11  6.6312307E-01
  sm151    151   3.8059518E-14  3.8059518E-14  0.0000000E+00  9.8091540E-15  0.0000000E+00  0.0000000E+00
  sm152    152   8.4305762E-10  1.8258053E-09  9.8274766E-10  4.7056836E-10  2.5329852E-10  2.6899010E-01
  eu151    151   1.2998502E-10  7.7826268E-10  6.4827765E-10  2.0058316E-10  1.6709047E-10  7.9342805E-02
  eu152    152   9.5970537E-21  9.5970537E-21  0.0000000E+00  2.4734673E-21  0.0000000E+00  0.0000000E+00
  eu153    153   1.4906082E-10  8.6610380E-10  7.1704298E-10  2.2322262E-10  1.8481443E-10  8.2002319E-02
  eu154    154  -1.6340482E-17 -1.6340482E-17  0.0000000E+00 -4.2114644E-18  0.0000000E+00  0.0000000E+00
  eu155    155  -2.0441013E-17 -2.0441013E-17  0.0000000E+00 -5.2683022E-18  0.0000000E+00  0.0000000E+00
  gd152    152   7.4894951E-14  9.5403564E-12  9.4654614E-12  2.4588547E-12  2.4396776E-12  3.4004427E-03
  gd153    153  -2.8931885E-28 -2.8931885E-28  0.0000000E+00 -7.4566711E-29  0.0000000E+00  0.0000000E+00
  gd154    154   3.8780126E-10  4.9233317E-10  1.0453191E-10  1.2688998E-10  2.6942601E-11  6.7298782E-01
  gd155    155   1.4226031E-10  8.5653140E-10  7.1427109E-10  2.2075551E-10  1.8409997E-10  7.8857832E-02
  gd156    156   6.0751237E-10  1.6017806E-09  9.9426822E-10  4.1283005E-10  2.5626790E-10  2.0707712E-01
  gd157    157   2.8637043E-10  1.0513915E-09  7.6502110E-10  2.7097719E-10  1.9718054E-10  1.3806871E-01
  gd158    158   1.1574511E-09  2.3794628E-09  1.2220117E-09  6.1326361E-10  3.1496772E-10  2.8938115E-01
  gd159    159   0.0000000E+00  0.0000000E+00  0.0000000E+00  0.0000000E+00  0.0000000E+00  0.0000000E+00
  gd160    160   6.5066841E-11  1.1540917E-09  1.0890249E-09  2.9744632E-10  2.8069097E-10  2.5180155E-02
  tb159    159   2.3518970E-10  1.1570521E-09  9.2186242E-10  2.9820929E-10  2.3760566E-10  9.8664396E-02
  tb160    160   1.3344781E-26  1.3344781E-26  0.0000000E+00  3.4393765E-27  0.0000000E+00  0.0000000E+00
  tb161    161   2.3786802E-33  2.3786802E-33  0.0000000E+00  6.1306191E-34  0.0000000E+00  0.0000000E+00
  dy160    160   4.2001605E-10  5.5950955E-10  1.3949350E-10  1.4420348E-10  3.5953782E-11  6.0323113E-01
  dy161    161   1.7886348E-10  1.3172865E-09  1.1384230E-09  3.3950681E-10  2.9342309E-10  6.3354194E-02
  dy162    162   8.3506524E-10  2.3799644E-09  1.5448992E-09  6.1339289E-10  3.9819045E-10  1.8764791E-01
  dy163    163   3.4174086E-10  1.8608326E-09  1.5190917E-09  4.7959603E-10  3.9153866E-10  8.8100933E-02
  dy164    164   1.7353421E-09  3.4702474E-09  1.7349053E-09  8.9439361E-10  4.4716358E-10  3.0106226E-01
  ho165    165   3.0066194E-10  1.6519527E-09  1.3512907E-09  4.2576098E-10  3.4828876E-10  8.7226406E-02
  er166    166   7.0955153E-10  1.9932442E-09  1.2836927E-09  5.1372273E-10  3.3086567E-10  1.9107705E-01
  er167    167   2.8292074E-10  1.1644277E-09  8.8150692E-10  3.0011021E-10  2.2720421E-10  1.2086441E-01
  er168    168   1.1049452E-09  2.1510627E-09  1.0461174E-09  5.5439758E-10  2.6963179E-10  3.1305024E-01
  er169    169   6.7526391E-32  6.7526391E-32  0.0000000E+00  1.7403708E-32  0.0000000E+00  0.0000000E+00
  er170    170   4.1160153E-10  9.9664788E-10  5.8504634E-10  2.5686800E-10  1.5079291E-10  2.3132908E-01
  tm169    169   2.7039576E-10  8.8862595E-10  6.1823019E-10  2.2902730E-10  1.5934587E-10  1.5754645E-01
  tm170    170   1.0470180E-23  1.0470180E-23  0.0000000E+00  2.6984999E-24  0.0000000E+00  0.0000000E+00
  tm171    171  -4.6871391E-18 -4.6871391E-18  0.0000000E+00 -1.2080255E-18  0.0000000E+00  0.0000000E+00
  yb170    170   3.5017048E-10  4.6709930E-10  1.1692883E-10  1.2038641E-10  3.0137847E-11  6.0146523E-01
  yb171    171   5.3265420E-10  1.0887795E-09  5.5612531E-10  2.8061325E-10  1.4333865E-10  2.9174489E-01
  yb172    172   1.3438544E-09  2.2049844E-09  8.6113000E-10  5.6829491E-10  2.2195215E-10  4.0831441E-01
  yb173    173   6.0517968E-10  1.2480681E-09  6.4288841E-10  3.2166703E-10  1.6570142E-10  2.8808030E-01
  yb174    174   2.5861939E-09  3.8725592E-09  1.2863653E-09  9.9808228E-10  3.3155453E-10  4.7861141E-01
  lu175    175   3.2836345E-10  9.0896279E-10  5.8059935E-10  2.3426874E-10  1.4964671E-10  1.9464716E-01
  lu176    176   2.5418587E-10  2.7113312E-10  1.6947254E-11  6.9879665E-11  4.3680740E-12  1.2040608E+00
  lu177    177   4.3694297E-33  4.3694297E-33  0.0000000E+00  1.1261417E-33  0.0000000E+00  0.0000000E+00
  hf176    176  -3.2671643E-12  1.2713468E-10  1.3040184E-10  3.2766668E-11  3.3610455E-11 -1.1042104E-02
  hf177    177   2.6394309E-10  7.3264061E-10  4.6869753E-10  1.8882490E-10  1.2080456E-10  1.9397594E-01
  hf178    178   1.2147514E-09  1.9062414E-09  6.9148992E-10  4.9129933E-10  1.7822825E-10  4.4036967E-01
  hf179    179   4.2455045E-10  7.7175177E-10  3.4720132E-10  1.9890509E-10  8.9489492E-11  3.4687385E-01
  hf180    180   2.2716906E-09  3.1708483E-09  8.9915769E-10  8.1722890E-10  2.3175362E-10  5.4731721E-01
  hf181    181   2.3571519E-28  2.3571519E-28  0.0000000E+00  6.0751336E-29  0.0000000E+00  0.0000000E+00
  hf182    182   7.9638263E-10  7.9638263E-10  0.0000000E+00  2.0525324E-10  0.0000000E+00  0.0000000E+00
  ta181    181   5.6028182E-10  9.4125052E-10  3.8096873E-10  2.4259034E-10  9.8192877E-11  3.9279348E-01
  ta182    182   7.3066526E-18  7.3066526E-18  0.0000000E+00  1.8831579E-18  0.0000000E+00  0.0000000E+00
  ta183    183   1.1212234E-34  1.1212234E-34  0.0000000E+00  2.8897508E-35  0.0000000E+00  0.0000000E+00
   w182    182   9.2729208E-10  1.5251288E-09  5.9783672E-10  3.9307443E-10  1.5408956E-10  4.0670159E-01
   w183    183   6.9997230E-10  1.0245792E-09  3.2460687E-10  2.6406680E-10  8.3665880E-11  4.9916542E-01
   w184    184   1.6278641E-09  2.3266895E-09  6.9882539E-10  5.9966221E-10  1.8011892E-10  5.2234733E-01
   w185    185   6.7379919E-26  6.7379919E-26  0.0000000E+00  1.7365958E-26  0.0000000E+00  0.0000000E+00
   w186    186   7.3941042E-10  1.3948804E-09  6.5547001E-10  3.5950526E-10  1.6894426E-10  3.2796180E-01
  re185    185   3.1586875E-10  6.4901778E-10  3.3314904E-10  1.6727263E-10  8.5867577E-11  2.8959569E-01
  re186    186   5.1147648E-35  5.1147648E-35  0.0000000E+00  1.3182383E-35  0.0000000E+00  0.0000000E+00
  re187    187   1.5174323E-10  7.5927986E-10  6.0753663E-10  1.9569069E-10  1.5658967E-10  9.6807040E-02
  os186    186   5.8964822E-10  7.7429813E-10  1.8464989E-10  1.9956137E-10  4.7592631E-11  6.2253678E-01
  os187    187   1.6198765E-10  3.0964295E-10  1.4765530E-10  7.9804885E-11  3.8057453E-11  3.2158977E-01
  os188    188   1.1872399E-09  2.7449047E-09  1.5576649E-09  7.0744965E-10  4.0148071E-10  2.4603087E-01
  os189    189   2.0464341E-10  2.1139153E-09  1.9092719E-09  5.4482352E-10  4.9210569E-10  4.4197470E-02
  os190    190   1.1016597E-09  4.2230095E-09  3.1213498E-09  1.0884045E-09  8.0451312E-10  1.3125718E-01
  os191    191   2.5730783E-30  2.5730783E-30  0.0000000E+00  6.6316449E-31  0.0000000E+00  0.0000000E+00
  os192    192   1.7088642E-10  5.0696922E-09  4.8988058E-09  1.3066217E-09  1.2626439E-09  1.4869001E-02
  ir191    191   1.2371082E-10  4.2542689E-09  4.1305581E-09  1.0964610E-09  1.0646317E-09  1.2793782E-02
  ir192    192   3.6167362E-26  3.6167362E-26  0.0000000E+00  9.3214848E-27  0.0000000E+00  0.0000000E+00
  ir193    193   1.0556311E-10  7.1215802E-09  7.0160171E-09  1.8354588E-09  1.8083449E-09  6.4633838E-03
  pt192    192   2.7904179E-10  4.5272722E-10  1.7368541E-10  1.1668227E-10  4.4766586E-11  4.1605091E-01
  pt193    193   5.7977296E-15  5.7977296E-15  0.0000000E+00  1.4942601E-15  0.0000000E+00  0.0000000E+00
  pt194    194   7.4217654E-10  8.1407041E-09  7.3985276E-09  2.0981195E-09  1.9069353E-09  4.1494250E-02
  pt195    195   1.8799984E-10  7.8200397E-09  7.6320399E-09  2.0154740E-09  1.9671220E-09  1.0545926E-02
  pt196    196   1.4435462E-09  7.1668245E-09  5.7232783E-09  1.8471197E-09  1.4751477E-09  9.7659521E-02
  au197    197   4.2995674E-10  3.8792733E-09  3.4493166E-09  9.9981268E-10  8.8904500E-10  5.0994880E-02
  hg198    198   1.6819784E-09  2.4922537E-09  8.1027529E-10  6.4233341E-10  2.0884458E-10  4.8793733E-01
  hg199    199   7.0731654E-10  2.0852573E-09  1.3779408E-09  5.3743743E-10  3.5515768E-10  1.7990673E-01
  hg200    200   2.3181081E-09  4.2143751E-09  1.8962669E-09  1.0861791E-09  4.8875376E-10  3.4681135E-01
  hg201    201   9.4379571E-10  2.0311239E-09  1.0873282E-09  5.2348553E-10  2.8025368E-10  2.7135333E-01
  hg202    202   3.4622729E-09  5.9379750E-09  2.4757021E-09  1.5304059E-09  6.3810046E-10  3.7991756E-01
  tl203    203   1.8037762E-09  2.7831006E-09  9.7932440E-10  7.1729395E-10  2.5241623E-10  4.5357987E-01
  tl204    204  -5.3190281E-16 -5.3190281E-16  0.0000000E+00 -1.3708835E-16  0.0000000E+00  0.0000000E+00
  tl205    205   2.7641260E-09  5.1249542E-09  2.3608282E-09  1.3208644E-09  6.0849220E-10  3.3660322E-01
  pb204    204   1.3943534E-09  2.6339362E-09  1.2395828E-09  6.7884953E-10  3.1949654E-10  3.2730737E-01
  pb205    205   4.2817494E-10  4.2817494E-10  0.0000000E+00  1.1035436E-10  0.0000000E+00  0.0000000E+00
  pb206    206   9.3319530E-09  2.0979126E-08  1.1647173E-08  5.4069909E-09  3.0020035E-09  2.5554445E-01
  pb207    207   9.1874712E-09  2.2138959E-08  1.2951488E-08  5.7059171E-09  3.3381844E-09  2.3281515E-01
  pb208    208   1.5745805E-08  5.2996018E-08  3.7250214E-08  1.3658767E-08  9.6010648E-09  1.5309209E-01
  bi209    209   2.8725045E-10  2.8779299E-09  2.5906794E-09  7.4173451E-10  6.6773526E-10  4.5644179E-02
  bi210    210   1.1109544E-35  1.1109544E-35  0.0000000E+00  2.8632844E-36  0.0000000E+00  0.0000000E+00
  po210    210   1.2437114E-10  1.2437114E-10  0.0000000E+00  3.2054415E-11  0.0000000E+00  0.0000000E+00
