  species    A      yield       mass(i)_lost    mass(i)_0        <X(i)>          X0(i)   log10(<X(i)>/X0(i)) 
      n      1   0.0000000E+00  0.0000000E+00  0.0000000E+00  0.0000000E+00  0.0000000E+00  0.0000000E+00
      p      1  -1.7803431E-01  2.5605090E+00  2.7385433E+00  6.5992498E-01  7.0584649E-01 -2.9215688E-02
      d      2   1.9690369E-17  1.9690369E-17  0.0000000E+00  5.0748374E-18  0.0000000E+00  0.0000000E+00
    he3      3   1.8533941E-05  1.8533941E-05  0.0000000E+00  4.7767890E-06  0.0000000E+00  0.0000000E+00
    he4      4   1.4966393E-01  1.2357719E+00  1.0861080E+00  3.1849790E-01  2.7993914E-01  5.6042943E-02
    li7      7  -6.6967498E-09  2.8601756E-08  3.5298505E-08  7.3715865E-09  9.0980219E-09 -9.1386020E-02
    be7      7   7.0691343E-12  7.0691343E-12  0.0000000E+00  1.8219417E-12  0.0000000E+00  0.0000000E+00
     b8      8   1.4705272E-24  1.4705272E-24  0.0000000E+00  3.7900184E-25  0.0000000E+00  0.0000000E+00
    c12     12  -1.6924208E-03  8.0262274E-03  9.7186482E-03  2.0686153E-03  2.5049355E-03 -8.3116814E-02
    c13     13   1.1710949E-03  1.2888659E-03  1.1777095E-04  3.3218192E-04  3.0354900E-05  1.0391471E+00
    c14     14   3.1800180E-08  3.1800180E-08  0.0000000E+00  8.1959222E-09  0.0000000E+00  0.0000000E+00
    n13     13   0.0000000E+00  0.0000000E+00  0.0000000E+00  0.0000000E+00  0.0000000E+00  0.0000000E+00
    n14     14   2.8997203E-02  3.1870611E-02  2.8734070E-03  8.2140751E-03  7.4060698E-04  1.0449709E+00
    n15     15  -6.5105382E-06  5.6700679E-07  7.0775450E-06  1.4613576E-07  1.8242035E-06 -1.0963168E+00
    o14     14   0.0000000E+00  0.0000000E+00  0.0000000E+00  0.0000000E+00  0.0000000E+00  0.0000000E+00
    o15     15   0.0000000E+00  0.0000000E+00  0.0000000E+00  0.0000000E+00  0.0000000E+00  0.0000000E+00
    o16     16  -1.9907933E-03  2.1477206E-02  2.3467999E-02  5.5353623E-03  6.0487650E-03 -3.8520679E-02
    o17     17   2.7778724E-05  3.7251990E-05  9.4732659E-06  9.6010281E-06  2.4416890E-06  5.9462738E-01
    o18     18  -5.2739208E-05  6.3790203E-08  5.2803000E-05  1.6440774E-08  1.3609721E-05 -2.9179270E+00
    o19     19   0.0000000E+00  0.0000000E+00  0.0000000E+00  0.0000000E+00  0.0000000E+00  0.0000000E+00
    f17     17   0.0000000E+00  0.0000000E+00  0.0000000E+00  0.0000000E+00  0.0000000E+00  0.0000000E+00
    f18     18   0.0000000E+00  0.0000000E+00  0.0000000E+00  0.0000000E+00  0.0000000E+00  0.0000000E+00
    f19     19   2.2825195E-06  3.8031017E-06  1.5205821E-06  9.8018086E-07  3.9192281E-07  3.9810568E-01
    f20     20   0.0000000E+00  0.0000000E+00  0.0000000E+00  0.0000000E+00  0.0000000E+00  0.0000000E+00
   ne19     19   0.0000000E+00  0.0000000E+00  0.0000000E+00  0.0000000E+00  0.0000000E+00  0.0000000E+00
   ne20     20  -3.2857060E-06  4.8107328E-03  4.8140185E-03  1.2398795E-03  1.2407904E-03 -3.1892865E-04
   ne21     21  -6.4962724E-06  5.6206200E-06  1.2116892E-05  1.4486134E-06  3.1230711E-06 -3.3362940E-01
   ne22     22   1.6421218E-03  2.0314977E-03  3.8937587E-04  5.2358187E-04  1.0035978E-04  7.1742487E-01
   ne23     23   0.0000000E+00  0.0000000E+00  0.0000000E+00  0.0000000E+00  0.0000000E+00  0.0000000E+00
   na21     21   0.0000000E+00  0.0000000E+00  0.0000000E+00  0.0000000E+00  0.0000000E+00  0.0000000E+00
   na22     22   7.9710807E-11  7.9710807E-11  0.0000000E+00  2.0544021E-11  0.0000000E+00  0.0000000E+00
   na23     23   6.5596163E-05  1.9591398E-04  1.3031781E-04  5.0493290E-05  3.3588796E-05  1.7703924E-01
   na24     24   0.0000000E+00  0.0000000E+00  0.0000000E+00  0.0000000E+00  0.0000000E+00  0.0000000E+00
   mg23     23   0.0000000E+00  0.0000000E+00  0.0000000E+00  0.0000000E+00  0.0000000E+00  0.0000000E+00
   mg24     24  -5.5447919E-05  2.2409256E-03  2.2963735E-03  5.7755812E-04  5.9187930E-04 -1.0637445E-02
   mg25     25   1.4013951E-04  4.4296967E-04  3.0283016E-04  1.1416744E-04  7.8053032E-05  1.6515248E-01
   mg26     26   7.7419390E-05  4.2417174E-04  3.4675235E-04  1.0932261E-04  8.9373774E-05  8.7499872E-02
   mg27     27   0.0000000E+00  0.0000000E+00  0.0000000E+00  0.0000000E+00  0.0000000E+00  0.0000000E+00
   al25     25   0.0000000E+00  0.0000000E+00  0.0000000E+00  0.0000000E+00  0.0000000E+00  0.0000000E+00
   al-6     26   1.0959374E-06  1.0959374E-06  0.0000000E+00  2.8245807E-07  0.0000000E+00  0.0000000E+00
   al*6     26   0.0000000E+00  0.0000000E+00  0.0000000E+00  0.0000000E+00  0.0000000E+00  0.0000000E+00
   al27     27   5.0064424E-05  2.7118475E-04  2.2112032E-04  6.9892973E-05  5.6992707E-05  8.8614210E-02
   al28     28   0.0000000E+00  0.0000000E+00  0.0000000E+00  0.0000000E+00  0.0000000E+00  0.0000000E+00
   si27     27   0.0000000E+00  0.0000000E+00  0.0000000E+00  0.0000000E+00  0.0000000E+00  0.0000000E+00
   si28     28   1.8273946E-05  2.5609613E-03  2.5426873E-03  6.6004158E-04  6.5536553E-04  3.0877034E-03
   si29     29   4.3367327E-06  1.3806454E-04  1.3372781E-04  3.5583642E-05  3.4467706E-05  1.3838023E-02
   si30     30   7.8813464E-06  9.9072517E-05  9.1191170E-05  2.5534153E-05  2.3504090E-05  3.5978001E-02
    p31     31   1.0029235E-06  2.6390813E-05  2.5387890E-05  6.8017557E-06  6.5436075E-06  1.6803775E-02
    p32     32   1.7709231E-29  1.7709231E-29  0.0000000E+00  4.5642347E-30  0.0000000E+00  0.0000000E+00
    p33     33   1.1454465E-29  1.1454465E-29  0.0000000E+00  2.9521815E-30  0.0000000E+00  0.0000000E+00
    s32     32  -6.5946952E-06  1.2118819E-03  1.2184766E-03  3.1234068E-04  3.1405652E-04 -2.3792651E-03
    s33     33   3.8803773E-07  1.0447868E-05  1.0059830E-05  2.6927494E-06  2.5928732E-06  1.6414657E-02
    s34     34   1.8426254E-06  6.0347924E-05  5.8505299E-05  1.5553589E-05  1.5079462E-05  1.3444781E-02
    s35     35   7.2391739E-23  7.2391739E-23  0.0000000E+00  1.8657665E-23  0.0000000E+00  0.0000000E+00
    s36     36   1.4489581E-07  4.3369033E-07  2.8879452E-07  1.1177585E-07  7.4435420E-08  1.7656837E-01
   cl35     35  -1.0273197E-07  1.2396606E-05  1.2499338E-05  3.1950015E-06  3.2216446E-06 -3.6065865E-03
   cl36     36   1.3818307E-08  1.3818307E-08  0.0000000E+00  3.5614194E-09  0.0000000E+00  0.0000000E+00
   cl37     37   8.4608746E-07  5.0692047E-06  4.2231172E-06  1.3064960E-06  1.0884884E-06  7.9284281E-02
   ar36     36  -2.4675974E-06  2.3028842E-04  2.3275602E-04  5.9352686E-05  5.9991758E-05 -4.6512103E-03
   ar37     37   1.1011395E-24  1.1011395E-24  0.0000000E+00  2.8379882E-25  0.0000000E+00  0.0000000E+00
   ar38     38   1.0708900E-06  4.5742039E-05  4.4671149E-05  1.1789185E-05  1.1513776E-05  1.0266000E-02
   ar39     39   6.4398492E-10  6.4398492E-10  0.0000000E+00  1.6597548E-10  0.0000000E+00  0.0000000E+00
   ar40     40   9.3613316E-08  1.6882008E-07  7.5206763E-08  4.3510330E-08  1.9384185E-08  3.5114482E-01
    k39     39   1.2191958E-07  1.2239847E-05  1.2117927E-05  3.1545997E-06  3.1233380E-06  4.3252655E-03
    k40     40   2.6786166E-08  2.8747829E-08  1.9616626E-09  7.4092341E-09  5.0560922E-10  1.1659584E+00
    k41     41   6.0257037E-08  9.7960356E-07  9.1934652E-07  2.5247513E-07  2.3695719E-07  2.7548702E-02
   ca40     40  -1.6052945E-06  2.0819972E-04  2.0980502E-04  5.3659722E-05  5.4076245E-05 -3.3581157E-03
   ca41     41   2.6685839E-08  2.6685839E-08  0.0000000E+00  6.8777934E-09  0.0000000E+00  0.0000000E+00
   ca42     42   8.9314426E-08  1.5596494E-06  1.4703350E-06  4.0197148E-07  3.7897183E-07  2.5588298E-02
   ca43     43   2.3793433E-08  3.3788535E-07  3.1409192E-07  8.7083855E-08  8.0955701E-08  3.1690225E-02
   ca44     44   1.0483745E-08  4.9767586E-06  4.9662749E-06  1.2826697E-06  1.2800336E-06  8.9344056E-04
   ca45     45   1.0831763E-19  1.0831763E-19  0.0000000E+00  2.7916916E-20  0.0000000E+00  0.0000000E+00
   ca46     46   3.0362759E-08  4.0318731E-08  9.9559712E-09  1.0391425E-08  2.5661042E-09  6.0740083E-01
   ca47     47   6.5336639E-35  6.5336639E-35  0.0000000E+00  1.6839340E-35  0.0000000E+00  0.0000000E+00
   ca48     48  -4.8686388E-10  4.8518956E-07  4.8567642E-07  1.2504886E-07  1.2518078E-07 -4.5790523E-04
   sc45     45   2.8280269E-08  1.6839226E-07  1.4011199E-07  4.3400068E-08  3.6113200E-08  7.9824448E-02
   sc46     46   7.2934798E-27  7.2934798E-27  0.0000000E+00  1.8797627E-27  0.0000000E+00  0.0000000E+00
   sc47     47   4.9130140E-34  4.9130140E-34  0.0000000E+00  1.2662407E-34  0.0000000E+00  0.0000000E+00
   sc48     48  -8.9062223E-32  8.8280301E-29  8.8369364E-29  2.2752655E-29  2.2776783E-29  0.0000000E+00
   ti46     46  -9.5707264E-09  8.4643898E-07  8.5600971E-07  2.1815437E-07  2.2063243E-07 -4.9054222E-03
   ti47     47  -1.0982149E-08  7.7776798E-07  7.8875013E-07  2.0045566E-07  2.0329659E-07 -6.1117695E-03
   ti48     48  -1.4443958E-07  7.8371504E-06  7.9815900E-06  2.0198841E-06  2.0572168E-06 -7.9536038E-03
   ti49     49   7.2248497E-08  6.7018618E-07  5.9793769E-07  1.7272839E-07  1.5411560E-07  4.9517136E-02
   ti50     50   1.0779189E-07  6.9200155E-07  5.8420966E-07  1.7835092E-07  1.5057726E-07  7.3515959E-02
    v51     51  -2.0219773E-08  1.2672765E-06  1.2874963E-06  3.2661765E-07  3.3184605E-07 -6.8969922E-03
   cr52     52  -5.0234303E-07  5.2275987E-05  5.2778330E-05  1.3473193E-05  1.3603363E-05 -4.1757706E-03
   cr53     53  -3.0616775E-08  6.0690818E-06  6.0996986E-06  1.5641963E-06  1.5721682E-06 -2.2077735E-03
   cr54     54   4.3482419E-07  1.9818181E-06  1.5469939E-06  5.1077785E-07  3.9873032E-07  1.0755282E-01
   mn55     55  -2.9249350E-09  4.6089750E-05  4.6092675E-05  1.1878801E-05  1.1880167E-05 -4.9936905E-05
   fe54     54  -6.0346501E-06  2.9766670E-04  3.0370135E-04  7.6718221E-05  7.8277582E-05 -8.7388922E-03
   fe55     55  -5.8881394E-14 -5.8881394E-14  0.0000000E+00 -1.5175617E-14  0.0000000E+00  0.0000000E+00
   fe56     56  -5.6485645E-05  4.8874775E-03  4.9439631E-03  1.2596591E-03  1.2742830E-03 -5.0128787E-03
   fe57     57   1.3897778E-05  1.3011486E-04  1.1621708E-04  3.3534758E-05  2.9954399E-05  4.9034569E-02
   fe58     58   3.0939038E-05  4.6676803E-05  1.5737765E-05  1.2030104E-05  4.0563341E-06  4.7213566E-01
   fe59     59   3.8400124E-25  3.8400124E-25  0.0000000E+00  9.8969392E-26  0.0000000E+00  0.0000000E+00
   fe60     60   4.3655773E-06  4.3655773E-06  0.0000000E+00  1.1251487E-06  0.0000000E+00  0.0000000E+00
   co59     59   8.8005509E-06  2.0937601E-05  1.2137050E-05  5.3962890E-06  3.1282668E-06  2.3679143E-01
   co60     60   3.8395389E-12  3.8395389E-12  0.0000000E+00  9.8957181E-13  0.0000000E+00  0.0000000E+00
   ni58     58  -3.6096899E-06  1.7004748E-04  1.7365717E-04  4.3826669E-05  4.4759308E-05 -9.1449041E-03
   ni59     59   8.6816520E-08  8.6816520E-08  0.0000000E+00  2.2375390E-08  0.0000000E+00  0.0000000E+00
   ni60     60   2.1976448E-06  7.1397451E-05  6.9199807E-05  1.8401404E-05  1.7835922E-05  1.3555394E-02
   ni61     61   1.9780709E-06  5.0363374E-06  3.0582664E-06  1.2980250E-06  7.8825360E-07  2.1661711E-01
   ni62     62   3.3989727E-06  1.3309545E-05  9.9105719E-06  3.4302948E-06  2.5544027E-06  1.2804207E-01
   ni63     63   1.3758046E-09  1.3758046E-09  0.0000000E+00  3.5458880E-10  0.0000000E+00  0.0000000E+00
   ni64     64   1.7478610E-06  4.3532787E-06  2.6054176E-06  1.1219790E-06  6.7153400E-07  2.2291677E-01
   cu63     63   1.6425081E-06  3.7929285E-06  2.1504204E-06  9.7755890E-07  5.5426062E-07  2.4642894E-01
   cu64     64   0.0000000E+00  0.0000000E+00  0.0000000E+00  0.0000000E+00  0.0000000E+00  0.0000000E+00
   cu65     65   2.4711801E-07  1.2360057E-06  9.8888768E-07  3.1855816E-07  2.5488109E-07  9.6851118E-02
   zn64     64  -6.8915824E-08  3.6154106E-06  3.6843264E-06  9.3180682E-07  9.4961757E-07 -8.2228677E-03
   zn65     65   1.8660698E-19  1.8660698E-19  0.0000000E+00  4.8094581E-20  0.0000000E+00  0.0000000E+00
   zn66     66   1.9814593E-07  2.3779271E-06  2.1797812E-06  6.1286778E-07  5.6182824E-07  3.7763231E-02
   zn67     67   4.6157851E-08  3.7133233E-07  3.2517448E-07  9.5704209E-08  8.3812175E-08  5.7623927E-02
   zn68     68   2.3233281E-07  1.7416194E-06  1.5092866E-06  4.4887096E-07  3.8901143E-07  6.2159169E-02
   zn69     69   0.0000000E+00  0.0000000E+00  0.0000000E+00  0.0000000E+00  0.0000000E+00  0.0000000E+00
   zn70     70   3.8680881E-10  5.1762427E-08  5.1375618E-08  1.3340832E-08  1.3241821E-08  3.2352111E-03
   ga69     69   3.2179315E-08  1.7055066E-07  1.3837135E-07  4.3956355E-08  3.5664559E-08  9.0784810E-02
   ga70     70   0.0000000E+00  0.0000000E+00  0.0000000E+00  0.0000000E+00  0.0000000E+00  0.0000000E+00
   ga71     71   2.3085811E-08  1.1758034E-07  9.4494531E-08  3.0304211E-08  2.4355515E-08  9.4905674E-02
   ge70     70   4.4958938E-08  1.9886586E-07  1.5390692E-07  5.1254087E-08  3.9668777E-08  1.1127969E-01
   ge71     71   5.7469930E-30  5.7469930E-30  0.0000000E+00  1.4811837E-30  0.0000000E+00  0.0000000E+00
   ge72     72   3.3556489E-08  2.4275482E-07  2.0919833E-07  6.2565675E-08  5.3919877E-08  6.4587250E-02
   ge73     73   9.7605692E-09  6.9295766E-08  5.9535196E-08  1.7859733E-08  1.5344913E-08  6.5910563E-02
   ge74     74   3.5143387E-08  3.1838860E-07  2.8324521E-07  8.2058918E-08  7.3005104E-08  5.0772559E-02
   as75     75   2.7976590E-09  4.4323830E-08  4.1526171E-08  1.1423667E-08  1.0703173E-08  2.8293043E-02
   se76     76   1.1403070E-08  5.4635592E-08  4.3232522E-08  1.4081338E-08  1.1142977E-08  1.0164268E-01
   se77     77   3.9517936E-09  3.9620119E-08  3.5668325E-08  1.0211370E-08  9.1933412E-09  4.5610666E-02
   se78     78   2.3886194E-08  1.3644708E-07  1.1256089E-07  3.5166774E-08  2.9012032E-08  8.3554395E-02
   se79     79   4.9985394E-09  4.9985394E-09  0.0000000E+00  1.2882833E-09  0.0000000E+00  0.0000000E+00
   se80     80   2.0523629E-08  2.6147202E-07  2.4094840E-07  6.7389692E-08  6.2103297E-08  3.5478804E-02
   br79     79  -1.9626256E-10  3.8335198E-08  3.8531461E-08  9.8802051E-09  9.9313002E-09 -2.2401409E-03
   br80     80   0.0000000E+00  0.0000000E+00  0.0000000E+00  0.0000000E+00  0.0000000E+00  0.0000000E+00
   br81     81   2.4953053E-09  4.0927702E-08  3.8432397E-08  1.0548376E-08  9.9057660E-09  2.7297566E-02
   kr80     80  -2.0928326E-10  8.9732932E-09  9.1825765E-09  2.3127045E-09  2.3667655E-09 -1.0035072E-02
   kr81     81   5.9227762E-12  5.9227762E-12  0.0000000E+00  1.5264887E-12  0.0000000E+00  0.0000000E+00
   kr82     82   9.3914743E-09  5.6552370E-08  4.7160896E-08  1.4575352E-08  1.2155497E-08  7.8846343E-02
   kr83     83   2.4809310E-09  4.9772666E-08  4.7291735E-08  1.2828006E-08  1.2189219E-08  2.2183249E-02
   kr84     84   1.3907751E-08  2.4978107E-07  2.3587332E-07  6.4376565E-08  6.0795223E-08  2.4858322E-02
   kr-5     85  -6.6296998E-15 -6.6296998E-15  0.0000000E+00 -1.7086855E-15  0.0000000E+00  0.0000000E+00
   kr*5     85   0.0000000E+00  0.0000000E+00  0.0000000E+00  0.0000000E+00  0.0000000E+00  0.0000000E+00
   kr86     86   1.5142021E-08  8.8171603E-08  7.3029582E-08  2.2724640E-08  1.8823028E-08  8.1807502E-02
   rb85     85   5.3109019E-09  4.3593683E-08  3.8282781E-08  1.1235485E-08  9.8672048E-09  5.6397684E-02
   rb86     86   8.4216932E-29  8.4216932E-29  0.0000000E+00  2.1705394E-29  0.0000000E+00  0.0000000E+00
   rb87     87   6.2927867E-09  2.2418078E-08  1.6125291E-08  5.7778551E-09  4.1562171E-09  1.4306843E-01
   sr86     86   2.4344065E-09  2.0298501E-08  1.7864094E-08  5.2315721E-09  4.6043849E-09  5.5460598E-02
   sr87     87   8.0851859E-10  1.3437968E-08  1.2629449E-08  3.4633938E-09  3.2551806E-09  2.6926791E-02
   sr88     88   7.5446280E-09  1.6070074E-07  1.5315611E-07  4.1417714E-08  3.9475257E-08  2.0861169E-02
   sr89     89   1.1811948E-27  1.1811948E-27  0.0000000E+00  3.0443165E-28  0.0000000E+00  0.0000000E+00
   sr90     90   6.9785594E-14  6.9785594E-14  0.0000000E+00  1.7985977E-14  0.0000000E+00  0.0000000E+00
    y89     89   1.5721326E-09  3.8104069E-08  3.6531937E-08  9.8206359E-09  9.4159329E-09  1.8276261E-02
    y90     90   1.7648236E-17  1.7648236E-17  0.0000000E+00  4.5485144E-18  0.0000000E+00  0.0000000E+00
    y91     91   7.3348113E-28  7.3348113E-28  0.0000000E+00  1.8904152E-28  0.0000000E+00  0.0000000E+00
   zr90     90   5.2414606E-10  4.4064663E-08  4.3540517E-08  1.1356872E-08  1.1222361E-08  5.1745116E-03
   zr91     91   2.1101787E-10  9.8115054E-09  9.6004875E-09  2.5287383E-09  2.4744802E-09  9.4199246E-03
   zr92     92   3.9627057E-10  1.5232178E-08  1.4835908E-08  3.9258192E-09  3.8238848E-09  1.1425518E-02
   zr93     93   2.6917635E-10  2.6917635E-10  0.0000000E+00  6.9375346E-11  0.0000000E+00  0.0000000E+00
   zr94     94   3.7285552E-10  1.5734742E-08  1.5361886E-08  4.0553458E-09  3.9594532E-09  1.0392692E-02
   zr95     95   8.7368880E-27  8.7368880E-27  0.0000000E+00  2.2517751E-27  0.0000000E+00  0.0000000E+00
   zr96     96   3.1444025E-10  2.8419687E-09  2.5275284E-09  7.3246614E-10  6.5145839E-10  5.0900862E-02
   nb93     93  -1.5557022E-10  6.4781323E-09  6.6337025E-09  1.6696217E-09  1.7098053E-09 -1.0328585E-02
   nb94     94   2.4804858E-15  2.4804858E-15  0.0000000E+00  6.3930045E-16  0.0000000E+00  0.0000000E+00
   nb95     95   1.0418065E-26  1.0418065E-26  0.0000000E+00  2.6850682E-27  0.0000000E+00  0.0000000E+00
   mo94     94  -4.7192028E-11  2.0318456E-09  2.0790376E-09  5.2367155E-10  5.3586208E-10 -9.9940384E-03
   mo95     95   7.0718320E-11  3.7072694E-09  3.6365511E-09  9.5548180E-10  9.3730379E-10  8.3420398E-03
   mo96     96   1.6926149E-10  4.0375432E-09  3.8682817E-09  1.0406039E-09  9.9703124E-10  1.8576717E-02
   mo97     97   2.5432545E-11  2.2758364E-09  2.2504039E-09  5.8655575E-10  5.8003086E-10  4.8581846E-03
   mo98     98   4.0720760E-11  5.8180545E-09  5.7773337E-09  1.4994985E-09  1.4890802E-09  3.0279665E-03
   tc99     99   1.6336647E-11  1.6336647E-11  0.0000000E+00  4.2104762E-12  0.0000000E+00  0.0000000E+00
   ru99     99  -4.5132342E-11  1.9720692E-09  2.0172015E-09  5.0826526E-10  5.1992405E-10 -9.8494878E-03
  ru100    100   2.2002400E-11  2.0340172E-09  2.0120148E-09  5.2423121E-10  5.1858728E-10  4.7010356E-03
  ru101    101  -5.4717786E-11  2.6967546E-09  2.7514724E-09  6.9503980E-10  7.0917894E-10 -8.7461555E-03
  ru102    102  -3.8579806E-11  5.1001692E-09  5.1387490E-09  1.3144765E-09  1.3244881E-09 -3.2952249E-03
  rh103    103  -6.8272721E-11  3.2134477E-09  3.2817205E-09  8.2820817E-10  8.4584784E-10 -9.1527291E-03
  pd104    104   1.3268497E-11  1.4493731E-09  1.4361046E-09  3.7354975E-10  3.7014913E-10  3.9716917E-03
  pd105    105  -6.1562977E-11  2.8447396E-09  2.9063025E-09  7.3318029E-10  7.4908568E-10 -9.3207182E-03
  pd106    106  -3.1780800E-11  3.5591670E-09  3.5909478E-09  9.1731106E-10  9.2554975E-10 -3.8831448E-03
  pd107    107   1.1452532E-11  1.1452532E-11  0.0000000E+00  2.9516834E-12  0.0000000E+00  0.0000000E+00
  pd108    108  -1.2616352E-11  3.5296239E-09  3.5422403E-09  9.0969687E-10  9.1299551E-10 -1.5719453E-03
  ag107    107  -6.1680439E-11  2.3778495E-09  2.4395299E-09  6.1284777E-10  6.2877720E-10 -1.1144184E-02
  ag108    108   0.0000000E+00  0.0000000E+00  0.0000000E+00  0.0000000E+00  0.0000000E+00  0.0000000E+00
  ag109    109  -3.9025672E-11  2.2697502E-09  2.3087758E-09  5.8498711E-10  5.9507599E-10 -7.4261352E-03
  cd108    108  -1.4956925E-12  1.3530084E-10  1.3679653E-10  3.4871349E-11  3.5258654E-11 -4.7969720E-03
  cd109    109  -2.9597817E-24 -2.9597817E-24  0.0000000E+00 -7.6283032E-25  0.0000000E+00  0.0000000E+00
  cd110    110   2.2267743E-11  1.9775954E-09  1.9553277E-09  5.0968951E-10  5.0397642E-10  4.8955046E-03
  cd111    111  -2.7494451E-11  1.9945643E-09  2.0220587E-09  5.1406296E-10  5.2117599E-10 -5.9680855E-03
  cd112    112   3.7347903E-13  3.8466292E-09  3.8462558E-09  9.9139930E-10  9.9135400E-10  1.9828200E-05
  cd113    113  -2.0835778E-11  1.9443813E-09  1.9652171E-09  5.0112919E-10  5.0652538E-10 -4.6514980E-03
  cd114    114   3.7204906E-11  4.6984465E-09  4.6612416E-09  1.2109398E-09  1.2014127E-09  3.4303379E-03
  in115    115  -1.4771850E-11  1.7428281E-09  1.7576000E-09  4.4918250E-10  4.5301299E-10 -3.6878227E-03
  sn116    116   9.4799724E-11  5.5937486E-09  5.4989489E-09  1.4416878E-09  1.4173279E-09  7.4008517E-03
  sn117    117  -5.2970961E-12  2.9243175E-09  2.9296146E-09  7.5369005E-10  7.5509421E-10 -8.0834224E-04
  sn118    118   1.3009505E-10  9.0633563E-09  8.9332612E-09  2.3359166E-09  2.3025055E-09  6.2566535E-03
  sn119    119   1.7661206E-11  3.3504293E-09  3.3327681E-09  8.6351265E-10  8.5900514E-10  2.2729388E-03
  sn120    120   2.1583357E-10  1.2962396E-08  1.2746562E-08  3.3408236E-09  3.2853658E-09  7.2698230E-03
  sb121    121  -1.1812551E-11  1.9538879E-09  1.9657005E-09  5.0357934E-10  5.0664994E-10 -2.6400937E-03
  te122    122   3.3303915E-11  1.3399468E-09  1.3066429E-09  3.4534711E-10  3.3678099E-10  1.0908276E-02
  te123    123   1.2361112E-11  4.7214888E-10  4.5978776E-10  1.2168785E-10  1.1850811E-10  1.1499186E-02
  te124    124   5.9228844E-11  2.5279134E-09  2.4686846E-09  6.5152406E-10  6.3629169E-10  1.0274192E-02
  te125    125  -5.3502536E-11  3.6583681E-09  3.7118706E-09  9.4287833E-10  9.5671704E-10 -6.3278577E-03
  te126    126  -2.1701752E-11  9.9487680E-09  9.9704698E-09  2.5641154E-09  2.5698412E-09 -9.6872303E-04
   i127    127  -2.8650327E-10  1.2217861E-08  1.2504364E-08  3.1489331E-09  3.2229404E-09 -1.0088825E-02
   i128    128   0.0000000E+00  0.0000000E+00  0.0000000E+00  0.0000000E+00  0.0000000E+00  0.0000000E+00
   i129    129   8.5747395E-14  8.5747395E-14  0.0000000E+00  2.2099843E-14  0.0000000E+00  0.0000000E+00
  xe128    128   4.4151460E-11  1.3947484E-09  1.3505970E-09  3.5947123E-10  3.4810993E-10  1.3947732E-02
  xe129    129  -3.9958792E-10  1.6555472E-08  1.6955060E-08  4.2668740E-09  4.3700856E-09 -1.0380122E-02
  xe130    130   1.0260370E-10  2.8459533E-09  2.7433495E-09  7.3349310E-10  7.0708528E-10  1.5924238E-02
  xe131    131  -2.7822455E-10  1.3425893E-08  1.3704118E-08  3.4602816E-09  3.5321712E-09 -8.9302901E-03
  xe132    132  -2.6243896E-11  1.6851548E-08  1.6877792E-08  4.3431823E-09  4.3501704E-09 -6.9821370E-04
  xe133    133   1.4044095E-33  1.4044095E-33  0.0000000E+00  3.6196121E-34  0.0000000E+00  0.0000000E+00
  xe134    134   2.5769875E-10  6.5839436E-09  6.3262449E-09  1.6968926E-09  1.6305596E-09  1.7317677E-02
  cs133    133  -5.7049476E-11  4.3802171E-09  4.4372666E-09  1.1289218E-09  1.1436843E-09 -5.6422548E-03
  cs134    134   1.5235308E-19  1.5235308E-19  0.0000000E+00  3.9266257E-20  0.0000000E+00  0.0000000E+00
  cs135    135   1.0413150E-10  1.0413150E-10  0.0000000E+00  2.6838013E-11  0.0000000E+00  0.0000000E+00
  cs136    136   1.8095445E-32  1.8095445E-32  0.0000000E+00  4.6637746E-33  0.0000000E+00  0.0000000E+00
  cs137    137   4.4824726E-14  4.4824726E-14  0.0000000E+00  1.1552765E-14  0.0000000E+00  0.0000000E+00
  ba134    134   9.1220698E-11  1.4515374E-09  1.3603167E-09  3.7410758E-10  3.5061518E-10  2.8165791E-02
  ba135    135  -5.0986992E-11  3.6867875E-09  3.7377745E-09  9.5020292E-10  9.6339359E-10 -5.9874011E-03
  ba136    136   2.8033975E-10  4.7666822E-09  4.4863424E-09  1.2285263E-09  1.1563334E-09  2.6301408E-02
  ba137    137   5.2058535E-10  6.9836803E-09  6.4630949E-09  1.7999175E-09  1.6658319E-09  3.3621423E-02
  ba138    138   6.8274630E-10  4.2240455E-08  4.1557708E-08  1.0886715E-08  1.0711301E-08  7.0546134E-03
  la139    139   4.1653792E-11  5.7418119E-09  5.7001581E-09  1.4798484E-09  1.4691887E-09  3.1396709E-03
  ce140    140   9.0707886E-11  1.3154957E-08  1.3064249E-08  3.3904528E-09  3.3672480E-09  2.9826185E-03
  ce141    141   1.8514220E-29  1.8514220E-29  0.0000000E+00  4.7717062E-30  0.0000000E+00  0.0000000E+00
  ce142    142   2.3986813E-11  1.6890360E-09  1.6650492E-09  4.3531856E-10  4.2915851E-10  6.1894404E-03
  pr141    141  -1.1424639E-11  2.2401343E-09  2.2515589E-09  5.7735416E-10  5.8032856E-10 -2.2316324E-03
  nd142    142   1.7978952E-12  3.0052649E-09  3.0034670E-09  7.7455281E-10  7.7412932E-10  2.3751646E-04
  nd143    143  -1.5960455E-11  1.3287210E-09  1.3446815E-09  3.4245387E-10  3.4658523E-10 -5.2079852E-03
  nd144    144  -1.1786350E-11  2.6606346E-09  2.6724210E-09  6.8573053E-10  6.8880385E-10 -1.9420818E-03
  nd145    145  -1.4431345E-11  9.7935937E-10  9.9379072E-10  2.5241220E-10  2.5614483E-10 -6.3752444E-03
  nd146    146   2.0727864E-12  1.9581119E-09  1.9560391E-09  5.0466797E-10  5.0415977E-10  4.3756302E-04
  nd147    147   4.2046158E-32  4.2046158E-32  0.0000000E+00  1.0836639E-32  0.0000000E+00  0.0000000E+00
  nd148    148  -6.6694983E-12  6.5496419E-10  6.6163369E-10  1.6880521E-10  1.7053293E-10 -4.4224341E-03
  pm147    147  -7.0999973E-19 -7.0999973E-19  0.0000000E+00 -1.8298962E-19  0.0000000E+00  0.0000000E+00
  pm148    148   6.6460643E-40  6.6460643E-40  0.0000000E+00  1.7129052E-40  0.0000000E+00  0.0000000E+00
  sm147    147  -7.2605255E-12  5.2531818E-10  5.3257870E-10  1.3539128E-10  1.3726963E-10 -5.9837531E-03
  sm148    148   1.9622359E-12  4.0402307E-10  4.0206083E-10  1.0412966E-10  1.0362927E-10  2.0919759E-03
  sm149    149  -1.0093981E-11  4.8759707E-10  4.9769106E-10  1.2566935E-10  1.2827750E-10 -8.9211212E-03
  sm150    150   5.3376470E-12  2.7289257E-10  2.6755492E-10  7.0333135E-11  6.8961011E-11  8.5563585E-03
  sm151    151   6.6776726E-16  6.6776726E-16  0.0000000E+00  1.7210496E-16  0.0000000E+00  0.0000000E+00
  sm152    152  -1.3794299E-11  9.6895336E-10  9.8274766E-10  2.4973024E-10  2.5329852E-10 -6.1615217E-03
  eu151    151  -1.4670154E-11  6.3360750E-10  6.4827765E-10  1.6330090E-10  1.6709047E-10 -9.9631008E-03
  eu152    152   1.5455826E-20  1.5455826E-20  0.0000000E+00  3.9834603E-21  0.0000000E+00  0.0000000E+00
  eu153    153  -1.6053658E-11  7.0098932E-10  7.1704298E-10  1.8066734E-10  1.8481443E-10 -9.8562138E-03
  eu154    154  -2.0084346E-19 -2.0084346E-19  0.0000000E+00 -5.1763777E-20  0.0000000E+00  0.0000000E+00
  eu155    155  -2.5176002E-19 -2.5176002E-19  0.0000000E+00 -6.4886600E-20  0.0000000E+00  0.0000000E+00
  gd152    152  -2.2817425E-13  9.2372872E-12  9.4654614E-12  2.3807440E-12  2.4396776E-12 -1.0619725E-02
  gd153    153   1.1783541E-27  1.1783541E-27  0.0000000E+00  3.0369951E-28  0.0000000E+00  0.0000000E+00
  gd154    154   2.5991154E-12  1.0713103E-10  1.0453191E-10  2.7611089E-11  2.6942601E-11  1.0643994E-02
  gd155    155  -1.6038559E-11  6.9823253E-10  7.1427109E-10  1.7995683E-10  1.8409997E-10 -9.8853959E-03
  gd156    156  -1.6414314E-11  9.7785391E-10  9.9426822E-10  2.5202421E-10  2.5626790E-10 -7.2519551E-03
  gd157    157  -1.5113188E-11  7.4990791E-10  7.6502110E-10  1.9327523E-10  1.9718054E-10 -8.6878408E-03
  gd158    158  -1.3457568E-11  1.2085541E-09  1.2220117E-09  3.1148301E-10  3.1496772E-10 -4.8316796E-03
  gd159    159   0.0000000E+00  0.0000000E+00  0.0000000E+00  0.0000000E+00  0.0000000E+00  0.0000000E+00
  gd160    160  -2.5112024E-11  1.0639128E-09  1.0890249E-09  2.7420433E-10  2.8069097E-10 -1.0154138E-02
  tb159    159  -1.9593382E-11  9.0226904E-10  9.2186242E-10  2.3254355E-10  2.3760566E-10 -9.3524829E-03
  tb160    160   7.0410027E-27  7.0410027E-27  0.0000000E+00  1.8146913E-27  0.0000000E+00  0.0000000E+00
  tb161    161   2.2270547E-33  2.2270547E-33  0.0000000E+00  5.7398315E-34  0.0000000E+00  0.0000000E+00
  dy160    160   2.9280467E-12  1.4242155E-10  1.3949350E-10  3.6706582E-11  3.5953782E-11  8.9993859E-03
  dy161    161  -2.5645597E-11  1.1127774E-09  1.1384230E-09  2.8679831E-10  2.9342309E-10 -9.9177053E-03
  dy162    162  -2.4717117E-11  1.5201821E-09  1.5448992E-09  3.9179951E-10  3.9819045E-10 -7.0269615E-03
  dy163    163  -3.2176484E-11  1.4869153E-09  1.5190917E-09  3.8322556E-10  3.9153866E-10 -9.3201892E-03
  dy164    164  -1.1621148E-11  1.7232842E-09  1.7349053E-09  4.4414539E-10  4.4716358E-10 -2.9412645E-03
  ho165    165  -2.8247071E-11  1.3230437E-09  1.3512907E-09  3.4099062E-10  3.4828876E-10 -9.1970144E-03
  er166    166  -1.8388402E-11  1.2653043E-09  1.2836927E-09  3.2610933E-10  3.3086567E-10 -6.2884870E-03
  er167    167  -1.6461832E-11  8.6504509E-10  8.8150692E-10  2.2294976E-10  2.2720421E-10 -8.2093878E-03
  er168    168  -3.5756953E-12  1.0425417E-09  1.0461174E-09  2.6869632E-10  2.6963179E-10 -1.5093904E-03
  er169    169   3.0481709E-32  3.0481709E-32  0.0000000E+00  7.8561101E-33  0.0000000E+00  0.0000000E+00
  er170    170  -3.8526959E-12  5.8119365E-10  5.8504634E-10  1.4979218E-10  1.5079291E-10 -2.8917757E-03
  tm169    169  -9.8341335E-12  6.0839606E-10  6.1823019E-10  1.5680310E-10  1.5934587E-10 -6.9861594E-03
  tm170    170   4.4300772E-25  4.4300772E-25  0.0000000E+00  1.1417724E-25  0.0000000E+00  0.0000000E+00
  tm171    171  -5.1736383E-20 -5.1736383E-20  0.0000000E+00 -1.3334119E-20  0.0000000E+00  0.0000000E+00
  yb170    170   4.4472620E-12  1.2137609E-10  1.1692883E-10  3.1282497E-11  3.0137847E-11  1.6189169E-02
  yb171    171  -2.1052049E-12  5.5402011E-10  5.5612531E-10  1.4278868E-10  1.4333865E-10 -1.6695105E-03
  yb172    172   9.5357611E-12  8.7066576E-10  8.6113000E-10  2.2439839E-10  2.2195215E-10  4.7603892E-03
  yb173    173  -1.8013924E-12  6.4108702E-10  6.4288841E-10  1.6522861E-10  1.6570142E-10 -1.2409844E-03
  yb174    174   3.2360115E-11  1.3187255E-09  1.2863653E-09  3.3987768E-10  3.3155453E-10  1.0767695E-02
  lu175    175  -6.1677885E-12  5.7443156E-10  5.8059935E-10  1.4804936E-10  1.4964671E-10 -4.6606297E-03
  lu176    176   5.9842738E-12  2.2931528E-11  1.6947254E-11  5.9101877E-12  4.3680740E-12  1.3131128E-01
  lu177    177   3.4991748E-34  3.4991748E-34  0.0000000E+00  9.0184914E-35  0.0000000E+00  0.0000000E+00
  hf176    176  -3.2593372E-12  1.2714250E-10  1.3040184E-10  3.2768687E-11  3.3610455E-11 -1.1015340E-02
  hf177    177  -4.8432092E-12  4.6385432E-10  4.6869753E-10  1.1955008E-10  1.2080456E-10 -4.5334590E-03
  hf178    178   1.5102530E-11  7.0659245E-10  6.9148992E-10  1.8211145E-10  1.7822825E-10  9.3606971E-03
  hf179    179   2.8324010E-12  3.5003372E-10  3.4720132E-10  9.0214877E-11  8.9489492E-11  3.5060940E-03
  hf180    180   4.1758652E-11  9.4091634E-10  8.9915769E-10  2.4250421E-10  2.3175362E-10  1.9692764E-02
  hf181    181   7.2965541E-29  7.2965541E-29  0.0000000E+00  1.8805552E-29  0.0000000E+00  0.0000000E+00
  hf182    182   3.0269776E-11  3.0269776E-11  0.0000000E+00  7.8014886E-12  0.0000000E+00  0.0000000E+00
  ta181    181   6.8791084E-12  3.8784784E-10  3.8096873E-10  9.9960783E-11  9.8192877E-11  7.7496627E-03
  ta182    182   2.7771860E-19  2.7771860E-19  0.0000000E+00  7.1576959E-20  0.0000000E+00  0.0000000E+00
  ta183    183   4.6330660E-36  4.6330660E-36  0.0000000E+00  1.1940892E-36  0.0000000E+00  0.0000000E+00
   w182    182   1.1740275E-11  6.0957700E-10  5.9783672E-10  1.5710747E-10  1.5408956E-10  8.4235957E-03
   w183    183   1.4276469E-11  3.3888334E-10  3.2460687E-10  8.7341065E-11  8.3665880E-11  1.8670112E-02
   w184    184   3.5938252E-11  7.3476364E-10  6.9882539E-10  1.8937206E-10  1.8011892E-10  2.1756576E-02
   w185    185   6.3299921E-27  6.3299921E-27  0.0000000E+00  1.6314412E-27  0.0000000E+00  0.0000000E+00
   w186    186   1.1320223E-11  6.6679023E-10  6.5547001E-10  1.7185314E-10  1.6894426E-10  7.4140341E-03
  re185    185   2.1805335E-12  3.3532957E-10  3.3314904E-10  8.6425145E-11  8.5867577E-11  2.8109010E-03
  re186    186   2.7966336E-35  2.7966336E-35  0.0000000E+00  7.2078187E-36  0.0000000E+00  0.0000000E+00
  re187    187  -1.0359658E-11  5.9717697E-10  6.0753663E-10  1.5391159E-10  1.5658967E-10 -7.4917870E-03
  os186    186   1.4606885E-11  1.9925678E-10  1.8464989E-10  5.1354837E-11  4.7592631E-11  3.3041645E-02
  os187    187   2.6964819E-12  1.5035179E-10  1.4765530E-10  3.8750458E-11  3.8057453E-11  7.8371270E-03
  os188    188   3.3958392E-12  1.5610607E-09  1.5576649E-09  4.0233522E-10  4.0148071E-10  9.2335395E-04
  os189    189  -3.9602988E-11  1.8696689E-09  1.9092719E-09  4.8187343E-10  4.9210569E-10 -9.1253947E-03
  os190    190  -3.6020742E-11  3.0853291E-09  3.1213498E-09  7.9518792E-10  8.0451312E-10 -5.0633689E-03
  os191    191   1.7596968E-30  1.7596968E-30  0.0000000E+00  4.5353008E-31  0.0000000E+00  0.0000000E+00
  os192    192  -1.1092371E-10  4.7878821E-09  4.8988058E-09  1.2339902E-09  1.2626439E-09 -9.9691404E-03
  ir191    191  -9.6398001E-11  4.0341601E-09  4.1305581E-09  1.0397320E-09  1.0646317E-09 -1.0278010E-02
  ir192    192   3.3048637E-26  3.3048637E-26  0.0000000E+00  8.5176894E-27  0.0000000E+00  0.0000000E+00
  ir193    193  -1.6633672E-10  6.8496804E-09  7.0160171E-09  1.7653815E-09  1.8083449E-09 -1.0442696E-02
  pt192    192   6.8250822E-12  1.8051050E-10  1.7368541E-10  4.6523323E-11  4.4766586E-11  1.6716752E-02
  pt193    193   3.8940958E-16  3.8940958E-16  0.0000000E+00  1.0036329E-16  0.0000000E+00  0.0000000E+00
  pt194    194  -1.4489787E-10  7.2536297E-09  7.3985276E-09  1.8694921E-09  1.9069353E-09 -8.6123180E-03
  pt195    195  -1.7573498E-10  7.4563049E-09  7.6320399E-09  1.9217281E-09  1.9671220E-09 -1.0139353E-02
  pt196    196  -6.0608407E-11  5.6626699E-09  5.7232783E-09  1.4594510E-09  1.4751477E-09 -4.6459772E-03
  au197    197  -5.9426464E-11  3.3898901E-09  3.4493166E-09  8.7368301E-10  8.8904500E-10 -7.5698551E-03
  hg198    198   7.5821738E-11  8.8609703E-10  8.1027529E-10  2.2837551E-10  2.0884458E-10  3.8826324E-02
  hg199    199   7.7595708E-12  1.3857003E-09  1.3779408E-09  3.5713926E-10  3.5515768E-10  2.4163991E-03
  hg200    200   9.5974118E-11  1.9922410E-09  1.8962669E-09  5.1346416E-10  4.8875376E-10  2.1420022E-02
  hg201    201   3.3469338E-11  1.1207976E-09  1.0873282E-09  2.8886535E-10  2.8025368E-10  1.3144117E-02
  hg202    202   1.7480972E-10  2.6505118E-09  2.4757021E-09  6.8312156E-10  6.3810046E-10  2.9608924E-02
  tl203    203   1.0882961E-10  1.0881540E-09  9.7932440E-10  2.8045205E-10  2.5241623E-10  4.5741342E-02
  tl204    204  -5.7103825E-17 -5.7103825E-17  0.0000000E+00 -1.4717480E-17  0.0000000E+00  0.0000000E+00
  tl205    205   2.1720670E-10  2.5780349E-09  2.3608282E-09  6.6444195E-10  6.0849220E-10  3.8202018E-02
  pb204    204   5.7510663E-11  1.2970934E-09  1.2395828E-09  3.3430242E-10  3.1949654E-10  1.9673368E-02
  pb205    205   8.0166316E-12  8.0166316E-12  0.0000000E+00  2.0661422E-12  0.0000000E+00  0.0000000E+00
  pb206    206   3.1260505E-10  1.1959778E-08  1.1647173E-08  3.0824170E-09  3.0020035E-09  1.1480178E-02
  pb207    207   1.9715518E-10  1.3148643E-08  1.2951488E-08  3.3888254E-09  3.3381844E-09  6.5388680E-03
  pb208    208   2.8482816E-10  3.7535042E-08  3.7250214E-08  9.6739798E-09  9.6010648E-09  3.2857738E-03
  bi209    209   1.2527535E-11  2.6032070E-09  2.5906794E-09  6.7092959E-10  6.6773526E-10  2.0726542E-03
  bi210    210   1.0704748E-35  1.0704748E-35  0.0000000E+00  2.7589555E-36  0.0000000E+00  0.0000000E+00
  po210    210   1.3229601E-11  1.3229601E-11  0.0000000E+00  3.4096907E-12  0.0000000E+00  0.0000000E+00
