  species    A      yield       mass(i)_lost    mass(i)_0        <X(i)>           X0(i)   log10(<X(i)>/X0(i)) 
      n      1   0.0000000E+00  0.0000000E+00  0.0000000E+00  0.0000000E+00  0.0000000E+00  0.0000000E+00
      p      1  -9.3519211E-02  2.1558721E+00  2.2493913E+00  6.7645812E-01  7.0584649E-01 -1.8469341E-02
      d      2   1.8170124E-17  1.8170124E-17  0.0000000E+00  5.7013254E-18  0.0000000E+00  0.0000000E+00
    he3      3   1.9833895E-04  1.9833895E-04  0.0000000E+00  6.2233747E-05  0.0000000E+00  0.0000000E+00
    he4      4   7.2724223E-02  9.6483421E-01  8.9210999E-01  3.0274057E-01  2.7993914E-01  3.4006964E-02
    li7      7  -2.1490781E-08  7.5027948E-09  2.8993576E-08  2.3541873E-09  9.0980219E-09 -5.8710605E-01
    be7      7   4.6624607E-14  4.6624607E-14  0.0000000E+00  1.4629623E-14  0.0000000E+00  0.0000000E+00
     b8      8   1.9440334E-25  1.9440334E-25  0.0000000E+00  6.0998854E-26  0.0000000E+00  0.0000000E+00
    c12     12   1.5518719E-02  2.3501446E-02  7.9827271E-03  7.3741595E-03  2.5049355E-03  4.6891603E-01
    c13     13   1.8467155E-04  2.8140654E-04  9.6734992E-05  8.8298257E-05  3.0354900E-05  4.6372333E-01
    c14     14   3.0786961E-08  3.0786961E-08  0.0000000E+00  9.6601696E-09  0.0000000E+00  0.0000000E+00
    n13     13   0.0000000E+00  0.0000000E+00  0.0000000E+00  0.0000000E+00  0.0000000E+00  0.0000000E+00
    n14     14   4.4156965E-03  6.7758625E-03  2.3601661E-03  2.1260942E-03  7.4060698E-04  4.5799476E-01
    n15     15  -4.0080522E-06  1.8053192E-06  5.8133714E-06  5.6646354E-07  1.8242035E-06 -5.0790137E-01
    o14     14   0.0000000E+00  0.0000000E+00  0.0000000E+00  0.0000000E+00  0.0000000E+00  0.0000000E+00
    o15     15   0.0000000E+00  0.0000000E+00  0.0000000E+00  0.0000000E+00  0.0000000E+00  0.0000000E+00
    o16     16  -1.1921413E-03  1.8084062E-02  1.9276204E-02  5.6743212E-03  6.0487650E-03 -2.7752806E-02
    o17     17   4.1627773E-05  4.9408947E-05  7.7811737E-06  1.5503278E-05  2.4416890E-06  8.0273318E-01
    o18     18  -1.5509293E-05  2.7862166E-05  4.3371459E-05  8.7424432E-06  1.3609721E-05 -1.9221643E-01
    o19     19   0.0000000E+00  0.0000000E+00  0.0000000E+00  0.0000000E+00  0.0000000E+00  0.0000000E+00
    f17     17   0.0000000E+00  0.0000000E+00  0.0000000E+00  0.0000000E+00  0.0000000E+00  0.0000000E+00
    f18     18   0.0000000E+00  0.0000000E+00  0.0000000E+00  0.0000000E+00  0.0000000E+00  0.0000000E+00
    f19     19   3.2031185E-06  4.4520980E-06  1.2489795E-06  1.3969558E-06  3.9192281E-07  5.5198210E-01
    f20     20   0.0000000E+00  0.0000000E+00  0.0000000E+00  0.0000000E+00  0.0000000E+00  0.0000000E+00
   ne19     19   0.0000000E+00  0.0000000E+00  0.0000000E+00  0.0000000E+00  0.0000000E+00  0.0000000E+00
   ne20     20  -4.0614977E-06  3.9500888E-03  3.9541502E-03  1.2394380E-03  1.2407904E-03 -4.7360899E-04
   ne21     21   2.2815420E-06  1.2234144E-05  9.9526023E-06  3.8387652E-06  3.1230711E-06  8.9609712E-02
   ne22     22   1.4868089E-03  1.8066354E-03  3.1982650E-04  5.6687649E-04  1.0035978E-04  7.5192875E-01
   ne23     23   0.0000000E+00  0.0000000E+00  0.0000000E+00  0.0000000E+00  0.0000000E+00  0.0000000E+00
   na21     21   0.0000000E+00  0.0000000E+00  0.0000000E+00  0.0000000E+00  0.0000000E+00  0.0000000E+00
   na22     22   3.5657041E-14  3.5657041E-14  0.0000000E+00  1.1188278E-14  0.0000000E+00  0.0000000E+00
   na23     23   4.9092763E-05  1.5613354E-04  1.0704077E-04  4.8990754E-05  3.3588796E-05  1.6391966E-01
   na24     24   0.0000000E+00  0.0000000E+00  0.0000000E+00  0.0000000E+00  0.0000000E+00  0.0000000E+00
   mg23     23   0.0000000E+00  0.0000000E+00  0.0000000E+00  0.0000000E+00  0.0000000E+00  0.0000000E+00
   mg24     24  -4.4152839E-05  1.8420480E-03  1.8862009E-03  5.7798804E-04  5.9187930E-04 -1.0314298E-02
   mg25     25   7.8598794E-05  3.2733817E-04  2.4873938E-04  1.0271044E-04  7.8053032E-05  1.1922481E-01
   mg26     26   3.4042867E-05  3.1885918E-04  2.8481631E-04  1.0004995E-04  8.9373774E-05  4.9006771E-02
   mg27     27   0.0000000E+00  0.0000000E+00  0.0000000E+00  0.0000000E+00  0.0000000E+00  0.0000000E+00
   al25     25   0.0000000E+00  0.0000000E+00  0.0000000E+00  0.0000000E+00  0.0000000E+00  0.0000000E+00
   al-6     26   0.0000000E+00  0.0000000E+00  0.0000000E+00  0.0000000E+00  0.0000000E+00  0.0000000E+00
   al*6     26   0.0000000E+00  0.0000000E+00  0.0000000E+00  0.0000000E+00  0.0000000E+00  0.0000000E+00
   al27     27   3.6515776E-05  2.1814012E-04  1.8162435E-04  6.8446854E-05  5.6992707E-05  7.9534248E-02
   al28     28   0.0000000E+00  0.0000000E+00  0.0000000E+00  0.0000000E+00  0.0000000E+00  0.0000000E+00
   si27     27   0.0000000E+00  0.0000000E+00  0.0000000E+00  0.0000000E+00  0.0000000E+00  0.0000000E+00
   si28     28   6.5448694E-06  2.0950634E-03  2.0885186E-03  6.5737794E-04  6.5536553E-04  1.3315501E-03
   si29     29   1.9538420E-06  1.1179552E-04  1.0984168E-04  3.5078607E-05  3.4467706E-05  7.6299305E-03
   si30     30   3.7192804E-06  7.8622114E-05  7.4902833E-05  2.4669631E-05  2.3504090E-05  2.1019187E-02
    p31     31   5.4373049E-07  2.1396898E-05  2.0853167E-05  6.7138053E-06  6.5436075E-06  1.1151508E-02
    p32     32   5.1157725E-34  5.1157725E-34  0.0000000E+00  1.6052000E-34  0.0000000E+00  0.0000000E+00
    p33     33   4.9040013E-34  4.9040013E-34  0.0000000E+00  1.5387515E-34  0.0000000E+00  0.0000000E+00
    s32     32  -3.5539269E-06  9.9728128E-04  1.0008352E-03  3.1292165E-04  3.1405652E-04 -1.5722051E-03
    s33     33   3.6090751E-07  8.6238751E-06  8.2629676E-06  2.7059539E-06  2.5928732E-06  1.8539116E-02
    s34     34   9.6594886E-07  4.9021175E-05  4.8055226E-05  1.5381605E-05  1.5079462E-05  8.6157965E-03
    s35     35   8.5453584E-29  8.5453584E-29  0.0000000E+00  2.6813173E-29  0.0000000E+00  0.0000000E+00
    s36     36   7.5027245E-08  3.1223803E-07  2.3721078E-07  9.7972396E-08  7.4435420E-08  1.1932410E-01
   cl35     35  -6.6078428E-08  1.0200658E-05  1.0266736E-05  3.2007085E-06  3.2216446E-06 -2.8315058E-03
   cl36     36   0.0000000E+00  0.0000000E+00  0.0000000E+00  0.0000000E+00  0.0000000E+00  0.0000000E+00
   cl37     37   5.7793932E-07  4.0467339E-06  3.4687946E-06  1.2697627E-06  1.0884884E-06  6.6898763E-02
   ar36     36  -1.4409889E-06  1.8974073E-04  1.9118172E-04  5.9535843E-05  5.9991758E-05 -3.3131184E-03
   ar37     37   3.0422357E-29  3.0422357E-29  0.0000000E+00  9.5457657E-30  0.0000000E+00  0.0000000E+00
   ar38     38   6.0164530E-07  3.7293747E-05  3.6692101E-05  1.1701834E-05  1.1513776E-05  7.0361733E-03
   ar39     39   1.5689991E-10  1.5689991E-10  0.0000000E+00  4.9231223E-11  0.0000000E+00  0.0000000E+00
   ar40     40   4.4012118E-08  1.0578563E-07  6.1773513E-08  3.3192855E-08  1.9384185E-08  2.3359710E-01
    k39     39   4.9699338E-08  1.0003152E-05  9.9534527E-06  3.1387360E-06  3.1233380E-06  2.1358198E-03
    k40     40  -1.6112753E-09  0.0000000E+00  1.6112753E-09  0.0000000E+00  5.0560922E-10  0.0000000E+00
    k41     41   7.5961907E-08  8.3109705E-07  7.5513515E-07  2.6077723E-07  2.3695719E-07  4.1599732E-02
   ca40     40  -8.9062087E-07  1.7143955E-04  1.7233017E-04  5.3793392E-05  5.4076245E-05 -2.2776111E-03
   ca41     41   0.0000000E+00  0.0000000E+00  0.0000000E+00  0.0000000E+00  0.0000000E+00  0.0000000E+00
   ca42     42   5.6641397E-08  1.2643487E-06  1.2077073E-06  3.9672065E-07  3.7897183E-07  1.9877866E-02
   ca43     43   1.3161753E-08  2.7115135E-07  2.5798960E-07  8.5080437E-08  8.0955701E-08  2.1582274E-02
   ca44     44   1.7598722E-09  4.0809709E-06  4.0792111E-06  1.2805054E-06  1.2800336E-06  1.6004934E-04
   ca45     45   2.1304112E-24  2.1304112E-24  0.0000000E+00  6.6846914E-25  0.0000000E+00  0.0000000E+00
   ca46     46   1.6144863E-08  2.4322524E-08  8.1776603E-09  7.6317930E-09  2.5661042E-09  4.7335231E-01
   ca47     47   0.0000000E+00  0.0000000E+00  0.0000000E+00  0.0000000E+00  0.0000000E+00  0.0000000E+00
   ca48     48  -3.5640824E-10  3.9856968E-07  3.9892609E-07  1.2506108E-07  1.2518078E-07 -4.1546137E-04
   sc45     45   1.7279561E-08  1.3236510E-07  1.1508554E-07  4.1532822E-08  3.6113200E-08  6.0725473E-02
   sc46     46   3.0259851E-31  3.0259851E-31  0.0000000E+00  9.4947759E-32  0.0000000E+00  0.0000000E+00
   sc47     47   0.0000000E+00  0.0000000E+00  0.0000000E+00  0.0000000E+00  0.0000000E+00  0.0000000E+00
   sc48     48  -6.4663098E-32  7.2520386E-29  7.2585050E-29  2.2755062E-29  2.2776783E-29  0.0000000E+00
   ti46     46  -6.0019261E-09  6.9710944E-07  7.0311137E-07  2.1873531E-07  2.2063243E-07 -3.7504314E-03
   ti47     47  -7.9141387E-09  6.3995139E-07  6.4786553E-07  2.0080056E-07  2.0329659E-07 -5.3652031E-03
   ti48     48  -9.7164047E-08  6.4587739E-06  6.5559379E-06  2.0266000E-06  2.0572168E-06 -6.5120207E-03
   ti49     49   6.8036513E-08  5.5917207E-07  4.9113555E-07  1.7545405E-07  1.5411560E-07  5.6316793E-02
   ti50     50   6.7535211E-08  5.4739479E-07  4.7985958E-07  1.7175864E-07  1.5057726E-07  5.7159226E-02
    v51     51  -1.5906039E-08  1.0416209E-06  1.0575269E-06  3.2683428E-07  3.3184605E-07 -6.6090468E-03
   cr52     52  -2.8334762E-07  4.3067845E-05  4.3351192E-05  1.3513601E-05  1.3603363E-05 -2.8752026E-03
   cr53     53  -1.1118573E-08  4.9990667E-06  5.0101853E-06  1.5685807E-06  1.5721682E-06 -9.9215086E-04
   cr54     54   2.6269583E-07  1.5333695E-06  1.2706737E-06  4.8113259E-07  3.9873032E-07  8.1585534E-02
   mn55     55   4.8632501E-07  3.8346039E-05  3.7859714E-05  1.2032017E-05  1.1880167E-05  5.5159139E-03
   fe54     54  -4.1740132E-06  2.4528094E-04  2.4945496E-04  7.6962955E-05  7.8277582E-05 -7.3556760E-03
   fe55     55  -3.7085932E-15 -3.7085932E-15  0.0000000E+00 -1.1636628E-15  0.0000000E+00  0.0000000E+00
   fe56     56  -3.2716431E-05  4.0281685E-03  4.0608849E-03  1.2639373E-03  1.2742830E-03 -3.5403711E-03
   fe57     57   1.2356788E-05  1.0781546E-04  9.5458672E-05  3.3829765E-05  2.9954399E-05  5.2838393E-02
   fe58     58   1.7513266E-05  3.0439991E-05  1.2926725E-05  9.5512996E-06  4.0563341E-06  3.7192875E-01
   fe59     59   1.5497894E-29  1.5497894E-29  0.0000000E+00  4.8628471E-30  0.0000000E+00  0.0000000E+00
   fe60     60   0.0000000E+00  0.0000000E+00  0.0000000E+00  0.0000000E+00  0.0000000E+00  0.0000000E+00
   co59     59   4.1121475E-06  1.4081308E-05  9.9691606E-06  4.4183585E-06  3.1282668E-06  1.4995712E-01
   co60     60   2.0518999E-12  2.0518999E-12  0.0000000E+00  6.4383427E-13  0.0000000E+00  0.0000000E+00
   ni58     58  -2.5425688E-06  1.4009638E-04  1.4263895E-04  4.3958702E-05  4.4759308E-05 -7.8385118E-03
   ni59     59   0.0000000E+00  0.0000000E+00  0.0000000E+00  0.0000000E+00  0.0000000E+00  0.0000000E+00
   ni60     60   2.0336447E-06  5.8873156E-05  5.6839512E-05  1.8472907E-05  1.7835922E-05  1.5239660E-02
   ni61     61   9.5763744E-07  3.4696441E-06  2.5120066E-06  1.0886865E-06  7.8825360E-07  1.4023687E-01
   ni62     62   1.4328962E-06  9.5732657E-06  8.1403696E-06  3.0038486E-06  2.5544027E-06  7.0388660E-02
   ni63     63   0.0000000E+00  0.0000000E+00  0.0000000E+00  0.0000000E+00  0.0000000E+00  0.0000000E+00
   ni64     64   5.8139290E-07  2.7214373E-06  2.1400444E-06  8.5391821E-07  6.7153400E-07  1.0434829E-01
   cu63     63   5.6942235E-07  2.3357400E-06  1.7663176E-06  7.3289613E-07  5.5426062E-07  1.2132843E-01
   cu64     64   0.0000000E+00  0.0000000E+00  0.0000000E+00  0.0000000E+00  0.0000000E+00  0.0000000E+00
   cu65     65   1.0349061E-07  9.1574555E-07  8.1225494E-07  2.8733780E-07  2.5488109E-07  5.2055132E-02
   zn64     64  -4.4259878E-08  2.9819812E-06  3.0262411E-06  9.3567024E-07  9.4961757E-07 -6.4259195E-03
   zn65     65  -2.0683049E-22 -2.0683049E-22  0.0000000E+00 -6.4898179E-23  0.0000000E+00  0.0000000E+00
   zn66     66   9.3140443E-08  1.8835744E-06  1.7904340E-06  5.9101802E-07  5.6182824E-07  2.1997107E-02
   zn67     67   2.3570237E-08  2.9066285E-07  2.6709262E-07  9.1202651E-08  8.3812175E-08  3.6700338E-02
   zn68     68   1.2317378E-07  1.3628753E-06  1.2397015E-06  4.2763580E-07  3.8901143E-07  4.1111670E-02
   zn69     69   0.0000000E+00  0.0000000E+00  0.0000000E+00  0.0000000E+00  0.0000000E+00  0.0000000E+00
   zn70     70   8.6430418E-11  4.2285464E-08  4.2199034E-08  1.3268109E-08  1.3241821E-08  8.6130342E-04
   ga69     69   1.8117767E-08  1.3177358E-07  1.1365581E-07  4.1347214E-08  3.5664559E-08  6.4209402E-02
   ga70     70   0.0000000E+00  0.0000000E+00  0.0000000E+00  0.0000000E+00  0.0000000E+00  0.0000000E+00
   ga71     71   1.4496749E-08  9.2112899E-08  7.7616150E-08  2.8902697E-08  2.4355515E-08  7.4341074E-02
   ge70     70   2.7214000E-08  1.5363045E-07  1.2641645E-07  4.8205351E-08  3.9668777E-08  8.4646426E-02
   ge71     71   2.2392761E-34  2.2392761E-34  0.0000000E+00  7.0262822E-35  0.0000000E+00  0.0000000E+00
   ge72     72   2.4755806E-08  1.9658765E-07  1.7183184E-07  6.1684233E-08  5.3919877E-08  5.8425277E-02
   ge73     73   7.5252053E-09  5.6426373E-08  4.8901168E-08  1.7705169E-08  1.5344913E-08  6.2135611E-02
   ge74     74   3.3452153E-08  2.6610482E-07  2.3265267E-07  8.3496964E-08  7.3005104E-08  5.8317464E-02
   as75     75   2.7632829E-09  3.6872152E-08  3.4108869E-08  1.1569549E-08  1.0703173E-08  3.3803891E-02
   se76     76   1.1846861E-08  4.7357297E-08  3.5510435E-08  1.4859522E-08  1.1142977E-08  1.2500355E-01
   se77     77   4.3282249E-09  3.3625561E-08  2.9297336E-08  1.0550851E-08  9.1933412E-09  5.9814062E-02
   se78     78   3.0729723E-08  1.2318526E-07  9.2455537E-08  3.8652420E-08  2.9012032E-08  1.2459852E-01
   se79     79   0.0000000E+00  0.0000000E+00  0.0000000E+00  0.0000000E+00  0.0000000E+00  0.0000000E+00
   se80     80   3.8307931E-08  2.3621872E-07  1.9791079E-07  7.4119463E-08  6.2103297E-08  7.6817580E-02
   br79     79   6.6086798E-09  3.8257745E-08  3.1649066E-08  1.2004313E-08  9.9313002E-09  8.2331225E-02
   br80     80   0.0000000E+00  0.0000000E+00  0.0000000E+00  0.0000000E+00  0.0000000E+00  0.0000000E+00
   br81     81   5.0627236E-09  3.6630418E-08  3.1567694E-08  1.1493698E-08  9.9057660E-09  6.4571686E-02
   kr80     80  -1.4258017E-10  7.3998274E-09  7.5424076E-09  2.3218787E-09  2.3667655E-09 -8.3157122E-03
   kr81     81   0.0000000E+00  0.0000000E+00  0.0000000E+00  0.0000000E+00  0.0000000E+00  0.0000000E+00
   kr82     82   2.0570187E-08  5.9307325E-08  3.8737138E-08  1.8609139E-08  1.2155497E-08  1.8495357E-01
   kr83     83   6.7000236E-09  4.5544624E-08  3.8844600E-08  1.4290751E-08  1.2189219E-08  6.9079161E-02
   kr84     84   5.0955606E-08  2.4469782E-07  1.9374221E-07  7.6779983E-08  6.0795223E-08  1.0137856E-01
   kr-5     85  -1.7669065E-14 -1.7669065E-14  0.0000000E+00 -5.5441055E-15  0.0000000E+00  0.0000000E+00
   kr*5     85   0.0000000E+00  0.0000000E+00  0.0000000E+00  0.0000000E+00  0.0000000E+00  0.0000000E+00
   kr86     86   7.8228673E-08  1.3821389E-07  5.9985219E-08  4.3368022E-08  1.8823028E-08  3.6248013E-01
   rb85     85   1.5997436E-08  4.7442242E-08  3.1444806E-08  1.4886176E-08  9.8672048E-09  1.7858902E-01
   rb86     86   7.2272691E-33  7.2272691E-33  0.0000000E+00  2.2677343E-33  0.0000000E+00  0.0000000E+00
   rb87     87   1.7420493E-08  3.0665525E-08  1.3245032E-08  9.6220658E-09  4.1562171E-09  3.6457011E-01
   sr86     86   1.2691296E-08  2.7364550E-08  1.4673254E-08  8.5863032E-09  4.6043849E-09  2.7063459E-01
   sr87     87   7.6954381E-09  1.8069047E-08  1.0373609E-08  5.6696097E-09  3.2551806E-09  2.4097811E-01
   sr88     88   2.0040738E-07  3.2620713E-07  1.2579974E-07  1.0235554E-07  3.9475257E-08  4.1378647E-01
   sr89     89   7.3329736E-32  7.3329736E-32  0.0000000E+00  2.3009016E-32  0.0000000E+00  0.0000000E+00
   sr90     90   8.9758089E-14  8.9758089E-14  0.0000000E+00  2.8163818E-14  0.0000000E+00  0.0000000E+00
    y89     89   6.0292862E-08  9.0299558E-08  3.0006692E-08  2.8333718E-08  9.4159329E-09  4.7844023E-01
    y90     90   2.2699126E-17  2.2699126E-17  0.0000000E+00  7.1224114E-18  0.0000000E+00  0.0000000E+00
    y91     91   4.6585602E-33  4.6585602E-33  0.0000000E+00  1.4617383E-33  0.0000000E+00  0.0000000E+00
   zr90     90   6.0506302E-08  9.6269716E-08  3.5763414E-08  3.0207001E-08  1.1222361E-08  4.3002340E-01
   zr91     91   1.8080113E-08  2.5965786E-08  7.8856726E-09  8.1474072E-09  2.4744802E-09  5.1753545E-01
   zr92     92   3.1089449E-08  4.3275406E-08  1.2185955E-08  1.3578727E-08  3.8238848E-09  5.5035430E-01
   zr93     93   0.0000000E+00  0.0000000E+00  0.0000000E+00  0.0000000E+00  0.0000000E+00  0.0000000E+00
   zr94     94   3.8325119E-08  5.0943104E-08  1.2617984E-08  1.5984657E-08  3.9594532E-09  6.0606813E-01
   zr95     95   2.2998707E-31  2.2998707E-31  0.0000000E+00  7.2164127E-32  0.0000000E+00  0.0000000E+00
   zr96     96   8.5015479E-09  1.0577615E-08  2.0760675E-09  3.3189882E-09  6.5145839E-10  7.0711911E-01
   nb93     93   1.1419916E-08  1.6868723E-08  5.4488076E-09  5.2929785E-09  1.7098053E-09  4.9075353E-01
   nb94     94   5.1984716E-15  5.1984716E-15  0.0000000E+00  1.6311489E-15  0.0000000E+00  0.0000000E+00
   nb95     95   2.5243135E-31  2.5243135E-31  0.0000000E+00  7.9206573E-32  0.0000000E+00  0.0000000E+00
   mo94     94  -3.1548875E-11  1.6761363E-09  1.7076852E-09  5.2592919E-10  5.3586208E-10 -8.1257448E-03
   mo95     95   7.5495254E-09  1.0536525E-08  2.9869993E-09  3.3060950E-09  9.3730379E-10  5.4743493E-01
   mo96     96   1.1345298E-08  1.4522637E-08  3.1773388E-09  4.5568362E-09  9.9703124E-10  6.5995467E-01
   mo97     97   3.2113681E-09  5.0598103E-09  1.8484423E-09  1.5876405E-09  5.8003086E-10  4.3730104E-01
   mo98     98   8.4578033E-09  1.3203204E-08  4.7454005E-09  4.1428314E-09  1.4890802E-09  4.4437918E-01
   tc99     99   0.0000000E+00  0.0000000E+00  0.0000000E+00  0.0000000E+00  0.0000000E+00  0.0000000E+00
   ru99     99   1.0112599E-09  2.6681537E-09  1.6568938E-09  8.3719914E-10  5.1992405E-10  2.0688891E-01
  ru100    100   3.8755674E-09  5.5282015E-09  1.6526338E-09  1.7346098E-09  5.1858728E-10  5.2437991E-01
  ru101    101   7.7568396E-10  3.0356953E-09  2.2600113E-09  9.5252439E-10  7.0917894E-10  1.2812024E-01
  ru102    102   5.4807230E-09  9.7016013E-09  4.2208783E-09  3.0441172E-09  1.3244881E-09  3.6141336E-01
  rh103    103   8.6082408E-10  3.5563719E-09  2.6955478E-09  1.1158995E-09  8.4584784E-10  1.2033282E-01
  pd104    104   3.1555545E-09  4.3351456E-09  1.1795912E-09  1.3602590E-09  3.7014913E-10  5.6524491E-01
  pd105    105   7.3889739E-10  3.1260834E-09  2.3871860E-09  9.8088593E-10  7.4908568E-10  1.1708699E-01
  pd106    106   3.7892516E-09  6.7387935E-09  2.9495417E-09  2.1144630E-09  9.2554975E-10  3.5880032E-01
  pd107    107   0.0000000E+00  0.0000000E+00  0.0000000E+00  0.0000000E+00  0.0000000E+00  0.0000000E+00
  pd108    108   5.0624127E-09  7.9719467E-09  2.9095339E-09  2.5013953E-09  9.1299551E-10  4.3771368E-01
  ag107    107   7.0694095E-10  2.7107281E-09  2.0037871E-09  8.5055790E-10  6.2877720E-10  1.3120708E-01
  ag108    108   0.0000000E+00  0.0000000E+00  0.0000000E+00  0.0000000E+00  0.0000000E+00  0.0000000E+00
  ag109    109   1.2270709E-09  3.1234588E-09  1.8963879E-09  9.8006236E-10  5.9507599E-10  2.1668127E-01
  cd108    108   1.0148896E-12  1.1337716E-10  1.1236227E-10  3.5574887E-11  3.5258654E-11  3.8778014E-03
  cd109    109  -5.7456960E-25 -5.7456960E-25  0.0000000E+00 -1.8028541E-25  0.0000000E+00  0.0000000E+00
  cd110    110   4.5915440E-09  6.1976158E-09  1.6060719E-09  1.9446551E-09  5.0397642E-10  5.8643240E-01
  cd111    111   1.4826663E-09  3.1435499E-09  1.6608835E-09  9.8636643E-10  5.2117599E-10  2.7705392E-01
  cd112    112   6.0095520E-09  9.1687991E-09  3.1592469E-09  2.8769371E-09  9.9135400E-10  4.6270162E-01
  cd113    113   1.7471541E-09  3.3613490E-09  1.6141949E-09  1.0547063E-09  5.0652538E-10  3.1853032E-01
  cd114    114   9.0787893E-09  1.2907451E-08  3.8286618E-09  4.0500319E-09  1.2014127E-09  5.2776623E-01
  in115    115   1.7145970E-09  3.1582588E-09  1.4436617E-09  9.9098174E-10  4.5301299E-10  3.3995497E-01
  sn116    116   1.3153786E-08  1.7670526E-08  4.5167403E-09  5.5445644E-09  1.4173279E-09  5.9239709E-01
  sn117    117   3.8210768E-09  6.2274106E-09  2.4063340E-09  1.9540038E-09  7.5509421E-10  4.1292423E-01
  sn118    118   1.9106297E-08  2.6443921E-08  7.3376238E-09  8.2974339E-09  2.3025055E-09  5.5674314E-01
  sn119    119   5.4877343E-09  8.2252116E-09  2.7374774E-09  2.5808633E-09  8.5900514E-10  4.7776926E-01
  sn120    120   3.0860924E-08  4.1330729E-08  1.0469803E-08  1.2968537E-08  3.2853658E-09  5.9630734E-01
  sb121    121   2.1784707E-09  3.7930628E-09  1.6145919E-09  1.1901672E-09  5.0664994E-10  3.7089995E-01
  te122    122   3.8905492E-09  4.9638027E-09  1.0732536E-09  1.5575158E-09  3.3678099E-10  6.6508490E-01
  te123    123   1.4210123E-09  1.7986739E-09  3.7766157E-10  5.6437838E-10  1.1850811E-10  6.7782229E-01
  te124    124   7.4636111E-09  9.4913455E-09  2.0277342E-09  2.9781442E-09  6.3629169E-10  6.7028952E-01
  te125    125   2.4365447E-09  5.4854103E-09  3.0488656E-09  1.7211830E-09  9.5671704E-10  2.5504354E-01
  te126    126   1.4152633E-08  2.2342203E-08  8.1895699E-09  7.0104180E-09  2.5698412E-09  4.3583766E-01
   i127    127   1.6140884E-09  1.1884953E-08  1.0270865E-08  3.7291978E-09  3.2229404E-09  6.3363142E-02
   i128    128   0.0000000E+00  0.0000000E+00  0.0000000E+00  0.0000000E+00  0.0000000E+00  0.0000000E+00
   i129    129   5.3554947E-12  5.3554947E-12  0.0000000E+00  1.6804187E-12  0.0000000E+00  0.0000000E+00
  xe128    128   4.5372812E-09  5.6466378E-09  1.1093566E-09  1.7717721E-09  3.4810993E-10  7.0669144E-01
  xe129    129   1.4139578E-09  1.5340547E-08  1.3926589E-08  4.8134754E-09  4.3700856E-09  4.1968815E-02
  xe130    130   9.2672723E-09  1.1520611E-08  2.2533391E-09  3.6148764E-09  7.0708528E-10  7.0862168E-01
  xe131    131   3.3034926E-09  1.4559815E-08  1.1256322E-08  4.5685016E-09  3.5321712E-09  1.1173199E-01
  xe132    132   1.8466274E-08  3.2329396E-08  1.3863121E-08  1.0144147E-08  4.3501704E-09  3.6770925E-01
  xe133    133   3.5249775E-38  3.5249775E-38  0.0000000E+00  0.0000000E+00  0.0000000E+00  0.0000000E+00
  xe134    134   5.9175873E-09  1.1113854E-08  5.1962665E-09  3.4872463E-09  1.6305596E-09  3.3014596E-01
  cs133    133   2.4695299E-09  6.1142229E-09  3.6446930E-09  1.9184885E-09  1.1436843E-09  2.2465304E-01
  cs134    134  -9.4061026E-21 -9.4061026E-21  0.0000000E+00 -2.9513970E-21  0.0000000E+00  0.0000000E+00
  cs135    135   0.0000000E+00  0.0000000E+00  0.0000000E+00  0.0000000E+00  0.0000000E+00  0.0000000E+00
  cs136    136   3.1611020E-35  3.1611020E-35  0.0000000E+00  9.9187387E-36  0.0000000E+00  0.0000000E+00
  cs137    137   0.0000000E+00  0.0000000E+00  0.0000000E+00  0.0000000E+00  0.0000000E+00  0.0000000E+00
  ba134    134   5.9352137E-09  7.0525541E-09  1.1173403E-09  2.2129132E-09  3.5061518E-10  8.0013371E-01
  ba135    135   4.6556652E-09  7.7258075E-09  3.0701426E-09  2.4241631E-09  9.6339359E-10  4.0075806E-01
  ba136    136   1.6773825E-08  2.0458828E-08  3.6850030E-09  6.4194627E-09  1.1563334E-09  7.4441564E-01
  ba137    137   1.7444956E-08  2.2753628E-08  5.3086726E-09  7.1395130E-09  1.6658319E-09  6.3203746E-01
  ba138    138   1.4544555E-07  1.7958033E-07  3.4134775E-08  5.6347762E-08  1.0711301E-08  7.2103447E-01
  la139    139   1.6268684E-08  2.0950694E-08  4.6820099E-09  6.5737975E-09  1.4691887E-09  6.5073884E-01
  ce140    140   3.7463970E-08  4.8194714E-08  1.0730745E-08  1.5122282E-08  3.3672480E-09  6.5234220E-01
  ce141    141   4.0482402E-33  4.0482402E-33  0.0000000E+00  1.2702353E-33  0.0000000E+00  0.0000000E+00
  ce142    142   2.2002837E-09  3.5679260E-09  1.3676422E-09  1.1195249E-09  4.2915851E-10  4.1641602E-01
  pr141    141   3.6284931E-09  5.4778839E-09  1.8493910E-09  1.7188214E-09  5.8032856E-10  4.7155681E-01
  nd142    142   7.8340019E-09  1.0300997E-08  2.4669951E-09  3.2321925E-09  7.7412932E-10  6.2068373E-01
  nd143    143   1.2703814E-09  2.3748792E-09  1.1044978E-09  7.4517703E-10  3.4658523E-10  3.3244944E-01
  nd144    144   3.7670853E-09  5.9621650E-09  2.1950799E-09  1.8707766E-09  6.8880385E-10  4.3392640E-01
  nd145    145   6.9451012E-10  1.5107924E-09  8.1628226E-10  4.7404841E-10  2.5614483E-10  2.6733711E-01
  nd146    146   3.3323238E-09  4.9389799E-09  1.6066563E-09  1.5497270E-09  5.0415977E-10  4.8768705E-01
  nd147    147   5.4539785E-36  5.4539785E-36  0.0000000E+00  1.7113206E-36  0.0000000E+00  0.0000000E+00
  nd148    148   4.5222193E-10  9.9567621E-10  5.4345428E-10  3.1241801E-10  1.7053293E-10  2.6292780E-01
  pm147    147  -1.3445247E-18 -1.3445247E-18  0.0000000E+00 -4.2187783E-19  0.0000000E+00  0.0000000E+00
  pm148    148   0.0000000E+00  0.0000000E+00  0.0000000E+00  0.0000000E+00  0.0000000E+00  0.0000000E+00
  sm147    147   3.8568407E-10  8.2313489E-10  4.3745083E-10  2.5827890E-10  1.3726963E-10  2.7451444E-01
  sm148    148   8.3387530E-10  1.1641210E-09  3.3024572E-10  3.6527173E-10  1.0362927E-10  5.4713362E-01
  sm149    149   1.4225124E-10  5.5104593E-10  4.0879469E-10  1.7290427E-10  1.2827750E-10  1.2965523E-01
  sm150    150   7.1792267E-10  9.3768759E-10  2.1976493E-10  2.9422265E-10  6.8961011E-11  6.3007253E-01
  sm151    151   8.6077555E-15  8.6077555E-15  0.0000000E+00  2.7008958E-15  0.0000000E+00  0.0000000E+00
  sm152    152   6.1400929E-10  1.4212210E-09  8.0721174E-10  4.4594320E-10  2.5329852E-10  2.4564688E-01
  eu151    151   9.4367625E-11  6.2685146E-10  5.3248383E-10  1.9669014E-10  1.6709047E-10  7.0830889E-02
  eu152    152  -1.2360604E-18 -1.2360604E-18  0.0000000E+00 -3.8784449E-19  0.0000000E+00  0.0000000E+00
  eu153    153   1.0653894E-10  6.9550549E-10  5.8896654E-10  2.1823203E-10  1.8481443E-10  7.2182603E-02
  eu154    154  -1.1753944E-18 -1.1753944E-18  0.0000000E+00 -3.6880902E-19  0.0000000E+00  0.0000000E+00
  eu155    155  -9.2247947E-19 -9.2247947E-19  0.0000000E+00 -2.8945074E-19  0.0000000E+00  0.0000000E+00
  gd152    152   3.6344712E-13  8.1382106E-12  7.7747635E-12  2.5535646E-12  2.4396776E-12  1.9814361E-02
  gd153    153  -6.7155541E-31 -6.7155541E-31  0.0000000E+00 -2.1071710E-31  0.0000000E+00  0.0000000E+00
  gd154    154   2.8330582E-10  3.6916650E-10  8.5860680E-11  1.1583511E-10  2.6942601E-11  6.3340074E-01
  gd155    155   1.0005513E-10  6.8674488E-10  5.8668975E-10  2.1548317E-10  1.8409997E-10  6.8359621E-02
  gd156    156   4.3974407E-10  1.2564185E-09  8.1667445E-10  3.9423234E-10  2.5626790E-10  1.8705806E-01
  gd157    157   2.0501362E-10  8.3338852E-10  6.2837491E-10  2.6149624E-10  1.9718054E-10  1.2260141E-01
  gd158    158   8.4250340E-10  1.8462425E-09  1.0037391E-09  5.7930422E-10  3.1496772E-10  2.6464063E-01
  gd159    159   0.0000000E+00  0.0000000E+00  0.0000000E+00  0.0000000E+00  0.0000000E+00  0.0000000E+00
  gd160    160   4.5772386E-11  9.4027830E-10  8.9450591E-10  2.9503555E-10  2.8069097E-10  2.1645864E-02
  tb159    159   1.6811685E-10  9.2531849E-10  7.5720163E-10  2.9034153E-10  2.3760566E-10  8.7052353E-02
  tb160    160   2.2611104E-31  2.2611104E-31  0.0000000E+00  7.0947925E-32  0.0000000E+00  0.0000000E+00
  tb161    161   5.4160544E-38  5.4160544E-38  0.0000000E+00  1.6994209E-38  0.0000000E+00  0.0000000E+00
  dy160    160   3.0812353E-10  4.2270104E-10  1.1457751E-10  1.3263289E-10  3.5953782E-11  5.6690669E-01
  dy161    161   1.2556267E-10  1.0606434E-09  9.3508068E-10  3.3280306E-10  2.9342309E-10  5.4692969E-02
  dy162    162   6.1197936E-10  1.8809325E-09  1.2689532E-09  5.9018906E-10  3.9819045E-10  1.7090033E-01
  dy163    163   2.4703006E-10  1.4947854E-09  1.2477553E-09  4.6902587E-10  3.9153866E-10  7.8422144E-02
  dy164    164   1.2788584E-09  2.7038791E-09  1.4250208E-09  8.4840890E-10  4.4716358E-10  2.7813885E-01
  ho165    165   2.1757007E-10  1.3274967E-09  1.1099266E-09  4.1653486E-10  3.4828876E-10  7.7711917E-02
  er166    166   5.2023708E-10  1.5746398E-09  1.0544027E-09  4.9408211E-10  3.3086567E-10  1.7414746E-01
  er167    167   2.0489671E-10  9.2895103E-10  7.2405432E-10  2.9148134E-10  2.2720421E-10  1.0819437E-01
  er168    168   8.1175328E-10  1.6710158E-09  8.5926249E-10  5.2432247E-10  2.6963179E-10  2.8882736E-01
  er169    169   1.9819883E-36  1.9819883E-36  0.0000000E+00  6.2189778E-37  0.0000000E+00  0.0000000E+00
  er170    170   2.8455033E-10  7.6509715E-10  4.8054682E-10  2.4006813E-10  1.5079291E-10  2.0195358E-01
  tm169    169   1.9483248E-10  7.0263589E-10  5.0780341E-10  2.2046936E-10  1.5934587E-10  1.4100745E-01
  tm170    170  -1.7111459E-28 -1.7111459E-28  0.0000000E+00 -5.3691430E-29  0.0000000E+00  0.0000000E+00
  tm171    171  -2.0171099E-19 -2.0171099E-19  0.0000000E+00 -6.3291809E-20  0.0000000E+00  0.0000000E+00
  yb170    170   2.6865946E-10  3.6470274E-10  9.6043284E-11  1.1443450E-10  3.0137847E-11  5.7944477E-01
  yb171    171   3.7498116E-10  8.3177276E-10  4.5679160E-10  2.6098926E-10  1.4333865E-10  2.6025933E-01
  yb172    172   9.6613539E-10  1.6734525E-09  7.0731709E-10  5.2508708E-10  2.2195215E-10  3.7397200E-01
  yb173    173   4.2666237E-10  9.5471964E-10  5.2805726E-10  2.9956687E-10  1.6570142E-10  2.5716758E-01
  yb174    174   1.8373996E-09  2.8939975E-09  1.0565979E-09  9.0806318E-10  3.3155453E-10  4.3756112E-01
  lu175    175   2.3119345E-10  7.0808759E-10  4.7689414E-10  2.2217997E-10  1.4964671E-10  1.7163773E-01
  lu176    176   1.8072988E-10  1.9465005E-10  1.3920178E-11  6.1076262E-11  4.3680740E-12  1.1455826E+00
  lu177    177   6.3239445E-38  6.3239445E-38  0.0000000E+00  1.9842938E-38  0.0000000E+00  0.0000000E+00
  hf176    176  -2.7945007E-12  1.0431529E-10  1.0710979E-10  3.2731498E-11  3.3610455E-11 -1.1508537E-02
  hf177    177   1.8494331E-10  5.6992322E-10  3.8497991E-10  1.7882749E-10  1.2080456E-10  1.7035095E-01
  hf178    178   8.7305613E-10  1.4410338E-09  5.6797772E-10  4.5215998E-10  1.7822825E-10  4.0431562E-01
  hf179    179   3.0416850E-10  5.8935357E-10  2.8518507E-10  1.8492424E-10  8.9489492E-11  3.1522185E-01
  hf180    180   1.6715971E-09  2.4101494E-09  7.3855233E-10  7.5624390E-10  2.3175362E-10  5.1363540E-01
  hf181    181   1.0472110E-32  1.0472110E-32  0.0000000E+00  3.2858832E-33  0.0000000E+00  0.0000000E+00
  hf182    182   5.3205340E-10  5.3205340E-10  0.0000000E+00  1.6694490E-10  0.0000000E+00  0.0000000E+00
  ta181    181   4.0909609E-10  7.2201711E-10  3.1292102E-10  2.2655071E-10  9.8192877E-11  3.6308545E-01
  ta182    182   4.8815158E-18  4.8815158E-18  0.0000000E+00  1.5316962E-18  0.0000000E+00  0.0000000E+00
  ta183    183   0.0000000E+00  0.0000000E+00  0.0000000E+00  0.0000000E+00  0.0000000E+00  0.0000000E+00
   w182    182   7.1433431E-10  1.2053869E-09  4.9105259E-10  3.7821993E-10  1.5408956E-10  3.8997120E-01
   w183    183   5.0748583E-10  7.7411222E-10  2.6662642E-10  2.4289684E-10  8.3665880E-11  4.6287352E-01
   w184    184   1.1734318E-09  1.7474348E-09  5.7400296E-10  5.4830085E-10  1.8011892E-10  4.8345959E-01
   w185    185   1.5622936E-31  1.5622936E-31  0.0000000E+00  4.9020821E-32  0.0000000E+00  0.0000000E+00
   w186    186   4.9384052E-10  1.0322321E-09  5.3839155E-10  3.2388831E-10  1.6894426E-10  2.8265181E-01
  re185    185   2.2145397E-10  4.9509674E-10  2.7364278E-10  1.5534883E-10  8.5867577E-11  2.5747880E-01
  re186    186   0.0000000E+00  0.0000000E+00  0.0000000E+00  0.0000000E+00  0.0000000E+00  0.0000000E+00
  re187    187   9.7578778E-11  5.9659871E-10  4.9901994E-10  1.8719759E-10  1.5658967E-10  7.7537119E-02
  os186    186   4.4030324E-10  5.9197142E-10  1.5166819E-10  1.8574565E-10  4.7592631E-11  5.9137893E-01
  os187    187   1.2090948E-10  2.4219096E-10  1.2128148E-10  7.5993399E-11  3.8057453E-11  3.0033615E-01
  os188    188   8.4310292E-10  2.1225415E-09  1.2794386E-09  6.6599981E-10  4.0148071E-10  2.1980943E-01
  os189    189   1.3867019E-10  1.7069126E-09  1.5682424E-09  5.3558602E-10  4.9210569E-10  3.6770839E-02
  os190    190   7.9616114E-10  3.3599834E-09  2.5638223E-09  1.0542778E-09  8.0451312E-10  1.1742191E-01
  os191    191   1.2856428E-34  1.2856428E-34  0.0000000E+00  4.0340217E-35  0.0000000E+00  0.0000000E+00
  os192    192   1.0471624E-10  4.1285095E-09  4.0237933E-09  1.2954219E-09  1.2626439E-09  1.1130366E-02
  ir191    191   7.6628481E-11  3.4693968E-09  3.3927683E-09  1.0886090E-09  1.0646317E-09  9.6724974E-03
  ir192    192   8.4609695E-31  8.4609695E-31  0.0000000E+00  2.6548382E-31  0.0000000E+00  0.0000000E+00
  ir193    193   5.4451998E-11  5.8172853E-09  5.7628333E-09  1.8253170E-09  1.8083449E-09  4.0570474E-03
  pt192    192   2.2005785E-10  3.6271999E-10  1.4266215E-10  1.1381236E-10  4.4766586E-11  4.0523544E-01
  pt193    193   7.8356625E-16  7.8356625E-16  0.0000000E+00  2.4586328E-16  0.0000000E+00  0.0000000E+00
  pt194    194   5.3801985E-10  6.6150405E-09  6.0770207E-09  2.0756323E-09  1.9069353E-09  3.6814459E-02
  pt195    195   1.2035928E-10  6.3891834E-09  6.2688241E-09  2.0047641E-09  1.9671220E-09  8.2320208E-03
  pt196    196   1.0916610E-09  5.7926610E-09  4.7010000E-09  1.8175905E-09  1.4751477E-09  9.0660542E-02
  au197    197   3.1998337E-10  3.1531917E-09  2.8332083E-09  9.8939179E-10  8.8904500E-10  4.6444565E-02
  hg198    198   1.2916963E-09  1.9572421E-09  6.6554590E-10  6.1413308E-10  2.0884458E-10  4.6843931E-01
  hg199    199   5.4003557E-10  1.6718520E-09  1.1318164E-09  5.2458488E-10  3.5515768E-10  1.6939457E-01
  hg200    200   1.8038229E-09  3.3613832E-09  1.5575603E-09  1.0547170E-09  4.8875376E-10  3.3404583E-01
  hg201    201   7.3155626E-10  1.6246686E-09  8.9311236E-10  5.0977994E-10  2.8025368E-10  2.5983143E-01
  hg202    202   2.7135145E-09  4.7470130E-09  2.0334985E-09  1.4894926E-09  6.3810046E-10  3.6814934E-01
  tl203    203   1.3447770E-09  2.1491768E-09  8.0439994E-10  6.7435735E-10  2.5241623E-10  4.2677283E-01
  tl204    204  -2.2258573E-17 -2.2258573E-17  0.0000000E+00 -6.9841771E-18  0.0000000E+00  0.0000000E+00
  tl205    205   2.0063993E-09  3.9455421E-09  1.9391428E-09  1.2380114E-09  6.0849220E-10  3.0846965E-01
  pb204    204   1.1823492E-09  2.2005207E-09  1.0181714E-09  6.9046774E-10  3.1949654E-10  3.3467725E-01
  pb205    205   0.0000000E+00  0.0000000E+00  0.0000000E+00  0.0000000E+00  0.0000000E+00  0.0000000E+00
  pb206    206   6.6803212E-09  1.6247105E-08  9.5667838E-09  5.0979305E-09  3.0020035E-09  2.2998275E-01
  pb207    207   6.0058838E-09  1.6644009E-08  1.0638125E-08  5.2224691E-09  3.3381844E-09  1.9436562E-01
  pb208    208   8.1792066E-09  3.8775877E-08  3.0596670E-08  1.2166890E-08  9.6010648E-09  1.0286012E-01
  bi209    209   1.0392798E-10  2.2318665E-09  2.1279385E-09  7.0030326E-10  6.6773526E-10  2.0681866E-02
  bi210    210   0.0000000E+00  0.0000000E+00  0.0000000E+00  0.0000000E+00  0.0000000E+00  0.0000000E+00
  po210    210   0.0000000E+00  0.0000000E+00  0.0000000E+00  0.0000000E+00  0.0000000E+00  0.0000000E+00
