  species    A      yield       mass(i)_lost    mass(i)_0        <X(i)>          X0(i)   log10(<X(i)>/X0(i)) 
      n      1   0.0000000E+00  0.0000000E+00  0.0000000E+00  0.0000000E+00  0.0000000E+00  0.0000000E+00
      p      1  -3.0055308E-01  2.9461291E+00  3.2466822E+00  6.4046288E-01  7.0584649E-01 -4.2216312E-02
      d      2   2.2505126E-17  2.2505126E-17  0.0000000E+00  4.8924189E-18  0.0000000E+00  0.0000000E+00
    he3      3   3.2703946E-07  3.2703946E-07  0.0000000E+00  7.1095535E-08  0.0000000E+00  0.0000000E+00
    he4      4   2.6649749E-01  1.5541335E+00  1.2876360E+00  3.3785513E-01  2.7993914E-01  8.1666872E-02
    li7      7  -4.0048384E-08  1.7997854E-09  4.1848171E-08  3.9125772E-10  9.0980219E-09 -1.3664840E+00
    be7      7   1.4350038E-12  1.4350038E-12  0.0000000E+00  3.1195736E-13  0.0000000E+00  0.0000000E+00
     b8      8   3.2848481E-25  3.2848481E-25  0.0000000E+00  7.1409741E-26  0.0000000E+00  0.0000000E+00
    c12     12  -6.0018650E-03  5.5200863E-03  1.1521951E-02  1.2000188E-03  2.5049355E-03 -3.1960851E-01
    c13     13   5.9955160E-04  7.3917501E-04  1.3962343E-04  1.6069022E-04  3.0354900E-05  7.2376060E-01
    c14     14   2.1503634E-08  2.1503634E-08  0.0000000E+00  4.6747033E-09  0.0000000E+00  0.0000000E+00
    n13     13   0.0000000E+00  0.0000000E+00  0.0000000E+00  0.0000000E+00  0.0000000E+00  0.0000000E+00
    n14     14   4.2773440E-02  4.6180010E-02  3.4065698E-03  1.0039133E-02  7.4060698E-04  1.1321084E+00
    n15     15  -7.4793911E-06  9.1139776E-07  8.3907889E-06  1.9812995E-07  1.8242035E-06 -9.6412319E-01
    o14     14   0.0000000E+00  0.0000000E+00  0.0000000E+00  0.0000000E+00  0.0000000E+00  0.0000000E+00
    o15     15   0.0000000E+00  0.0000000E+00  0.0000000E+00  0.0000000E+00  0.0000000E+00  0.0000000E+00
    o16     16  -5.4690354E-03  2.2353468E-02  2.7822504E-02  4.8594498E-03  6.0487650E-03 -9.5079623E-02
    o17     17   4.3447406E-05  5.4678443E-05  1.1231037E-05  1.1886618E-05  2.4416890E-06  6.8736798E-01
    o18     18  -6.2585859E-05  1.4778418E-08  6.2600637E-05  3.2126997E-09  1.3609721E-05 -3.6269791E+00
    o19     19   0.0000000E+00  0.0000000E+00  0.0000000E+00  0.0000000E+00  0.0000000E+00  0.0000000E+00
    f17     17   0.0000000E+00  0.0000000E+00  0.0000000E+00  0.0000000E+00  0.0000000E+00  0.0000000E+00
    f18     18   3.7257724E-41  3.7257724E-41  0.0000000E+00  8.0995051E-42  0.0000000E+00  0.0000000E+00
    f19     19  -6.6312168E-07  1.1396056E-06  1.8027273E-06  2.4774036E-07  3.9192281E-07 -1.9920377E-01
    f20     20   0.0000000E+00  0.0000000E+00  0.0000000E+00  0.0000000E+00  0.0000000E+00  0.0000000E+00
   ne19     19   0.0000000E+00  0.0000000E+00  0.0000000E+00  0.0000000E+00  0.0000000E+00  0.0000000E+00
   ne20     20  -2.7278438E-06  5.7045352E-03  5.7072630E-03  1.2401163E-03  1.2407904E-03 -2.3598883E-04
   ne21     21  -1.3233370E-05  1.1318197E-06  1.4365190E-05  2.4604776E-07  3.1230711E-06 -1.1035625E+00
   ne22     22   1.8251461E-03  2.2867711E-03  4.6162488E-04  4.9712416E-04  1.0035978E-04  6.9490516E-01
   ne23     23   0.0000000E+00  0.0000000E+00  0.0000000E+00  0.0000000E+00  0.0000000E+00  0.0000000E+00
   na21     21   0.0000000E+00  0.0000000E+00  0.0000000E+00  0.0000000E+00  0.0000000E+00  0.0000000E+00
   na22     22   7.4051723E-11  7.4051723E-11  0.0000000E+00  1.6098201E-11  0.0000000E+00  0.0000000E+00
   na23     23   8.5865700E-05  2.4036408E-04  1.5449838E-04  5.2253061E-05  3.3588796E-05  1.9191729E-01
   na24     24   5.5446125E-37  5.5446125E-37  0.0000000E+00  1.2053505E-37  0.0000000E+00  0.0000000E+00
   mg23     23   0.0000000E+00  0.0000000E+00  0.0000000E+00  0.0000000E+00  0.0000000E+00  0.0000000E+00
   mg24     24  -1.0728091E-04  2.6151864E-03  2.7224673E-03  5.6851876E-04  5.9187930E-04 -1.7488347E-02
   mg25     25   2.1638212E-04  5.7540264E-04  3.5902052E-04  1.2508754E-04  7.8053032E-05  2.0482425E-01
   mg26     26   1.0977531E-04  5.2086782E-04  4.1109251E-04  1.1323213E-04  8.9373774E-05  1.0275960E-01
   mg27     27   0.0000000E+00  0.0000000E+00  0.0000000E+00  0.0000000E+00  0.0000000E+00  0.0000000E+00
   al25     25   0.0000000E+00  0.0000000E+00  0.0000000E+00  0.0000000E+00  0.0000000E+00  0.0000000E+00
   al-6     26   7.7624336E-06  7.7624336E-06  0.0000000E+00  1.6874856E-06  0.0000000E+00  0.0000000E+00
   al*6     26   0.0000000E+00  0.0000000E+00  0.0000000E+00  0.0000000E+00  0.0000000E+00  0.0000000E+00
   al27     27   6.8315800E-05  3.3046515E-04  2.6214935E-04  7.1840252E-05  5.6992707E-05  1.0054854E-01
   al28     28   0.0000000E+00  0.0000000E+00  0.0000000E+00  0.0000000E+00  0.0000000E+00  0.0000000E+00
   si27     27   0.0000000E+00  0.0000000E+00  0.0000000E+00  0.0000000E+00  0.0000000E+00  0.0000000E+00
   si28     28   3.2315264E-05  3.0467999E-03  3.0144847E-03  6.6234783E-04  6.5536553E-04  4.6025384E-03
   si29     29   6.5372296E-06  1.6507832E-04  1.5854109E-04  3.5886595E-05  3.4467706E-05  1.7519856E-02
   si30     30   1.1077871E-05  1.1918964E-04  1.0811177E-04  2.5910791E-05  2.3504090E-05  4.2337261E-02
    p31     31   1.5643436E-06  3.1662974E-05  3.0098630E-05  6.8832555E-06  6.5436075E-06  2.1976633E-02
    p32     32   4.9427239E-28  4.9427239E-28  0.0000000E+00  1.0745052E-28  0.0000000E+00  0.0000000E+00
    p33     33   2.0281217E-28  2.0281217E-28  0.0000000E+00  4.4089604E-29  0.0000000E+00  0.0000000E+00
    s32     32  -8.6671207E-06  1.4358987E-03  1.4445658E-03  3.1215191E-04  3.1405652E-04 -2.6418127E-03
    s33     33   4.1992644E-07  1.2346365E-05  1.1926439E-05  2.6839925E-06  2.5928732E-06  1.5000006E-02
    s34     34   2.3961111E-06  7.1757109E-05  6.9360998E-05  1.5599371E-05  1.5079462E-05  1.4721237E-02
    s35     35   1.2098581E-21  1.2098581E-21  0.0000000E+00  2.6301264E-22  0.0000000E+00  0.0000000E+00
    s36     36   2.0115345E-07  5.4353404E-07  3.4238059E-07  1.1815958E-07  7.4435420E-08  2.0068932E-01
   cl35     35  -1.2454166E-07  1.4694057E-05  1.4818599E-05  3.1943605E-06  3.2216446E-06 -3.6937231E-03
   cl36     36   1.4995965E-08  1.4995965E-08  0.0000000E+00  3.2599925E-09  0.0000000E+00  0.0000000E+00
   cl37     37   1.0597255E-06  6.0664452E-06  5.0067197E-06  1.3187924E-06  1.0884884E-06  8.3352663E-02
   ar36     36  -3.1694944E-06  2.7277457E-04  2.7594407E-04  5.9298822E-05  5.9991758E-05 -5.0455341E-03
   ar37     37   2.6371715E-23  2.6371715E-23  0.0000000E+00  5.7329815E-24  0.0000000E+00  0.0000000E+00
   ar38     38   1.3840836E-06  5.4344000E-05  5.2959917E-05  1.1813913E-05  1.1513776E-05  1.1175981E-02
   ar39     39   9.4916752E-10  9.4916752E-10  0.0000000E+00  2.0634076E-10  0.0000000E+00  0.0000000E+00
   ar40     40   1.4718003E-07  2.3634146E-07  8.9161432E-08  5.1378581E-08  1.9384185E-08  4.2333460E-01
    k39     39   1.7846560E-07  1.4544883E-05  1.4366417E-05  3.1619311E-06  3.1233380E-06  5.3334329E-03
    k40     40   2.9203319E-08  3.1528970E-08  2.3256506E-09  6.8541239E-09  5.0560922E-10  1.1321369E+00
    k41     41   7.1796762E-08  1.1617287E-06  1.0899320E-06  2.5254974E-07  2.3695719E-07  2.7677009E-02
   ca40     40  -2.0834850E-06  2.4665100E-04  2.4873449E-04  5.3619784E-05  5.4076245E-05 -3.6814527E-03
   ca41     41   2.7715384E-08  2.7715384E-08  0.0000000E+00  6.0250835E-09  0.0000000E+00  0.0000000E+00
   ca42     42   1.1146494E-07  1.8546217E-06  1.7431568E-06  4.0317863E-07  3.7897183E-07  2.6890587E-02
   ca43     43   3.0826271E-08  4.0319821E-07  3.7237194E-07  8.7651784E-08  8.0955701E-08  3.4513306E-02
   ca44     44   2.2515451E-08  5.9102863E-06  5.8877708E-06  1.2848449E-06  1.2800336E-06  1.6293091E-03
   ca45     45   6.2751648E-19  6.2751648E-19  0.0000000E+00  1.3641662E-19  0.0000000E+00  0.0000000E+00
   ca46     46   4.5099448E-08  5.6902756E-08  1.1803309E-08  1.2370164E-08  2.5661042E-09  6.8310118E-01
   ca47     47   3.4651334E-32  3.4651334E-32  0.0000000E+00  7.5328991E-33  0.0000000E+00  0.0000000E+00
   ca48     48  -4.8282800E-10  5.7531122E-07  5.7579405E-07  1.2506766E-07  1.2518078E-07 -3.9263460E-04
   sc45     45   3.6392606E-08  2.0250249E-07  1.6610988E-07  4.4022283E-08  3.6113200E-08  8.6006589E-02
   sc46     46   1.4271401E-25  1.4271401E-25  0.0000000E+00  3.1024784E-26  0.0000000E+00  0.0000000E+00
   sc47     47   1.9867488E-31  1.9867488E-31  0.0000000E+00  4.3190193E-32  0.0000000E+00  0.0000000E+00
   sc48     48  -9.0771486E-32  1.0467560E-28  1.0476638E-28  2.2755566E-29  2.2776783E-29  0.0000000E+00
   ti46     46  -1.0617782E-08  1.0042252E-06  1.0148430E-06  2.1830982E-07  2.2063243E-07 -4.5960848E-03
   ti47     47  -1.2147495E-08  9.2295591E-07  9.3510340E-07  2.0064259E-07  2.0329659E-07 -5.7069822E-03
   ti48     48  -1.7349248E-07  9.2890878E-06  9.4625802E-06  2.0193670E-06  2.0572168E-06 -8.0647971E-03
   ti49     49   7.7303298E-08  7.8618882E-07  7.0888552E-07  1.7091061E-07  1.5411560E-07  4.4922434E-02
   ti50     50   1.3988642E-07  8.3249665E-07  6.9261023E-07  1.8097754E-07  1.5057726E-07  7.9865284E-02
    v51     51  -2.2866288E-08  1.5035261E-06  1.5263923E-06  3.2685350E-07  3.3184605E-07 -6.5835263E-03
   cr52     52  -6.4371125E-07  6.1927676E-05  6.2571387E-05  1.3462539E-05  1.3603363E-05 -4.5193341E-03
   cr53     53  -4.5044089E-08  7.1864579E-06  7.2315020E-06  1.5622735E-06  1.5721682E-06 -2.7419629E-03
   cr54     54   5.3844531E-07  2.3724851E-06  1.8340398E-06  5.1575768E-07  3.9873032E-07  1.1176647E-01
   mn55     55  -2.0127482E-07  5.4443932E-05  5.4645207E-05  1.1835637E-05  1.1880167E-05 -1.6308975E-03
   fe54     54  -7.2815747E-06  3.5277181E-04  3.6005338E-04  7.6689525E-05  7.8277582E-05 -8.9013567E-03
   fe55     55  -1.8401081E-13 -1.8401081E-13  0.0000000E+00 -4.0002351E-14  0.0000000E+00  0.0000000E+00
   fe56     56  -7.2070397E-05  5.7892492E-03  5.8613196E-03  1.2585325E-03  1.2742830E-03 -5.4014763E-03
   fe57     57   1.4864214E-05  1.5264546E-04  1.3778124E-04  3.3183795E-05  2.9954399E-05  4.4465430E-02
   fe58     58   3.7990714E-05  5.6648634E-05  1.8657920E-05  1.2314921E-05  4.0563341E-06  4.8229790E-01
   fe59     59   2.0573325E-23  2.0573325E-23  0.0000000E+00  4.4724619E-24  0.0000000E+00  0.0000000E+00
   fe60     60   7.1733675E-06  7.1733675E-06  0.0000000E+00  1.5594278E-06  0.0000000E+00  0.0000000E+00
   co59     59   1.1587501E-05  2.5976591E-05  1.4389090E-05  5.6470853E-06  3.1282668E-06  2.5652057E-01
   co60     60   3.5059074E-12  3.5059074E-12  0.0000000E+00  7.6215379E-13  0.0000000E+00  0.0000000E+00
   ni58     58  -4.3035543E-06  2.0157584E-04  2.0587939E-04  4.3820834E-05  4.4759308E-05 -9.2027253E-03
   ni59     59   7.2435427E-08  7.2435427E-08  0.0000000E+00  1.5746831E-08  0.0000000E+00  0.0000000E+00
   ni60     60   3.0873416E-06  8.5127234E-05  8.2039893E-05  1.8505922E-05  1.7835922E-05  1.6015161E-02
   ni61     61   2.8091486E-06  6.4348787E-06  3.6257302E-06  1.3988868E-06  7.8825360E-07  2.4911660E-01
   ni62     62   4.9183291E-06  1.6667815E-05  1.1749486E-05  3.6234380E-06  2.5544027E-06  1.5183148E-01
   ni63     63   2.2531612E-09  2.2531612E-09  0.0000000E+00  4.8981769E-10  0.0000000E+00  0.0000000E+00
   ni64     64   2.9350276E-06  6.0238826E-06  3.0888550E-06  1.3095397E-06  6.7153400E-07  2.9005069E-01
   cu63     63   2.4575179E-06  5.0069502E-06  2.5494323E-06  1.0884675E-06  5.5426062E-07  2.9310143E-01
   cu64     64   4.8015649E-38  4.8015649E-38  0.0000000E+00  1.0438185E-38  0.0000000E+00  0.0000000E+00
   cu65     65   4.2649356E-07  1.5988700E-06  1.1723764E-06  3.4758042E-07  2.5488109E-07  1.3471772E-01
   zn64     64  -8.0488917E-08  4.2874672E-06  4.3679561E-06  9.3205807E-07  9.4961757E-07 -8.1057800E-03
   zn65     65   3.8841822E-19  3.8841822E-19  0.0000000E+00  8.4438746E-20  0.0000000E+00  0.0000000E+00
   zn66     66   3.5164362E-07  2.9358850E-06  2.5842414E-06  6.3823592E-07  5.6182824E-07  5.5377666E-02
   zn67     67   7.9412644E-08  4.6492352E-07  3.8551087E-07  1.0107033E-07  8.3812175E-08  8.1316605E-02
   zn68     68   4.0681630E-07  2.1961521E-06  1.7893358E-06  4.7742435E-07  3.8901143E-07  8.8942192E-02
   zn69     69   0.0000000E+00  0.0000000E+00  0.0000000E+00  0.0000000E+00  0.0000000E+00  0.0000000E+00
   zn70     70   1.2543353E-09  6.2162741E-08  6.0908405E-08  1.3513640E-08  1.3241821E-08  8.8246539E-03
   ga69     69   5.5754725E-08  2.1980100E-07  1.6404627E-07  4.7782827E-08  3.5664559E-08  1.2703499E-01
   ga70     70   0.0000000E+00  0.0000000E+00  0.0000000E+00  0.0000000E+00  0.0000000E+00  0.0000000E+00
   ga71     71   4.1658780E-08  1.5368684E-07  1.1202806E-07  3.3410185E-08  2.4355515E-08  1.3728158E-01
   ge70     70   7.8699998E-08  2.6116447E-07  1.8246448E-07  5.6774887E-08  3.9668777E-08  1.5570746E-01
   ge71     71   5.8294529E-28  5.8294529E-28  0.0000000E+00  1.2672724E-28  0.0000000E+00  0.0000000E+00
   ge72     72   6.2321703E-08  3.1033696E-07  2.4801525E-07  6.7464555E-08  5.3919877E-08  9.7326763E-02
   ge73     73   1.8196552E-08  8.8778549E-08  7.0581997E-08  1.9299685E-08  1.5344913E-08  9.9585824E-02
   ge74     74   6.8592243E-08  4.0439383E-07  3.3580159E-07  8.7911701E-08  7.3005104E-08  8.0693476E-02
   as75     75   5.8084240E-09  5.5039806E-08  4.9231382E-08  1.1965176E-08  1.0703173E-08  4.8406530E-02
   se76     76   2.1770383E-08  7.3024736E-08  5.1254354E-08  1.5874942E-08  1.1142977E-08  1.5371090E-01
   se77     77   7.9469125E-09  5.0233524E-08  4.2286612E-08  1.0920331E-08  9.1933412E-09  7.4762434E-02
   se78     78   4.7317457E-08  1.8076410E-07  1.3344665E-07  3.9296545E-08  2.9012032E-08  1.3177624E-01
   se79     79   9.5917310E-09  9.5917310E-09  0.0000000E+00  2.0851589E-09  0.0000000E+00  0.0000000E+00
   se80     80   4.4239783E-08  3.2989632E-07  2.8565654E-07  7.1716592E-08  6.2103297E-08  6.2505007E-02
   br79     79   2.8996183E-10  4.5970964E-08  4.5681002E-08  9.9936877E-09  9.9313002E-09  2.7196407E-03
   br80     80   0.0000000E+00  0.0000000E+00  0.0000000E+00  0.0000000E+00  0.0000000E+00  0.0000000E+00
   br81     81   5.5621641E-09  5.1125717E-08  4.5563553E-08  1.1114286E-08  9.9057660E-09  4.9993541E-02
   kr80     80  -2.3610536E-10  1.0650306E-08  1.0886411E-08  2.3152840E-09  2.3667655E-09 -9.5509514E-03
   kr81     81   4.4112860E-12  4.4112860E-12  0.0000000E+00  9.5897520E-13  0.0000000E+00  0.0000000E+00
   kr82     82   1.9014589E-08  7.4926227E-08  5.5911638E-08  1.6288311E-08  1.2155497E-08  1.2710334E-01
   kr83     83   5.7285732E-09  6.1795326E-08  5.6066753E-08  1.3433767E-08  1.2189219E-08  4.2221900E-02
   kr84     84   3.0946040E-08  3.1058582E-07  2.7963978E-07  6.7518656E-08  6.0795223E-08  4.5554314E-02
   kr-5     85   1.0844265E-13  1.0844265E-13  0.0000000E+00  2.3574491E-14  0.0000000E+00  0.0000000E+00
   kr*5     85   0.0000000E+00  0.0000000E+00  0.0000000E+00  0.0000000E+00  0.0000000E+00  0.0000000E+00
   kr86     86   3.3580882E-08  1.2016116E-07  8.6580279E-08  2.6121992E-08  1.8823028E-08  1.4231682E-01
   rb85     85   1.0924118E-08  5.6310299E-08  4.5386180E-08  1.2241370E-08  9.8672048E-09  9.3635865E-02
   rb86     86   3.4472336E-27  3.4472336E-27  0.0000000E+00  7.4939860E-28  0.0000000E+00  0.0000000E+00
   rb87     87   1.2636418E-08  3.1753771E-08  1.9117353E-08  6.9029937E-09  4.1562171E-09  2.2033924E-01
   sr86     86   4.9384354E-09  2.6117226E-08  2.1178790E-08  5.6776579E-09  4.6043849E-09  9.0997607E-02
   sr87     87   1.7330066E-09  1.6705862E-08  1.4972855E-08  3.6317092E-09  3.2551806E-09  4.7535975E-02
   sr88     88   1.6318808E-08  1.9789316E-07  1.8157435E-07  4.3020254E-08  3.9475257E-08  3.7347991E-02
   sr89     89   5.6177293E-26  5.6177293E-26  0.0000000E+00  1.2212455E-26  0.0000000E+00  0.0000000E+00
   sr90     90   2.6465039E-13  2.6465039E-13  0.0000000E+00  5.7532694E-14  0.0000000E+00  0.0000000E+00
    y89     89   3.3760053E-09  4.6686473E-08  4.3310468E-08  1.0149233E-08  9.4159329E-09  3.2569896E-02
    y90     90   6.6928030E-17  6.6928030E-17  0.0000000E+00  1.4549573E-17  0.0000000E+00  0.0000000E+00
    y91     91   5.2653828E-26  5.2653828E-26  0.0000000E+00  1.1446484E-26  0.0000000E+00  0.0000000E+00
   zr90     90   1.4863524E-09  5.3105847E-08  5.1619494E-08  1.1544749E-08  1.1222361E-08  1.2300262E-02
   zr91     91   4.6339377E-10  1.1845260E-08  1.1381866E-08  2.5750566E-09  2.4744802E-09  1.7302804E-02
   zr92     92   7.8955331E-10  1.8378275E-08  1.7588722E-08  3.9952774E-09  3.8238848E-09  1.9042151E-02
   zr93     93   4.2750642E-10  4.2750642E-10  0.0000000E+00  9.2936180E-11  0.0000000E+00  0.0000000E+00
   zr94     94   7.5598727E-10  1.8968283E-08  1.8212296E-08  4.1235397E-09  3.9594532E-09  1.7634956E-02
   zr95     95   3.7195189E-25  3.7195189E-25  0.0000000E+00  8.0859106E-26  0.0000000E+00  0.0000000E+00
   zr96     96   6.3980177E-10  3.6363148E-09  2.9965130E-09  7.9050322E-10  6.5145839E-10  8.4016964E-02
   nb93     93  -1.7556800E-10  7.6890236E-09  7.8645916E-09  1.6715269E-09  1.7098053E-09 -9.8332828E-03
   nb94     94   2.1264521E-15  2.1264521E-15  0.0000000E+00  4.6227220E-16  0.0000000E+00  0.0000000E+00
   nb95     95   4.4620714E-25  4.4620714E-25  0.0000000E+00  9.7001554E-26  0.0000000E+00  0.0000000E+00
   mo94     94  -5.4753535E-11  2.4100513E-09  2.4648048E-09  5.2392418E-10  5.3586208E-10 -9.7845914E-03
   mo95     95   1.4103829E-10  4.4523545E-09  4.3113162E-09  9.6790320E-10  9.3730379E-10  1.3951542E-02
   mo96     96   3.1235725E-10  4.8984017E-09  4.5860444E-09  1.0648700E-09  9.9703124E-10  2.8587814E-02
   mo97     97   7.1274542E-11  2.7392426E-09  2.6679681E-09  5.9548755E-10  5.8003086E-10  1.1421585E-02
   mo98     98   1.3712897E-10  6.9864514E-09  6.8493224E-09  1.5187939E-09  1.4890802E-09  8.5807238E-03
   tc99     99   2.7832485E-11  2.7832485E-11  0.0000000E+00  6.0505403E-12  0.0000000E+00  0.0000000E+00
   ru99     99  -5.0280224E-11  2.3412146E-09  2.3914948E-09  5.0895971E-10  5.1992405E-10 -9.2565082E-03
  ru100    100   5.5231819E-11  2.4405775E-09  2.3853457E-09  5.3056032E-10  5.1858728E-10  9.9128801E-03
  ru101    101  -5.7557070E-11  3.2044531E-09  3.2620102E-09  6.9662026E-10  7.0917894E-10 -7.7597373E-03
  ru102    102  -1.7356783E-11  6.0748908E-09  6.0922476E-09  1.3206285E-09  1.3244881E-09 -1.2673866E-03
  rh103    103  -7.4784179E-11  3.8158618E-09  3.8906460E-09  8.2953522E-10  8.4584784E-10 -8.4574036E-03
  pd104    104   2.6213920E-11  1.7287889E-09  1.7025750E-09  3.7582368E-10  3.7014913E-10  6.6074040E-03
  pd105    105  -6.9000583E-11  3.3765686E-09  3.4455692E-09  7.3403666E-10  7.4908568E-10 -8.8137509E-03
  pd106    106  -2.7343461E-11  4.2299080E-09  4.2572514E-09  9.1954522E-10  9.2554975E-10 -2.8266856E-03
  pd107    107   1.4925595E-11  1.4925595E-11  0.0000000E+00  3.2446947E-12  0.0000000E+00  0.0000000E+00
  pd108    108  -7.5859319E-12  4.1919193E-09  4.1995052E-09  9.1128682E-10  9.1299551E-10 -8.1355503E-04
  ag107    107  -7.1045170E-11  2.8211413E-09  2.8921865E-09  6.1329158E-10  6.2877720E-10 -1.0829789E-02
  ag108    108   0.0000000E+00  0.0000000E+00  0.0000000E+00  0.0000000E+00  0.0000000E+00  0.0000000E+00
  ag109    109  -4.3386184E-11  2.6937850E-09  2.7371712E-09  5.8560545E-10  5.9507599E-10 -6.9673252E-03
  cd108    108  -1.6268376E-12  1.6055239E-10  1.6217923E-10  3.4902695E-11  3.5258654E-11 -4.4067698E-03
  cd109    109  -6.7289031E-24 -6.7289031E-24  0.0000000E+00 -1.4628051E-24  0.0000000E+00  0.0000000E+00
  cd110    110   2.9570568E-11  2.3477107E-09  2.3181401E-09  5.1037191E-10  5.0397642E-10  5.4765507E-03
  cd111    111  -3.0794034E-11  2.3664590E-09  2.3972531E-09  5.1444765E-10  5.2117599E-10 -5.6432253E-03
  cd112    112   3.3670844E-12  4.5632982E-09  4.5599311E-09  9.9202135E-10  9.9135400E-10  2.9225778E-04
  cd113    113  -2.3388180E-11  2.3064766E-09  2.3298647E-09  5.0140797E-10  5.0652538E-10 -4.4099865E-03
  cd114    114   4.4278359E-11  5.5704166E-09  5.5261382E-09  1.2109601E-09  1.2014127E-09  3.4375803E-03
  in115    115  -1.6873614E-11  2.0668502E-09  2.0837239E-09  4.4931528E-10  4.5301299E-10 -3.5594753E-03
  sn116    116   1.1052048E-10  6.6298038E-09  6.5192833E-09  1.4412618E-09  1.4173279E-09  7.2725215E-03
  sn117    117  -5.4820593E-12  3.4677248E-09  3.4732068E-09  7.5385320E-10  7.5509421E-10 -7.1436691E-04
  sn118    118   1.5857893E-10  1.0749413E-08  1.0590834E-08  2.3368290E-09  2.3025055E-09  6.4262492E-03
  sn119    119   2.3797408E-11  3.9749635E-09  3.9511661E-09  8.6412250E-10  8.5900514E-10  2.5795233E-03
  sn120    120   2.9020164E-10  1.5401898E-08  1.5111697E-08  3.3482388E-09  3.2853658E-09  8.2326811E-03
  sb121    121  -1.0277779E-11  2.3201598E-09  2.3304376E-09  5.0438259E-10  5.0664994E-10 -1.9479062E-03
  te122    122   4.4004134E-11  1.5930957E-09  1.5490915E-09  3.4632516E-10  3.3678099E-10  1.2136470E-02
  te123    123   1.6248114E-11  5.6134980E-10  5.4510169E-10  1.2203256E-10  1.1850811E-10  1.2727674E-02
  te124    124   8.0278006E-11  3.0070288E-09  2.9267508E-09  6.5370193E-10  6.3629169E-10  1.1723494E-02
  te125    125  -5.7525984E-11  4.3430854E-09  4.4006114E-09  9.4414898E-10  9.5671704E-10 -5.7429690E-03
  te126    126  -1.9086954E-12  1.1818591E-08  1.1820499E-08  2.5692588E-09  2.5698412E-09 -9.8429606E-05
   i127    127  -3.2706549E-10  1.4497493E-08  1.4824558E-08  3.1516290E-09  3.2229404E-09 -9.7171888E-03
   i128    128   0.0000000E+00  0.0000000E+00  0.0000000E+00  0.0000000E+00  0.0000000E+00  0.0000000E+00
   i129    129   9.8853292E-14  9.8853292E-14  0.0000000E+00  2.1489846E-14  0.0000000E+00  0.0000000E+00
  xe128    128   5.9129479E-11  1.6603308E-09  1.6012013E-09  3.6094147E-10  3.4810993E-10  1.5720366E-02
  xe129    129  -4.5838711E-10  1.9642696E-08  2.0101083E-08  4.2701513E-09  4.3700856E-09 -1.0046675E-02
  xe130    130   1.2538748E-10  3.3777676E-09  3.2523801E-09  7.3429735E-10  7.0708528E-10  1.6400149E-02
  xe131    131  -3.1912784E-10  1.5927800E-08  1.6246927E-08  3.4625651E-09  3.5321712E-09 -8.6437929E-03
  xe132    132  -3.7704950E-11  1.9971772E-08  2.0009477E-08  4.3416897E-09  4.3501704E-09 -8.4750465E-04
  xe133    133   1.0904725E-31  1.0904725E-31  0.0000000E+00  2.3705924E-32  0.0000000E+00  0.0000000E+00
  xe134    134   2.9498004E-10  7.7950641E-09  7.5000841E-09  1.6945791E-09  1.6305596E-09  1.6725171E-02
  cs133    133  -6.7036154E-11  5.1935687E-09  5.2606048E-09  1.1290366E-09  1.1436843E-09 -5.5980952E-03
  cs134    134   1.1391267E-19  1.1391267E-19  0.0000000E+00  2.4763624E-20  0.0000000E+00  0.0000000E+00
  cs135    135   1.1454734E-10  1.1454734E-10  0.0000000E+00  2.4901596E-11  0.0000000E+00  0.0000000E+00
  cs136    136   1.7730472E-30  1.7730472E-30  0.0000000E+00  3.8544504E-31  0.0000000E+00  0.0000000E+00
  cs137    137   9.2286401E-14  9.2286401E-14  0.0000000E+00  2.0062262E-14  0.0000000E+00  0.0000000E+00
  ba134    134   1.0366497E-10  1.7163896E-09  1.6127246E-09  3.7312817E-10  3.5061518E-10  2.7027311E-02
  ba135    135  -5.8731686E-11  4.3725898E-09  4.4313215E-09  9.5056307E-10  9.6339359E-10 -5.8228220E-03
  ba136    136   3.3363889E-10  5.6524256E-09  5.3187867E-09  1.2287882E-09  1.1563334E-09  2.6393984E-02
  ba137    137   7.1053741E-10  8.3728642E-09  7.6623268E-09  1.8201879E-09  1.6658319E-09  3.8485024E-02
  ba138    138   9.6389030E-10  5.0232664E-08  4.9268774E-08  1.0920145E-08  1.0711301E-08  8.3861714E-03
  la139    139   6.4889871E-11  6.8227171E-09  6.7578272E-09  1.4831993E-09  1.4691887E-09  4.1219764E-03
  ce140    140   1.3599610E-10  1.5624327E-08  1.5488331E-08  3.3965928E-09  3.3672480E-09  3.7683907E-03
  ce141    141   3.1694933E-28  3.1694933E-28  0.0000000E+00  6.8902028E-29  0.0000000E+00  0.0000000E+00
  ce142    142   3.3595571E-11  2.0075959E-09  1.9740003E-09  4.3643389E-10  4.2915851E-10  7.3007257E-03
  pr141    141  -1.0623280E-11  2.6587139E-09  2.6693372E-09  5.7798127E-10  5.8032856E-10 -1.7601839E-03
  nd142    142   5.2353677E-12  3.5659979E-09  3.5607626E-09  7.7521695E-10  7.7412932E-10  6.0975581E-04
  nd143    143  -1.7261081E-11  1.5769270E-09  1.5941881E-09  3.4281022E-10  3.4658523E-10 -4.7563002E-03
  nd144    144  -1.1385559E-11  3.1569054E-09  3.1682910E-09  6.8628381E-10  6.8880385E-10 -1.5918204E-03
  nd145    145  -1.6261437E-11  1.1619279E-09  1.1781893E-09  2.5259303E-10  2.5614483E-10 -6.0642282E-03
  nd146    146   3.3406611E-12  2.3223246E-09  2.3189839E-09  5.0485316E-10  5.0415977E-10  5.9688254E-04
  nd147    147   9.4946343E-31  9.4946343E-31  0.0000000E+00  2.0640510E-31  0.0000000E+00  0.0000000E+00
  nd148    148  -8.2749363E-12  7.7612539E-10  7.8440032E-10  1.6872291E-10  1.7053293E-10 -4.6342039E-03
  pm147    147  -3.1982572E-18 -3.1982572E-18  0.0000000E+00 -6.9527333E-19  0.0000000E+00  0.0000000E+00
  pm148    148   2.0670925E-36  2.0670925E-36  0.0000000E+00  4.4936794E-37  0.0000000E+00  0.0000000E+00
  sm147    147  -8.4214857E-12  6.2297756E-10  6.3139904E-10  1.3542990E-10  1.3726963E-10 -5.8598942E-03
  sm148    148   2.7052804E-12  4.7936882E-10  4.7666354E-10  1.0421061E-10  1.0362927E-10  2.4294758E-03
  sm149    149  -1.2011170E-11  5.7802685E-10  5.9003802E-10  1.2565801E-10  1.2827750E-10 -8.9603085E-03
  sm150    150   6.5233929E-12  3.2372333E-10  3.1719993E-10  7.0374637E-11  6.8961011E-11  8.8125290E-03
  sm151    151   9.0787374E-16  9.0787374E-16  0.0000000E+00  1.9736386E-16  0.0000000E+00  0.0000000E+00
  sm152    152  -1.5155655E-11  1.1499416E-09  1.1650972E-09  2.4998731E-10  2.5329852E-10 -5.7146931E-03
  eu151    151  -1.7994384E-11  7.5057166E-10  7.6856604E-10  1.6316776E-10  1.6709047E-10 -1.0317320E-02
  eu152    152   9.6092241E-20  9.6092241E-20  0.0000000E+00  2.0889618E-20  0.0000000E+00  0.0000000E+00
  eu153    153  -1.8971158E-11  8.3111973E-10  8.5009089E-10  1.8067821E-10  1.8481443E-10 -9.8301051E-03
  eu154    154  -5.1020448E-19 -5.1020448E-19  0.0000000E+00 -1.1091402E-19  0.0000000E+00  0.0000000E+00
  eu155    155  -9.6465462E-19 -9.6465462E-19  0.0000000E+00 -2.0970753E-19  0.0000000E+00  0.0000000E+00
  gd152    152   9.3008067E-14  1.1314793E-11  1.1221785E-11  2.4597377E-12  2.4396776E-12  3.5563684E-03
  gd153    153   2.6724845E-26  2.6724845E-26  0.0000000E+00  5.8097491E-27  0.0000000E+00  0.0000000E+00
  gd154    154   3.6770170E-12  1.2760490E-10  1.2392788E-10  2.7740196E-11  2.6942601E-11  1.2670002E-02
  gd155    155  -1.9120927E-11  8.2768370E-10  8.4680463E-10  1.7993124E-10  1.8409997E-10 -9.9471565E-03
  gd156    156  -1.8411495E-11  1.1603438E-09  1.1787553E-09  2.5224867E-10  2.5626790E-10 -6.8653277E-03
  gd157    157  -1.7636614E-11  8.8933466E-10  9.0697128E-10  1.9333363E-10  1.9718054E-10 -8.5566342E-03
  gd158    158  -1.5593304E-11  1.4331637E-09  1.4487570E-09  3.1155734E-10  3.1496772E-10 -4.7280630E-03
  gd159    159   2.6146155E-39  2.6146155E-39  0.0000000E+00  5.6839468E-40  0.0000000E+00  0.0000000E+00
  gd160    160  -2.9238834E-11  1.2618555E-09  1.2910943E-09  2.7431643E-10  2.8069097E-10 -9.9766096E-03
  tb159    159  -2.3021696E-11  1.0698931E-09  1.0929148E-09  2.3258545E-10  2.3760566E-10 -9.2742257E-03
  tb160    160   1.3691794E-25  1.3691794E-25  0.0000000E+00  2.9764770E-26  0.0000000E+00  0.0000000E+00
  tb161    161   9.4411827E-32  9.4411827E-32  0.0000000E+00  2.0524311E-32  0.0000000E+00  0.0000000E+00
  dy160    160   3.7255893E-12  1.6910220E-10  1.6537662E-10  3.6761351E-11  3.5953782E-11  9.6468767E-03
  dy161    161  -3.0440539E-11  1.3192177E-09  1.3496583E-09  2.8678648E-10  2.9342309E-10 -9.9356081E-03
  dy162    162  -2.8245073E-11  1.8033115E-09  1.8315566E-09  3.9202425E-10  3.9819045E-10 -6.7779208E-03
  dy163    163  -3.7661874E-11  1.7632984E-09  1.8009603E-09  3.8332576E-10  3.9153866E-10 -9.2066387E-03
  dy164    164  -1.5335511E-11  2.0414828E-09  2.0568183E-09  4.4380061E-10  4.4716358E-10 -3.2785321E-03
  ho165    165  -3.3299918E-11  1.5687239E-09  1.6020238E-09  3.4102696E-10  3.4828876E-10 -9.1507463E-03
  er166    166  -2.1666224E-11  1.5002165E-09  1.5218827E-09  3.2613404E-10  3.3086567E-10 -6.2555801E-03
  er167    167  -1.9673374E-11  1.0253978E-09  1.0450711E-09  2.2291256E-10  2.2720421E-10 -8.2818335E-03
  er168    168  -5.7444050E-12  1.2344810E-09  1.2402254E-09  2.6836544E-10  2.6963179E-10 -2.0445157E-03
  er169    169   8.1383433E-31  8.1383433E-31  0.0000000E+00  1.7692050E-31  0.0000000E+00  0.0000000E+00
  er170    170  -6.1376459E-12  6.8746453E-10  6.9360218E-10  1.4944881E-10  1.5079291E-10 -3.8884471E-03
  tm169    169  -1.2032986E-11  7.2091028E-10  7.3294326E-10  1.5671962E-10  1.5934587E-10 -7.2174221E-03
  tm170    170   2.7355103E-24  2.7355103E-24  0.0000000E+00  5.9467614E-25  0.0000000E+00  0.0000000E+00
  tm171    171  -8.6876298E-19 -8.6876298E-19  0.0000000E+00 -1.8886152E-19  0.0000000E+00  0.0000000E+00
  yb170    170   4.5812104E-12  1.4320627E-10  1.3862506E-10  3.1131799E-11  3.0137847E-11  1.4091999E-02
  yb171    171  -3.8049008E-12  6.5550987E-10  6.5931477E-10  1.4250215E-10  1.4333865E-10 -2.5418936E-03
  yb172    172   7.5747186E-12  1.0284880E-09  1.0209132E-09  2.2358435E-10  2.2195215E-10  3.1820217E-03
  yb173    173  -3.6544656E-12  7.5852236E-10  7.6217682E-10  1.6489617E-10  1.6570142E-10 -2.1156799E-03
  yb174    174   3.1381675E-11  1.5564330E-09  1.5250513E-09  3.3835501E-10  3.3155453E-10  8.8176532E-03
  lu175    175  -8.0394025E-12  6.8029060E-10  6.8833000E-10  1.4788927E-10  1.4964671E-10 -5.1305238E-03
  lu176    176   6.6449589E-12  2.6736790E-11  2.0091831E-11  5.8123458E-12  4.3680740E-12  1.2406146E-01
  lu177    177   2.4596940E-32  2.4596940E-32  0.0000000E+00  5.3471611E-33  0.0000000E+00  0.0000000E+00
  hf176    176  -3.7759101E-12  1.5082209E-10  1.5459800E-10  3.2787412E-11  3.3610455E-11 -1.0767265E-02
  hf177    177  -6.3797856E-12  5.4928490E-10  5.5566468E-10  1.1940976E-10  1.2080456E-10 -5.0435173E-03
  hf178    178   1.4755974E-11  8.3455243E-10  8.1979645E-10  1.8142444E-10  1.7822825E-10  7.7192495E-03
  hf179    179   2.2267743E-12  4.1385159E-10  4.1162482E-10  8.9967742E-11  8.9489492E-11  2.3147564E-03
  hf180    180   4.3385628E-11  1.1093828E-09  1.0659972E-09  2.4117017E-10  2.3175362E-10  1.7297082E-02
  hf181    181   1.2797184E-27  1.2797184E-27  0.0000000E+00  2.7819967E-28  0.0000000E+00  0.0000000E+00
  hf182    182   3.2063852E-11  3.2063852E-11  0.0000000E+00  6.9704026E-12  0.0000000E+00  0.0000000E+00
  ta181    181   6.6879280E-12  4.5834569E-10  4.5165777E-10  9.9640372E-11  9.8192877E-11  6.3553373E-03
  ta182    182   2.9418143E-19  2.9418143E-19  0.0000000E+00  6.3952487E-20  0.0000000E+00  0.0000000E+00
  ta183    183   7.6950689E-34  7.6950689E-34  0.0000000E+00  1.6728411E-34  0.0000000E+00  0.0000000E+00
   w182    182   1.1872170E-11  7.2063788E-10  7.0876571E-10  1.5666041E-10  1.5408956E-10  7.1860128E-03
   w183    183   1.5143442E-11  3.9998138E-10  3.8483794E-10  8.6952473E-11  8.3665880E-11  1.6733540E-02
   w184    184   3.9645565E-11  8.6813862E-10  8.2849305E-10  1.8872578E-10  1.8011892E-10  2.0271899E-02
   w185    185   1.0221664E-25  1.0221664E-25  0.0000000E+00  2.2221008E-26  0.0000000E+00  0.0000000E+00
   w186    186   1.2193635E-11  7.8928653E-10  7.7709289E-10  1.7158402E-10  1.6894426E-10  6.7333831E-03
  re185    185   2.3373525E-12  3.9730247E-10  3.9496512E-10  8.6370106E-11  8.5867577E-11  2.5342314E-03
  re186    186   4.4316405E-33  4.4316405E-33  0.0000000E+00  9.6340009E-34  0.0000000E+00  0.0000000E+00
  re187    187  -1.1917467E-11  7.0834805E-10  7.2026551E-10  1.5398871E-10  1.5658967E-10 -7.2742244E-03
  os186    186   1.6503021E-11  2.3541485E-10  2.1891183E-10  5.1177142E-11  4.7592631E-11  3.1536330E-02
  os187    187   2.6841585E-12  1.7773702E-10  1.7505286E-10  3.8638485E-11  3.8057453E-11  6.5803789E-03
  os188    188   4.5347059E-12  1.8512255E-09  1.8466908E-09  4.0244033E-10  4.0148071E-10  1.0367888E-03
  os189    189  -4.6335158E-11  2.2172035E-09  2.2635387E-09  4.8200077E-10  4.9210569E-10 -9.0106530E-03
  os190    190  -3.9802162E-11  3.6607168E-09  3.7005190E-09  7.9580803E-10  8.0451312E-10 -4.7248178E-03
  os191    191   2.6350772E-29  2.6350772E-29  0.0000000E+00  5.7284289E-30  0.0000000E+00  0.0000000E+00
  os192    192  -1.2810286E-10  5.6796798E-09  5.8077827E-09  1.2347130E-09  1.2626439E-09 -9.7148595E-03
  ir191    191  -1.1276313E-10  4.7842237E-09  4.8969868E-09  1.0400486E-09  1.0646317E-09 -1.0145766E-02
  ir192    192   6.3489966E-25  6.3489966E-25  0.0000000E+00  1.3802167E-25  0.0000000E+00  0.0000000E+00
  ir193    193  -1.9339641E-10  8.1244478E-09  8.3178442E-09  1.7661843E-09  1.8083449E-09 -1.0245249E-02
  pt192    192   1.0423551E-11  2.1633642E-10  2.0591287E-10  4.7029658E-11  4.4766586E-11  2.1417854E-02
  pt193    193   3.9606874E-16  3.9606874E-16  0.0000000E+00  8.6101905E-17  0.0000000E+00  0.0000000E+00
  pt194    194  -1.6503243E-10  8.6062979E-09  8.7713303E-09  1.8709343E-09  1.9069353E-09 -8.2774265E-03
  pt195    195  -2.0352342E-10  8.8446477E-09  9.0481711E-09  1.9227495E-09  1.9671220E-09 -9.9085951E-03
  pt196    196  -7.5376150E-11  6.7098607E-09  6.7852368E-09  1.4586654E-09  1.4751477E-09 -4.8798192E-03
  au197    197  -7.1601391E-11  4.0177390E-09  4.0893404E-09  8.7342156E-10  8.8904500E-10 -7.6998421E-03
  hg198    198   7.7188478E-11  1.0378109E-09  9.6062247E-10  2.2561109E-10  2.0884458E-10  3.3537228E-02
  hg199    199   4.0273340E-12  1.6376462E-09  1.6336189E-09  3.5601005E-10  3.5515768E-10  1.0410757E-03
  hg200    200   9.4636521E-11  2.3427571E-09  2.2481206E-09  5.0929505E-10  4.8875376E-10  1.7879369E-02
  hg201    201   3.1965763E-11  1.3210486E-09  1.2890828E-09  2.8718450E-10  2.8025368E-10  1.0609689E-02
  hg202    202   1.8488011E-10  3.1199510E-09  2.9350709E-09  6.7825023E-10  6.3810046E-10  2.6500909E-02
  tl203    203   1.1939727E-10  1.2804361E-09  1.1610388E-09  2.7835567E-10  2.5241623E-10  4.2482819E-02
  tl204    204  -1.3641204E-16 -1.3641204E-16  0.0000000E+00 -2.9654792E-17  0.0000000E+00  0.0000000E+00
  tl205    205   2.5520119E-10  3.0540828E-09  2.7988816E-09  6.6393108E-10  6.0849220E-10  3.7867963E-02
  pb204    204   6.3499095E-11  1.5330873E-09  1.4695882E-09  3.3327985E-10  3.1949654E-10  1.8342920E-02
  pb205    205   8.8832353E-12  8.8832353E-12  0.0000000E+00  1.9311382E-12  0.0000000E+00  0.0000000E+00
  pb206    206   4.1938275E-10  1.4227698E-08  1.3808315E-08  3.0929779E-09  3.0020035E-09  1.2965619E-02
  pb207    207   2.9593927E-10  1.5650585E-08  1.5354646E-08  3.4023011E-09  3.3381844E-09  8.2624489E-03
  pb208    208   4.2818016E-10  4.4590195E-08  4.4162014E-08  9.6935207E-09  9.6010648E-09  4.1621290E-03
  bi209    209   1.8736124E-11  3.0901182E-09  3.0713820E-09  6.7176481E-10  6.6773526E-10  2.6129230E-03
  bi210    210   9.3858577E-34  9.3858577E-34  0.0000000E+00  2.0404038E-34  0.0000000E+00  0.0000000E+00
  po210    210   1.8742004E-11  1.8742004E-11  0.0000000E+00  4.0743489E-12  0.0000000E+00  0.0000000E+00
