  species    A      yield       mass(i)_lost    mass(i)_0        <X(i)>          X0(i)   log10(<X(i)>/X0(i)) 
      n      1   0.0000000E+00  0.0000000E+00  0.0000000E+00  0.0000000E+00  0.0000000E+00  0.0000000E+00
      p      1  -2.2165990E-01  2.6869216E+00  2.9085815E+00  6.5200722E-01  7.0584649E-01 -3.4457859E-02
      d      2   2.1127056E-17  2.1127056E-17  0.0000000E+00  5.1266822E-18  0.0000000E+00  0.0000000E+00
    he3      3   3.5879748E-06  3.5879748E-06  0.0000000E+00  8.7065638E-07  0.0000000E+00  0.0000000E+00
    he4      4   1.8966556E-01  1.3432108E+00  1.1535453E+00  3.2594293E-01  2.7993914E-01  6.6077963E-02
    li7      7  -2.6572621E-08  1.0917599E-08  3.7490221E-08  2.6492599E-09  9.0980219E-09 -5.3582239E-01
    be7      7   4.4188997E-12  4.4188997E-12  0.0000000E+00  1.0722883E-12  0.0000000E+00  0.0000000E+00
     b8      8   9.5196026E-25  9.5196026E-25  0.0000000E+00  2.3100226E-25  0.0000000E+00  0.0000000E+00
    c12     12  -4.0277410E-03  6.2943464E-03  1.0322087E-02  1.5273833E-03  2.5049355E-03 -2.1484852E-01
    c13     13   6.9046166E-04  8.1554509E-04  1.2508343E-04  1.9789982E-04  3.0354900E-05  8.1421661E-01
    c14     14   6.6948139E-08  6.6948139E-08  0.0000000E+00  1.6245606E-08  0.0000000E+00  0.0000000E+00
    n13     13   0.0000000E+00  0.0000000E+00  0.0000000E+00  0.0000000E+00  0.0000000E+00  0.0000000E+00
    n14     14   3.5898894E-02  3.8950711E-02  3.0518190E-03  9.4517628E-03  7.4060698E-04  1.1059250E+00
    n15     15  -6.8009463E-06  7.1604870E-07  7.5169951E-06  1.7375606E-07  1.8242035E-06 -1.0211333E+00
    o14     14   0.0000000E+00  0.0000000E+00  0.0000000E+00  0.0000000E+00  0.0000000E+00  0.0000000E+00
    o15     15   0.0000000E+00  0.0000000E+00  0.0000000E+00  0.0000000E+00  0.0000000E+00  0.0000000E+00
    o16     16  -2.7872398E-03  2.2137906E-02  2.4925146E-02  5.3719748E-03  6.0487650E-03 -5.1532757E-02
    o17     17   3.5695466E-05  4.5756933E-05  1.0061468E-05  1.1103357E-05  2.4416890E-06  6.5776396E-01
    o18     18  -5.6051515E-05  3.0065564E-08  5.6081579E-05  7.2956965E-09  1.3609721E-05 -3.2707825E+00
    o19     19   0.0000000E+00  0.0000000E+00  0.0000000E+00  0.0000000E+00  0.0000000E+00  0.0000000E+00
    f17     17   0.0000000E+00  0.0000000E+00  0.0000000E+00  0.0000000E+00  0.0000000E+00  0.0000000E+00
    f18     18   0.0000000E+00  0.0000000E+00  0.0000000E+00  0.0000000E+00  0.0000000E+00  0.0000000E+00
    f19     19   5.1458551E-07  2.1295818E-06  1.6149963E-06  5.1676341E-07  3.9192281E-07  1.2009122E-01
    f20     20   0.0000000E+00  0.0000000E+00  0.0000000E+00  0.0000000E+00  0.0000000E+00  0.0000000E+00
   ne19     19   0.0000000E+00  0.0000000E+00  0.0000000E+00  0.0000000E+00  0.0000000E+00  0.0000000E+00
   ne20     20  -2.4698675E-06  5.1104543E-03  5.1129241E-03  1.2401006E-03  1.2407904E-03 -2.4150558E-04
   ne21     21  -1.1512849E-05  1.3563897E-06  1.2869238E-05  3.2914093E-07  3.1230711E-06 -9.7719997E-01
   ne22     22   1.8395825E-03  2.2531350E-03  4.1355254E-04  5.4674473E-04  1.0035978E-04  7.3622489E-01
   ne23     23   0.0000000E+00  0.0000000E+00  0.0000000E+00  0.0000000E+00  0.0000000E+00  0.0000000E+00
   na21     21   0.0000000E+00  0.0000000E+00  0.0000000E+00  0.0000000E+00  0.0000000E+00  0.0000000E+00
   na22     22   4.8652835E-11  4.8652835E-11  0.0000000E+00  1.1806075E-11  0.0000000E+00  0.0000000E+00
   na23     23   7.4307318E-05  2.1271667E-04  1.3840935E-04  5.1617732E-05  3.3588796E-05  1.8660450E-01
   na24     24   0.0000000E+00  0.0000000E+00  0.0000000E+00  0.0000000E+00  0.0000000E+00  0.0000000E+00
   mg23     23   0.0000000E+00  0.0000000E+00  0.0000000E+00  0.0000000E+00  0.0000000E+00  0.0000000E+00
   mg24     24  -6.3035404E-05  2.3759217E-03  2.4389571E-03  5.7654013E-04  5.9187930E-04 -1.1403608E-02
   mg25     25   1.6434703E-04  4.8598016E-04  3.2163312E-04  1.1792773E-04  7.8053032E-05  1.7922616E-01
   mg26     26   9.7503216E-05  4.6578571E-04  3.6828249E-04  1.1302735E-04  8.9373774E-05  1.0197346E-01
   mg27     27   0.0000000E+00  0.0000000E+00  0.0000000E+00  0.0000000E+00  0.0000000E+00  0.0000000E+00
   al25     25   0.0000000E+00  0.0000000E+00  0.0000000E+00  0.0000000E+00  0.0000000E+00  0.0000000E+00
   al-6     26   0.0000000E+00  0.0000000E+00  0.0000000E+00  0.0000000E+00  0.0000000E+00  0.0000000E+00
   al*6     26   0.0000000E+00  0.0000000E+00  0.0000000E+00  0.0000000E+00  0.0000000E+00  0.0000000E+00
   al27     27   5.6697565E-05  2.9154742E-04  2.3484985E-04  7.0746770E-05  5.6992707E-05  9.3887351E-02
   al28     28   0.0000000E+00  0.0000000E+00  0.0000000E+00  0.0000000E+00  0.0000000E+00  0.0000000E+00
   si27     27   0.0000000E+00  0.0000000E+00  0.0000000E+00  0.0000000E+00  0.0000000E+00  0.0000000E+00
   si28     28   2.3656525E-05  2.7242212E-03  2.7005647E-03  6.6105829E-04  6.5536553E-04  3.7561755E-03
   si29     29   5.2329269E-06  1.4726400E-04  1.4203107E-04  3.5735018E-05  3.4467706E-05  1.5681619E-02
   si30     30   9.2630216E-06  1.0611632E-04  9.6853299E-05  2.5750140E-05  2.3504090E-05  3.9636150E-02
    p31     31   1.5887981E-06  2.8553042E-05  2.6964244E-05  6.9286689E-06  6.5436075E-06  2.4832556E-02
    p32     32   2.7750839E-29  2.7750839E-29  0.0000000E+00  6.7340065E-30  0.0000000E+00  0.0000000E+00
    p33     33   3.9831544E-29  3.9831544E-29  0.0000000E+00  9.6655051E-30  0.0000000E+00  0.0000000E+00
    s32     32  -7.7747973E-06  1.2863579E-03  1.2941327E-03  3.1214702E-04  3.1405652E-04 -2.6486362E-03
    s33     33   4.1908788E-07  1.1103540E-05  1.0684452E-05  2.6943801E-06  2.5928732E-06  1.6677596E-02
    s34     34   2.1211017E-06  6.4259038E-05  6.2137937E-05  1.5593070E-05  1.5079462E-05  1.4545790E-02
    s35     35   1.9097522E-22  1.9097522E-22  0.0000000E+00  4.6341962E-23  0.0000000E+00  0.0000000E+00
    s36     36   1.8291718E-07  4.8964318E-07  3.0672601E-07  1.1881660E-07  7.4435420E-08  2.0309749E-01
   cl35     35  -1.1981774E-07  1.3155613E-05  1.3275431E-05  3.1923353E-06  3.2216446E-06 -3.9691357E-03
   cl36     36   0.0000000E+00  0.0000000E+00  0.0000000E+00  0.0000000E+00  0.0000000E+00  0.0000000E+00
   cl37     37   9.8217834E-07  5.4675124E-06  4.4853341E-06  1.3267442E-06  1.0884884E-06  8.5963391E-02
   ar36     36  -2.8858194E-06  2.4432220E-04  2.4720802E-04  5.9287118E-05  5.9991758E-05 -5.1312577E-03
   ar37     37   5.3493758E-24  5.3493758E-24  0.0000000E+00  1.2980772E-24  0.0000000E+00  0.0000000E+00
   ar38     38   1.2347009E-06  4.8679518E-05  4.7444817E-05  1.1812551E-05  1.1513776E-05  1.1125925E-02
   ar39     39   6.9218248E-10  6.9218248E-10  0.0000000E+00  1.6796470E-10  0.0000000E+00  0.0000000E+00
   ar40     40   1.4140886E-07  2.2128526E-07  7.9876408E-08  5.3696983E-08  1.9384185E-08  4.4250232E-01
    k39     39   1.4904072E-07  1.3019379E-05  1.2870339E-05  3.1592770E-06  3.1233380E-06  4.9687023E-03
    k40     40  -2.0834638E-09  0.0000000E+00  2.0834638E-09  0.0000000E+00  5.0560922E-10  0.0000000E+00
    k41     41   9.8502710E-08  1.0749322E-06  9.7642953E-07  2.6084260E-07  2.3695719E-07  4.1708626E-02
   ca40     40  -1.8923020E-06  2.2093966E-04  2.2283196E-04  5.3613123E-05  5.4076245E-05 -3.7354182E-03
   ca41     41   0.0000000E+00  0.0000000E+00  0.0000000E+00  0.0000000E+00  0.0000000E+00  0.0000000E+00
   ca42     42   1.0657050E-07  1.6681996E-06  1.5616291E-06  4.0480458E-07  3.7897183E-07  2.8638465E-02
   ca43     43   2.8815435E-08  3.6240957E-07  3.3359413E-07  8.7942148E-08  8.0955701E-08  3.5949644E-02
   ca44     44   2.2619133E-08  5.2972541E-06  5.2746350E-06  1.2854293E-06  1.2800336E-06  1.8268082E-03
   ca45     45   1.8783060E-19  1.8783060E-19  0.0000000E+00  4.5578893E-20  0.0000000E+00  0.0000000E+00
   ca46     46   4.3201474E-08  5.3775619E-08  1.0574145E-08  1.3049168E-08  2.5661042E-09  7.0630848E-01
   ca47     47   7.0649198E-36  7.0649198E-36  0.0000000E+00  1.7143703E-36  0.0000000E+00  0.0000000E+00
   ca48     48  -6.0055072E-10  5.1523187E-07  5.1583243E-07  1.2502593E-07  1.2518078E-07 -5.3751818E-04
   sc45     45   3.4233452E-08  1.8304512E-07  1.4881167E-07  4.4417646E-08  3.6113200E-08  8.9889593E-02
   sc46     46   3.1906891E-26  3.1906891E-26  0.0000000E+00  7.7425119E-27  0.0000000E+00  0.0000000E+00
   sc47     47   4.4113416E-35  4.4113416E-35  0.0000000E+00  1.0704542E-35  0.0000000E+00  0.0000000E+00
   sc48     48  -1.1235996E-31  9.3743924E-29  9.3856284E-29  2.2747860E-29  2.2776783E-29  0.0000000E+00
   ti46     46  -9.3635890E-09  8.9979642E-07  9.0916001E-07  2.1834420E-07  2.2063243E-07 -4.5277043E-03
   ti47     47  -1.1026316E-08  8.2669794E-07  8.3772426E-07  2.0060615E-07  2.0329659E-07 -5.7858578E-03
   ti48     48  -1.6128888E-07  8.3158839E-06  8.4771727E-06  2.0179286E-06  2.0572168E-06 -8.3742412E-03
   ti49     49   8.0727602E-08  7.1579171E-07  6.3506411E-07  1.7369371E-07  1.5411560E-07  5.1937506E-02
   ti50     50   1.4423284E-07  7.6471656E-07  6.2048372E-07  1.8556578E-07  1.5057726E-07  9.0738483E-02
    v51     51  -2.1150527E-08  1.3462875E-06  1.3674380E-06  3.2668953E-07  3.3184605E-07 -6.8014273E-03
   cr52     52  -5.8713704E-07  5.5468241E-05  5.6055378E-05  1.3459899E-05  1.3603363E-05 -4.6045086E-03
   cr53     53  -3.8018698E-08  6.4404148E-06  6.4784335E-06  1.5628282E-06  1.5721682E-06 -2.5877748E-03
   cr54     54   4.9248354E-07  2.1355315E-06  1.6430480E-06  5.1820712E-07  3.9873032E-07  1.1382413E-01
   mn55     55  -1.1219163E-07  4.8842412E-05  4.8954604E-05  1.1852078E-05  1.1880167E-05 -1.0280346E-03
   fe54     54  -6.8506633E-06  3.1570773E-04  3.2255839E-04  7.6609496E-05  7.8277582E-05 -9.3547842E-03
   fe55     55  -9.5250637E-14 -9.5250637E-14  0.0000000E+00 -2.3113478E-14  0.0000000E+00  0.0000000E+00
   fe56     56  -6.5874774E-05  5.1850635E-03  5.2509382E-03  1.2582053E-03  1.2742830E-03 -5.5144033E-03
   fe57     57   1.4936435E-05  1.3836952E-04  1.2343308E-04  3.3576685E-05  2.9954399E-05  4.9577229E-02
   fe58     58   3.4973571E-05  5.1688505E-05  1.6714936E-05  1.2542710E-05  4.0563341E-06  4.9025765E-01
   fe59     59   2.3898987E-24  2.3898987E-24  0.0000000E+00  5.7993178E-25  0.0000000E+00  0.0000000E+00
   fe60     60   0.0000000E+00  0.0000000E+00  0.0000000E+00  0.0000000E+00  0.0000000E+00  0.0000000E+00
   co59     59   1.0133274E-05  2.3023924E-05  1.2890649E-05  5.5869750E-06  3.1282668E-06  2.5187293E-01
   co60     60   3.5987097E-12  3.5987097E-12  0.0000000E+00  8.7326132E-13  0.0000000E+00  0.0000000E+00
   ni58     58  -4.0807063E-06  1.8035898E-04  1.8443969E-04  4.3765831E-05  4.4759308E-05 -9.7481888E-03
   ni59     59   0.0000000E+00  0.0000000E+00  0.0000000E+00  0.0000000E+00  0.0000000E+00  0.0000000E+00
   ni60     60   7.6712022E-06  8.1167680E-05  7.3496478E-05  1.9696114E-05  1.7835922E-05  4.3084972E-02
   ni61     61   2.3411719E-06  5.5893283E-06  3.2481564E-06  1.3563040E-06  7.8825360E-07  2.3569107E-01
   ni62     62   4.0463756E-06  1.4572302E-05  1.0525927E-05  3.5361086E-06  2.5544027E-06  1.4123625E-01
   ni63     63   0.0000000E+00  0.0000000E+00  0.0000000E+00  0.0000000E+00  0.0000000E+00  0.0000000E+00
   ni64     64   2.3527284E-06  5.1199186E-06  2.7671902E-06  1.2423972E-06  6.7153400E-07  2.6719242E-01
   cu63     63   1.9717743E-06  4.2557158E-06  2.2839415E-06  1.0326901E-06  5.5426062E-07  2.7025598E-01
   cu64     64   0.0000000E+00  0.0000000E+00  0.0000000E+00  0.0000000E+00  0.0000000E+00  0.0000000E+00
   cu65     65   3.5609207E-07  1.4063805E-06  1.0502885E-06  3.4127169E-07  2.5488109E-07  1.2676263E-01
   zn64     64  -7.4340733E-08  3.8387484E-06  3.9130891E-06  9.3150902E-07  9.4961757E-07 -8.3616795E-03
   zn65     65   3.3097399E-19  3.3097399E-19  0.0000000E+00  8.0314003E-20  0.0000000E+00  0.0000000E+00
   zn66     66   3.1571903E-07  2.6308444E-06  2.3151254E-06  6.3839957E-07  5.6182824E-07  5.5489033E-02
   zn67     67   7.3022505E-08  4.1838734E-07  3.4536484E-07  1.0152569E-07  8.3812175E-08  8.3268821E-02
   zn68     68   4.1401381E-07  2.0170132E-06  1.6029994E-06  4.8944753E-07  3.8901143E-07  9.9743776E-02
   zn69     69   0.0000000E+00  0.0000000E+00  0.0000000E+00  0.0000000E+00  0.0000000E+00  0.0000000E+00
   zn70     70   1.4123707E-09  5.5977942E-08  5.4565572E-08  1.3583583E-08  1.3241821E-08  1.1066627E-02
   ga69     69   5.8074278E-08  2.0503721E-07  1.4696293E-07  4.9754238E-08  3.5664559E-08  1.4459319E-01
   ga70     70   0.0000000E+00  0.0000000E+00  0.0000000E+00  0.0000000E+00  0.0000000E+00  0.0000000E+00
   ga71     71   4.6533039E-08  1.4689481E-07  1.0036177E-07  3.5645428E-08  2.4355515E-08  1.6540653E-01
   ge70     70   8.5472323E-08  2.4893544E-07  1.6346311E-07  6.0406563E-08  3.9668777E-08  1.8263532E-01
   ge71     71   5.5023788E-30  5.5023788E-30  0.0000000E+00  1.3352048E-30  0.0000000E+00  0.0000000E+00
   ge72     72   7.5141315E-08  2.9732894E-07  2.2218762E-07  7.2149710E-08  5.3919877E-08  1.2648571E-01
   ge73     73   2.2385727E-08  8.5617515E-08  6.3231788E-08  2.0775909E-08  1.5344913E-08  1.3159561E-01
   ge74     74   9.5349549E-08  3.9618169E-07  3.0083214E-07  9.6137278E-08  7.3005104E-08  1.1953861E-01
   as75     75   8.3771390E-09  5.2481699E-08  4.4104560E-08  1.2735186E-08  1.0703173E-08  7.5492769E-02
   se76     76   3.1509160E-08  7.7426023E-08  4.5916863E-08  1.8788164E-08  1.1142977E-08  2.2688308E-01
   se77     77   1.2014780E-08  4.9897778E-08  3.7882998E-08  1.2108173E-08  9.1933412E-09  1.1960525E-01
   se78     78   7.9928483E-08  1.9947836E-07  1.1954988E-07  4.8405333E-08  2.9012032E-08  2.2231507E-01
   se79     79   0.0000000E+00  0.0000000E+00  0.0000000E+00  0.0000000E+00  0.0000000E+00  0.0000000E+00
   se80     80   9.8030768E-08  3.5393981E-07  2.5590904E-07  8.5886882E-08  6.2103297E-08  1.4081219E-01
   br79     79   1.7595561E-08  5.8519472E-08  4.0923911E-08  1.4200309E-08  9.9313002E-09  1.5529171E-01
   br80     80   0.0000000E+00  0.0000000E+00  0.0000000E+00  0.0000000E+00  0.0000000E+00  0.0000000E+00
   br81     81   1.2989148E-08  5.3807838E-08  4.0818691E-08  1.3056987E-08  9.9057660E-09  1.1995492E-01
   kr80     80  -2.3155078E-10  9.5211794E-09  9.7527302E-09  2.3104052E-09  2.3667655E-09 -1.0467065E-02
   kr81     81   0.0000000E+00  0.0000000E+00  0.0000000E+00  0.0000000E+00  0.0000000E+00  0.0000000E+00
   kr82     82   4.7171213E-08  9.7260369E-08  5.0089156E-08  2.3601158E-08  1.2155497E-08  2.8816062E-01
   kr83     83   1.6182767E-08  6.6410884E-08  5.0228117E-08  1.6115235E-08  1.2189219E-08  1.2126076E-01
   kr84     84   1.1432212E-07  3.6484099E-07  2.5051887E-07  8.8532154E-08  6.0795223E-08  1.6323158E-01
   kr-5     85  -1.5696392E-13 -1.5696392E-13  0.0000000E+00 -3.8088795E-14  0.0000000E+00  0.0000000E+00
   kr*5     85   0.0000000E+00  0.0000000E+00  0.0000000E+00  0.0000000E+00  0.0000000E+00  0.0000000E+00
   kr86     86   2.8889929E-07  3.6646333E-07  7.7564046E-08  8.8925830E-08  1.8823028E-08  6.7433840E-01
   rb85     85   4.0156824E-08  8.0816612E-08  4.0659788E-08  1.9610923E-08  9.8672048E-09  2.9830387E-01
   rb86     86   2.9630545E-28  2.9630545E-28  0.0000000E+00  7.1901350E-29  0.0000000E+00  0.0000000E+00
   rb87     87   6.1763281E-08  7.8889805E-08  1.7126524E-08  1.9143366E-08  4.1562171E-09  6.6332006E-01
   sr86     86   2.3055591E-08  4.2028880E-08  1.8973289E-08  1.0198709E-08  4.6043849E-09  3.4537363E-01
   sr87     87   1.1921304E-08  2.5334927E-08  1.3413623E-08  6.1477623E-09  3.2551806E-09  2.7614200E-01
   sr88     88   3.8203592E-07  5.4470161E-07  1.6266569E-07  1.3217705E-07  3.9475257E-08  5.2483112E-01
   sr89     89   9.1279108E-26  9.1279108E-26  0.0000000E+00  2.2149747E-26  0.0000000E+00  0.0000000E+00
   sr90     90   1.6196349E-12  1.6196349E-12  0.0000000E+00  3.9301987E-13  0.0000000E+00  0.0000000E+00
    y89     89   1.2196611E-07  1.6076635E-07  3.8800234E-08  3.9011493E-08  9.4159329E-09  6.1732918E-01
    y90     90   4.0959313E-16  4.0959313E-16  0.0000000E+00  9.9391686E-17  0.0000000E+00  0.0000000E+00
    y91     91   1.6916119E-25  1.6916119E-25  0.0000000E+00  4.1048581E-26  0.0000000E+00  0.0000000E+00
   zr90     90   1.1228447E-07  1.5852845E-07  4.6243979E-08  3.8468443E-08  1.1222361E-08  5.3502035E-01
   zr91     91   3.4421927E-08  4.4618517E-08  1.0196590E-08  1.0827110E-08  2.4744802E-09  6.4102858E-01
   zr92     92   6.4538355E-08  8.0295436E-08  1.5757081E-08  1.9484455E-08  3.8238848E-09  7.0718348E-01
   zr93     93   0.0000000E+00  0.0000000E+00  0.0000000E+00  0.0000000E+00  0.0000000E+00  0.0000000E+00
   zr94     94   8.1181234E-08  9.7496951E-08  1.6315717E-08  2.3658567E-08  3.9594532E-09  7.7635324E-01
   zr95     95   3.0493765E-24  3.0493765E-24  0.0000000E+00  7.3996035E-25  0.0000000E+00  0.0000000E+00
   zr96     96   4.1902805E-08  4.4587271E-08  2.6844644E-09  1.0819527E-08  6.5145839E-10  1.2203217E+00
   nb93     93   2.4825381E-08  3.1870975E-08  7.0455943E-09  7.7337967E-09  1.7098053E-09  6.5544611E-01
   nb94     94   3.9054991E-15  3.9054991E-15  0.0000000E+00  9.4770673E-16  0.0000000E+00  0.0000000E+00
   nb95     95   3.6728102E-24  3.6728102E-24  0.0000000E+00  8.9124253E-25  0.0000000E+00  0.0000000E+00
   mo94     94  -5.2402971E-11  2.1557238E-09  2.2081268E-09  5.2310700E-10  5.3586208E-10 -1.0462477E-02
   mo95     95   1.6832065E-08  2.0694412E-08  3.8623473E-09  5.0216968E-09  9.3730379E-10  7.2897011E-01
   mo96     96   2.9010247E-08  3.3118713E-08  4.1084665E-09  8.0365723E-09  9.9703124E-10  9.0636212E-01
   mo97     97   9.1453272E-09  1.1535461E-08  2.3901332E-09  2.7991898E-09  5.8003086E-10  6.8358123E-01
   mo98     98   2.0903421E-08  2.7039473E-08  6.1360526E-09  6.5613865E-09  1.4890802E-09  6.4407754E-01
   tc99     99   0.0000000E+00  0.0000000E+00  0.0000000E+00  0.0000000E+00  0.0000000E+00  0.0000000E+00
   ru99     99   2.4470230E-09  4.5894741E-09  2.1424511E-09  1.1136798E-09  5.1992405E-10  3.3082044E-01
  ru100    100   8.0176346E-09  1.0154578E-08  2.1369426E-09  2.4641054E-09  5.1858728E-10  6.7683744E-01
  ru101    101   1.5862844E-09  4.5085979E-09  2.9223135E-09  1.0940544E-09  7.0917894E-10  1.8828312E-01
  ru102    102   9.4436814E-09  1.4901499E-08  5.4578178E-09  3.6159911E-09  1.3244881E-09  4.3617931E-01
  rh103    103   1.4611541E-09  4.9466391E-09  3.4854850E-09  1.2003493E-09  8.4584784E-10  1.5201539E-01
  pd104    104   4.9497579E-09  6.4750312E-09  1.5252735E-09  1.5712283E-09  3.7014913E-10  6.2786257E-01
  pd105    105   1.1533257E-09  4.2400830E-09  3.0867573E-09  1.0288966E-09  7.4908568E-10  1.3784024E-01
  pd106    106   5.6304721E-09  9.4443848E-09  3.8139127E-09  2.2917703E-09  9.2554975E-10  3.9377132E-01
  pd107    107   0.0000000E+00  0.0000000E+00  0.0000000E+00  0.0000000E+00  0.0000000E+00  0.0000000E+00
  pd108    108   7.3477393E-09  1.1109920E-08  3.7621808E-09  2.6959284E-09  9.1299551E-10  4.7023970E-01
  ag107    107   1.0469843E-09  3.6379866E-09  2.5910023E-09  8.8279223E-10  6.2877720E-10  1.4736170E-01
  ag108    108   0.0000000E+00  0.0000000E+00  0.0000000E+00  0.0000000E+00  0.0000000E+00  0.0000000E+00
  ag109    109   1.7706694E-09  4.2227990E-09  2.4521296E-09  1.0247025E-09  5.9507599E-10  2.3602539E-01
  cd108    108  -2.0492497E-12  1.4324109E-10  1.4529034E-10  3.4758817E-11  3.5258654E-11 -6.2007229E-03
  cd109    109   1.6389254E-23  1.6389254E-23  0.0000000E+00  3.9770091E-24  0.0000000E+00  0.0000000E+00
  cd110    110   6.6906294E-09  8.7673646E-09  2.0767355E-09  2.1274849E-09  5.0397642E-10  6.2545627E-01
  cd111    111   2.1656470E-09  4.3132569E-09  2.1476099E-09  1.0466530E-09  5.2117599E-10  3.0281830E-01
  cd112    112   9.0758006E-09  1.3160873E-08  4.0850727E-09  3.1936118E-09  9.9135400E-10  5.0805336E-01
  cd113    113   2.6597660E-09  4.7470050E-09  2.0872390E-09  1.1519061E-09  5.0652538E-10  3.5681590E-01
  cd114    114   1.4607165E-08  1.9557827E-08  4.9506617E-09  4.7458939E-09  1.2014127E-09  5.9662580E-01
  in115    115   2.7835818E-09  4.6503126E-09  1.8667308E-09  1.1284428E-09  4.5301299E-10  3.9636889E-01
  sn116    116   2.2714939E-08  2.8555323E-08  5.8403833E-09  6.9292221E-09  1.4173279E-09  6.8921417E-01
  sn117    117   6.6917769E-09  9.8032933E-09  3.1115166E-09  2.3788629E-09  7.5509421E-10  4.9836829E-01
  sn118    118   3.5859649E-08  4.5347583E-08  9.4879331E-09  1.1004024E-08  2.3025055E-09  6.7935085E-01
  sn119    119   1.0361454E-08  1.3901156E-08  3.5397023E-09  3.3732483E-09  8.5900514E-10  5.9405255E-01
  sn120    120   6.0143577E-08  7.3681584E-08  1.3538006E-08  1.7879541E-08  3.2853658E-09  7.3577261E-01
  sb121    121   4.2395993E-09  6.3273515E-09  2.0877522E-09  1.5353924E-09  5.0664994E-10  4.8151135E-01
  te122    122   7.5314297E-09  8.9192032E-09  1.3877733E-09  2.1643298E-09  3.3678099E-10  8.0797589E-01
  te123    123   2.7422833E-09  3.2306195E-09  4.8833632E-10  7.8394069E-10  1.1850811E-10  8.2053518E-01
  te124    124   1.4386970E-08  1.7008936E-08  2.6219669E-09  4.1273811E-09  6.3629169E-10  8.1201833E-01
  te125    125   4.7143485E-09  8.6566923E-09  3.9423438E-09  2.1006292E-09  9.5671704E-10  3.4156591E-01
  te126    126   2.7170088E-08  3.7759634E-08  1.0589544E-08  9.1627363E-09  2.5698412E-09  5.5211890E-01
   i127    127   3.2473357E-09  1.6528105E-08  1.3280769E-08  4.0107029E-09  3.2229404E-09  9.4968207E-02
   i128    128   0.0000000E+00  0.0000000E+00  0.0000000E+00  0.0000000E+00  0.0000000E+00  0.0000000E+00
   i129    129   9.6043885E-12  9.6043885E-12  0.0000000E+00  2.3305967E-12  0.0000000E+00  0.0000000E+00
  xe128    128   8.5940446E-09  1.0028501E-08  1.4344566E-09  2.4335116E-09  3.4810993E-10  8.4451699E-01
  xe129    129   2.8862139E-09  2.0894026E-08  1.8007812E-08  5.0701350E-09  4.3700856E-09  6.4529561E-02
  xe130    130   1.7196072E-08  2.0109757E-08  2.9136862E-09  4.8798250E-09  7.0708528E-10  8.3893245E-01
  xe131    131   6.2958936E-09  2.0850910E-08  1.4555017E-08  5.0596727E-09  3.5321712E-09  1.5608068E-01
  xe132    132   3.4000589E-08  5.1926335E-08  1.7925746E-08  1.2600422E-08  4.3501704E-09  4.6187881E-01
  xe133    133   5.7703645E-34  5.7703645E-34  0.0000000E+00  1.4002341E-34  0.0000000E+00  0.0000000E+00
  xe134    134   2.1450337E-08  2.8169383E-08  6.7190462E-09  6.8355703E-09  1.6305596E-09  6.2243807E-01
  cs133    133   4.5662780E-09  9.2790575E-09  4.7127795E-09  2.2516520E-09  1.1436843E-09  2.9419512E-01
  cs134    134   9.3722500E-18  9.3722500E-18  0.0000000E+00  2.2742661E-18  0.0000000E+00  0.0000000E+00
  cs135    135   0.0000000E+00  0.0000000E+00  0.0000000E+00  0.0000000E+00  0.0000000E+00  0.0000000E+00
  cs136    136   9.0700157E-31  9.0700157E-31  0.0000000E+00  2.2009260E-31  0.0000000E+00  0.0000000E+00
  cs137    137   0.0000000E+00  0.0000000E+00  0.0000000E+00  0.0000000E+00  0.0000000E+00  0.0000000E+00
  ba134    134   1.0588810E-08  1.2033590E-08  1.4447799E-09  2.9200657E-09  3.5061518E-10  9.2056191E-01
  ba135    135   1.0113522E-08  1.4083378E-08  3.9698556E-09  3.4174663E-09  9.6339359E-10  5.4990053E-01
  ba136    136   3.0885833E-08  3.5650736E-08  4.7649027E-09  8.6509919E-09  1.1563334E-09  8.7398285E-01
  ba137    137   4.4338297E-08  5.1202690E-08  6.8643931E-09  1.2424822E-08  1.6658319E-09  8.7265897E-01
  ba138    138   2.3462340E-07  2.7876146E-07  4.4138059E-08  6.7644130E-08  1.0711301E-08  8.0038786E-01
  la139    139   2.6437208E-08  3.2491293E-08  6.0540852E-09  7.8843225E-09  1.4691887E-09  7.2968680E-01
  ce140    140   5.9347588E-08  7.3223006E-08  1.3875418E-08  1.7768263E-08  3.3672480E-09  7.2236985E-01
  ce141    141   3.2940641E-28  3.2940641E-28  0.0000000E+00  7.9933616E-29  0.0000000E+00  0.0000000E+00
  ce142    142   6.1339138E-09  7.9023472E-09  1.7684335E-09  1.9175801E-09  4.2915851E-10  6.5013576E-01
  pr141    141   5.9755827E-09  8.3669427E-09  2.3913600E-09  2.0303186E-09  5.8032856E-10  5.4389024E-01
  nd142    142   1.0948179E-08  1.4138134E-08  3.1899547E-09  3.4307535E-09  7.7412932E-10  6.4657599E-01
  nd143    143   2.1119693E-09  3.5401428E-09  1.4281737E-09  8.5904950E-10  3.4658523E-10  3.9420813E-01
  nd144    144   6.0539564E-09  8.8923100E-09  2.8383538E-09  2.1578039E-09  6.8880385E-10  4.9591643E-01
  nd145    145   1.1233716E-09  2.1788675E-09  1.0554959E-09  5.2872301E-10  2.5614483E-10  3.1474262E-01
  nd146    146   5.1603761E-09  7.2378672E-09  2.0774913E-09  1.7563376E-09  5.0415977E-10  5.4203981E-01
  nd147    147   1.1379439E-31  1.1379439E-31  0.0000000E+00  2.7613297E-32  0.0000000E+00  0.0000000E+00
  nd148    148   7.4248663E-10  1.4452016E-09  7.0271500E-10  3.5069200E-10  1.7053293E-10  3.1311756E-01
  pm147    147  -9.4148083E-17 -9.4148083E-17  0.0000000E+00 -2.2845933E-17  0.0000000E+00  0.0000000E+00
  pm148    148   1.2063274E-39  1.2063274E-39  0.0000000E+00  2.9272705E-40  0.0000000E+00  0.0000000E+00
  sm147    147   6.1055072E-10  1.1761976E-09  5.6564686E-10  2.8541558E-10  1.3726963E-10  3.1790325E-01
  sm148    148   1.2422545E-09  1.6692796E-09  4.2702511E-10  4.0506665E-10  1.0362927E-10  5.9204406E-01
  sm149    149   2.2492452E-10  7.5351758E-10  5.2859306E-10  1.8284825E-10  1.2827750E-10  1.5394032E-01
  sm150    150   1.1034309E-09  1.3875985E-09  2.8416761E-10  3.3671405E-10  6.8961011E-11  6.8865764E-01
  sm151    151   4.4309818E-14  4.4309818E-14  0.0000000E+00  1.0752201E-14  0.0000000E+00  0.0000000E+00
  sm152    152   9.6354613E-10  2.0073134E-09  1.0437673E-09  4.8709381E-10  2.5329852E-10  2.8397995E-01
  eu151    151   1.4957630E-10  8.3810597E-10  6.8852968E-10  2.0337443E-10  1.6709047E-10  8.5344695E-02
  eu152    152   3.0055964E-19  3.0055964E-19  0.0000000E+00  7.2933671E-20  0.0000000E+00  0.0000000E+00
  eu153    153   1.7093110E-10  9.3249586E-10  7.6156476E-10  2.2627904E-10  1.8481443E-10  8.7908454E-02
  eu154    154  -2.6081486E-17 -2.6081486E-17  0.0000000E+00 -6.3289218E-18  0.0000000E+00  0.0000000E+00
  eu155    155  -3.6124135E-17 -3.6124135E-17  0.0000000E+00 -8.7658670E-18  0.0000000E+00  0.0000000E+00
  gd152    152   7.7261114E-14  1.0130440E-11  1.0053179E-11  2.4582480E-12  2.4396776E-12  3.2932754E-03
  gd153    153   3.2610173E-27  3.2610173E-27  0.0000000E+00  7.9131704E-28  0.0000000E+00  0.0000000E+00
  gd154    154   4.4288939E-10  5.5391175E-10  1.1102237E-10  1.3441198E-10  2.6942601E-11  6.9799846E-01
  gd155    155   1.6396656E-10  9.2258728E-10  7.5862072E-10  2.2387463E-10  1.8409997E-10  8.4951147E-02
  gd156    156   6.9782580E-10  1.7538289E-09  1.0560031E-09  4.2558335E-10  2.5626790E-10  2.2029042E-01
  gd157    157   3.3008485E-10  1.1426067E-09  8.1252183E-10  2.7726443E-10  1.9718054E-10  1.4803015E-01
  gd158    158   1.3348062E-09  2.6326936E-09  1.2978875E-09  6.3884825E-10  3.1496772E-10  3.0713168E-01
  gd159    159   0.0000000E+00  0.0000000E+00  0.0000000E+00  0.0000000E+00  0.0000000E+00  0.0000000E+00
  gd160    160   7.1768591E-11  1.2284118E-09  1.1566432E-09  2.9808586E-10  2.8069097E-10  2.6112929E-02
  tb159    159   2.7258162E-10  1.2516832E-09  9.7910158E-10  3.0373290E-10  2.3760566E-10  1.0663507E-01
  tb160    160   6.2948481E-26  6.2948481E-26  0.0000000E+00  1.5275051E-26  0.0000000E+00  0.0000000E+00
  tb161    161   6.5763022E-34  6.5763022E-34  0.0000000E+00  1.5958026E-34  0.0000000E+00  0.0000000E+00
  dy160    160   4.8441035E-10  6.3256511E-10  1.4815475E-10  1.5349798E-10  3.5953782E-11  6.3035810E-01
  dy161    161   2.0820001E-10  1.4173085E-09  1.2091085E-09  3.4392345E-10  2.9342309E-10  6.8967476E-02
  dy162    162   9.6378594E-10  2.6046092E-09  1.6408233E-09  6.3203331E-10  3.9819045E-10  2.0064913E-01
  dy163    163   3.9555437E-10  2.0089677E-09  1.6134133E-09  4.8749521E-10  3.9153866E-10  9.5195726E-02
  dy164    164   1.9977970E-09  3.8404240E-09  1.8426269E-09  9.3191554E-10  4.4716358E-10  3.1891012E-01
  ho165    165   3.4765202E-10  1.7828454E-09  1.4351934E-09  4.3262449E-10  3.4828876E-10  9.4171651E-02
  er166    166   8.1746687E-10  2.1808650E-09  1.3633982E-09  5.2920773E-10  3.3086567E-10  2.0397450E-01
  er167    167   3.2664338E-10  1.2628838E-09  9.3624042E-10  3.0645084E-10  2.2720421E-10  1.2994443E-01
  er168    168   1.2730621E-09  2.3841338E-09  1.1110717E-09  5.7853283E-10  2.6963179E-10  3.3155695E-01
  er169    169   3.6426575E-32  3.6426575E-32  0.0000000E+00  8.8392569E-33  0.0000000E+00  0.0000000E+00
  er170    170   4.5800980E-10  1.0793821E-09  6.2137234E-10  2.6192240E-10  1.5079291E-10  2.3979175E-01
  tm169    169   3.1286551E-10  9.6948205E-10  6.5661654E-10  2.3525409E-10  1.5934587E-10  1.6919637E-01
  tm170    170   2.8673633E-23  2.8673633E-23  0.0000000E+00  6.9579315E-24  0.0000000E+00  0.0000000E+00
  tm171    171  -1.3600019E-17 -1.3600019E-17  0.0000000E+00 -3.3001746E-18  0.0000000E+00  0.0000000E+00
  yb170    170   4.0150067E-10  5.2568971E-10  1.2418903E-10  1.2756364E-10  3.0137847E-11  6.2661469E-01
  yb171    171   6.1077116E-10  1.2014267E-09  5.9065558E-10  2.9153768E-10  1.4333865E-10  3.0833137E-01
  yb172    172   1.5430273E-09  2.4576254E-09  9.1459817E-10  5.9636629E-10  2.2195215E-10  4.2925373E-01
  yb173    173   6.9895378E-10  1.3817596E-09  6.8280581E-10  3.3529718E-10  1.6570142E-10  3.0610368E-01
  yb174    174   3.0074705E-09  4.3737072E-09  1.3662367E-09  1.0613218E-09  3.3155453E-10  5.0529212E-01
  lu175    175   3.8300035E-10  9.9964959E-10  6.1664923E-10  2.4257452E-10  1.4964671E-10  2.0977800E-01
  lu176    176   2.9590008E-10  3.1389960E-10  1.7999522E-11  7.6170736E-11  4.3680740E-12  1.2414981E+00
  lu177    177   1.0266515E-33  1.0266515E-33  0.0000000E+00  2.4912681E-34  0.0000000E+00  0.0000000E+00
  hf176    176  -3.5978304E-12  1.3490076E-10  1.3849859E-10  3.2734957E-11  3.3610455E-11 -1.1462608E-02
  hf177    177   3.0836295E-10  8.0616225E-10  4.9779930E-10  1.9562298E-10  1.2080456E-10  2.0933653E-01
  hf178    178   1.4134007E-09  2.1478259E-09  7.3442513E-10  5.2119048E-10  1.7822825E-10  4.6601993E-01
  hf179    179   4.9429227E-10  8.6305157E-10  3.6875933E-10  2.0942771E-10  8.9489492E-11  3.6926213E-01
  hf180    180   2.6440592E-09  3.5990462E-09  9.5498709E-10  8.7334295E-10  2.3175362E-10  5.7615834E-01
  hf181    181   1.0435287E-27  1.0435287E-27  0.0000000E+00  2.5322223E-28  0.0000000E+00  0.0000000E+00
  hf182    182   8.9772567E-10  8.9772567E-10  0.0000000E+00  2.1784172E-10  0.0000000E+00  0.0000000E+00
  ta181    181   6.4999611E-10  1.0546195E-09  4.0462339E-10  2.5591351E-10  9.8192877E-11  4.1601321E-01
  ta182    182   8.2364218E-18  8.2364218E-18  0.0000000E+00  1.9986464E-18  0.0000000E+00  0.0000000E+00
  ta183    183   1.4236063E-35  1.4236063E-35  0.0000000E+00  3.4545167E-36  0.0000000E+00  0.0000000E+00
   w182    182   1.0836034E-09  1.7185602E-09  6.3495681E-10  4.1702505E-10  1.5408956E-10  4.3238896E-01
   w183    183   8.1371621E-10  1.1584782E-09  3.4476197E-10  2.8111580E-10  8.3665880E-11  5.2633685E-01
   w184    184   1.9030917E-09  2.6453078E-09  7.4221607E-10  6.4190919E-10  1.8011892E-10  5.5191427E-01
   w185    185   2.8980314E-25  2.8980314E-25  0.0000000E+00  7.0323505E-26  0.0000000E+00  0.0000000E+00
   w186    186   8.4810453E-10  1.5442732E-09  6.9616862E-10  3.7473263E-10  1.6894426E-10  3.4597805E-01
  re185    185   3.7114753E-10  7.2498202E-10  3.5383449E-10  1.7592382E-10  8.5867577E-11  3.1149542E-01
  re186    186   3.6073442E-36  3.6073442E-36  0.0000000E+00  8.7535658E-37  0.0000000E+00  0.0000000E+00
  re187    187   1.7469415E-10  8.1995322E-10  6.4525907E-10  1.9896948E-10  1.5658967E-10  1.0402334E-01
  os186    186   6.9446782E-10  8.9058277E-10  1.9611496E-10  2.1610842E-10  4.7592631E-11  6.5713197E-01
  os187    187   1.9331271E-10  3.5013606E-10  1.5682335E-10  8.4963862E-11  3.8057453E-11  3.4879455E-01
  os188    188   1.4032584E-09  3.0576399E-09  1.6543815E-09  7.4196554E-10  4.0148071E-10  2.6671907E-01
  os189    189   2.4586710E-10  2.2736870E-09  2.0278199E-09  5.5173188E-10  4.9210569E-10  4.9669687E-02
  os190    190   1.3080912E-09  4.6232485E-09  3.3151573E-09  1.1218755E-09  8.0451312E-10  1.4441150E-01
  os191    191   4.1600595E-30  4.1600595E-30  0.0000000E+00  1.0094782E-30  0.0000000E+00  0.0000000E+00
  os192    192   1.9813129E-10  5.4011080E-09  5.2029767E-09  1.3106305E-09  1.2626439E-09  1.6199393E-02
  ir191    191   1.5503954E-10  4.5420676E-09  4.3870281E-09  1.1021761E-09  1.0646317E-09  1.5051618E-02
  ir192    192   1.7724013E-25  1.7724013E-25  0.0000000E+00  4.3009014E-26  0.0000000E+00  0.0000000E+00
  ir193    193   1.3559198E-10  7.5872393E-09  7.4516473E-09  1.8411161E-09  1.8083449E-09  7.7999057E-03
  pt192    192   3.3127295E-10  5.1574262E-10  1.8446966E-10  1.2514988E-10  4.4766586E-11  4.4647643E-01
  pt193    193   6.9991785E-15  6.9991785E-15  0.0000000E+00  1.6984175E-15  0.0000000E+00  0.0000000E+00
  pt194    194   8.8398178E-10  8.7418899E-09  7.8579081E-09  2.1213031E-09  1.9069353E-09  4.6266776E-02
  pt195    195   2.3511859E-10  8.3410381E-09  8.1059195E-09  2.0240327E-09  1.9671220E-09  1.2386211E-02
  pt196    196   1.7017374E-09  7.7803781E-09  6.0786407E-09  1.8879831E-09  1.4751477E-09  1.0716259E-01
  au197    197   5.0937010E-10  4.1728576E-09  3.6634875E-09  1.0125838E-09  8.8904500E-10  5.6507245E-02
  hg198    198   1.9642148E-09  2.8248006E-09  8.6058582E-10  6.8546485E-10  2.0884458E-10  5.1616198E-01
  hg199    199   8.2719331E-10  2.2906916E-09  1.4634983E-09  5.5585825E-10  3.5515768E-10  1.9454284E-01
  hg200    200   2.7145268E-09  4.7285345E-09  2.0140076E-09  1.1474240E-09  4.8875376E-10  3.7063384E-01
  hg201    201   1.1063264E-09  2.2611677E-09  1.1548413E-09  5.4869398E-10  2.8025368E-10  2.9177886E-01
  hg202    202   4.0952299E-09  6.7246502E-09  2.6294205E-09  1.6318007E-09  6.3810046E-10  4.0777805E-01
  tl203    203   2.1283295E-09  3.1684608E-09  1.0401314E-09  7.6885731E-10  2.5241623E-10  4.8372847E-01
  tl204    204  -7.4549260E-16 -7.4549260E-16  0.0000000E+00 -1.8090091E-16  0.0000000E+00  0.0000000E+00
  tl205    205   3.8194736E-09  6.3268875E-09  2.5074138E-09  1.5352797E-09  6.0849220E-10  4.0193248E-01
  pb204    204   1.6738207E-09  2.9903702E-09  1.3165494E-09  7.2564194E-10  3.1949654E-10  3.5625625E-01
  pb205    205   0.0000000E+00  0.0000000E+00  0.0000000E+00  0.0000000E+00  0.0000000E+00  0.0000000E+00
  pb206    206   1.1638173E-08  2.4008528E-08  1.2370355E-08  5.8258989E-09  3.0020035E-09  2.8795177E-01
  pb207    207   1.1542970E-08  2.5298625E-08  1.3755655E-08  6.1389533E-09  3.3381844E-09  2.6458400E-01
  pb208    208   1.9662163E-08  5.9225268E-08  3.9563105E-08  1.4371578E-08  9.6010648E-09  1.7518502E-01
  bi209    209   3.7022008E-10  3.1217566E-09  2.7515366E-09  7.5752410E-10  6.6773526E-10  5.4792143E-02
  bi210    210   0.0000000E+00  0.0000000E+00  0.0000000E+00  0.0000000E+00  0.0000000E+00  0.0000000E+00
  po210    210   0.0000000E+00  0.0000000E+00  0.0000000E+00  0.0000000E+00  0.0000000E+00  0.0000000E+00
