  species    A      yield       mass(i)_lost    mass(i)_0        <X(i)>          X0(i)   log10(<X(i)>/X0(i)) 
      n      1   0.0000000E+00  0.0000000E+00  0.0000000E+00  0.0000000E+00  0.0000000E+00  0.0000000E+00
      p      1  -2.2167993E-01  2.6869016E+00  2.9085815E+00  6.5200233E-01  7.0584649E-01 -3.4461111E-02
      d      2   2.1126757E-17  2.1126757E-17  0.0000000E+00  5.1266094E-18  0.0000000E+00  0.0000000E+00
    he3      3   3.5815644E-06  3.5815644E-06  0.0000000E+00  8.6910086E-07  0.0000000E+00  0.0000000E+00
    he4      4   1.8967998E-01  1.3432252E+00  1.1535453E+00  3.2594645E-01  2.7993914E-01  6.6082627E-02
    li7      7  -2.6587823E-08  1.0902397E-08  3.7490221E-08  2.6455709E-09  9.0980219E-09 -5.3642756E-01
    be7      7   4.4020712E-12  4.4020712E-12  0.0000000E+00  1.0682047E-12  0.0000000E+00  0.0000000E+00
     b8      8   9.5187842E-25  9.5187842E-25  0.0000000E+00  2.3098239E-25  0.0000000E+00  0.0000000E+00
    c12     12  -4.0039481E-03  6.3181394E-03  1.0322087E-02  1.5331570E-03  2.5049355E-03 -2.1320994E-01
    c13     13   6.8817066E-04  8.1325410E-04  1.2508343E-04  1.9734388E-04  3.0354900E-05  8.1299484E-01
    c14     14   3.1817212E-08  3.1817212E-08  0.0000000E+00  7.7207503E-09  0.0000000E+00  0.0000000E+00
    n13     13   0.0000000E+00  0.0000000E+00  0.0000000E+00  0.0000000E+00  0.0000000E+00  0.0000000E+00
    n14     14   3.5929658E-02  3.8981475E-02  3.0518190E-03  9.4592273E-03  7.4060698E-04  1.1062679E+00
    n15     15  -6.8015129E-06  7.1548214E-07  7.5169951E-06  1.7361859E-07  1.8242035E-06 -1.0214771E+00
    o14     14   0.0000000E+00  0.0000000E+00  0.0000000E+00  0.0000000E+00  0.0000000E+00  0.0000000E+00
    o15     15   0.0000000E+00  0.0000000E+00  0.0000000E+00  0.0000000E+00  0.0000000E+00  0.0000000E+00
    o16     16  -2.8259084E-03  2.2099238E-02  2.4925146E-02  5.3625912E-03  6.0487650E-03 -5.2292034E-02
    o17     17   3.5566532E-05  4.5627999E-05  1.0061468E-05  1.1072070E-05  2.4416890E-06  6.5653849E-01
    o18     18  -5.6051806E-05  2.9774043E-08  5.6081579E-05  7.2249562E-09  1.3609721E-05 -3.2750139E+00
    o19     19   0.0000000E+00  0.0000000E+00  0.0000000E+00  0.0000000E+00  0.0000000E+00  0.0000000E+00
    f17     17   0.0000000E+00  0.0000000E+00  0.0000000E+00  0.0000000E+00  0.0000000E+00  0.0000000E+00
    f18     18   0.0000000E+00  0.0000000E+00  0.0000000E+00  0.0000000E+00  0.0000000E+00  0.0000000E+00
    f19     19   4.3827367E-07  2.0532700E-06  1.6149963E-06  4.9824558E-07  3.9192281E-07  1.0424291E-01
    f20     20   0.0000000E+00  0.0000000E+00  0.0000000E+00  0.0000000E+00  0.0000000E+00  0.0000000E+00
   ne19     19   0.0000000E+00  0.0000000E+00  0.0000000E+00  0.0000000E+00  0.0000000E+00  0.0000000E+00
   ne20     20  -3.1441450E-06  5.1097800E-03  5.1129241E-03  1.2399369E-03  1.2407904E-03 -2.9882687E-04
   ne21     21  -1.1519481E-05  1.3497574E-06  1.2869238E-05  3.2753155E-07  3.1230711E-06 -9.7932875E-01
   ne22     22   1.8186161E-03  2.2321686E-03  4.1355254E-04  5.4165703E-04  1.0035978E-04  7.3216468E-01
   ne23     23   0.0000000E+00  0.0000000E+00  0.0000000E+00  0.0000000E+00  0.0000000E+00  0.0000000E+00
   na21     21   0.0000000E+00  0.0000000E+00  0.0000000E+00  0.0000000E+00  0.0000000E+00  0.0000000E+00
   na22     22   4.8431169E-11  4.8431169E-11  0.0000000E+00  1.1752286E-11  0.0000000E+00  0.0000000E+00
   na23     23   7.4028547E-05  2.1243790E-04  1.3840935E-04  5.1550087E-05  3.3588796E-05  1.8603498E-01
   na24     24   0.0000000E+00  0.0000000E+00  0.0000000E+00  0.0000000E+00  0.0000000E+00  0.0000000E+00
   mg23     23   0.0000000E+00  0.0000000E+00  0.0000000E+00  0.0000000E+00  0.0000000E+00  0.0000000E+00
   mg24     24  -6.3637272E-05  2.3753198E-03  2.4389571E-03  5.7639409E-04  5.9187930E-04 -1.1513641E-02
   mg25     25   1.6240540E-04  4.8403852E-04  3.2163312E-04  1.1745658E-04  7.8053032E-05  1.7748758E-01
   mg26     26   9.5124444E-05  4.6340693E-04  3.6828249E-04  1.1245012E-04  8.9373774E-05  9.9749818E-02
   mg27     27   0.0000000E+00  0.0000000E+00  0.0000000E+00  0.0000000E+00  0.0000000E+00  0.0000000E+00
   al25     25   0.0000000E+00  0.0000000E+00  0.0000000E+00  0.0000000E+00  0.0000000E+00  0.0000000E+00
   al-6     26   0.0000000E+00  0.0000000E+00  0.0000000E+00  0.0000000E+00  0.0000000E+00  0.0000000E+00
   al*6     26   0.0000000E+00  0.0000000E+00  0.0000000E+00  0.0000000E+00  0.0000000E+00  0.0000000E+00
   al27     27   5.7220939E-05  2.9207079E-04  2.3484985E-04  7.0873772E-05  5.6992707E-05  9.4666272E-02
   al28     28   0.0000000E+00  0.0000000E+00  0.0000000E+00  0.0000000E+00  0.0000000E+00  0.0000000E+00
   si27     27   0.0000000E+00  0.0000000E+00  0.0000000E+00  0.0000000E+00  0.0000000E+00  0.0000000E+00
   si28     28   2.3157801E-05  2.7237225E-03  2.7005647E-03  6.6093728E-04  6.5536553E-04  3.6766639E-03
   si29     29   5.2340474E-06  1.4726512E-04  1.4203107E-04  3.5735291E-05  3.4467706E-05  1.5684964E-02
   si30     30   9.3316703E-06  1.0618497E-04  9.6853299E-05  2.5766798E-05  2.3504090E-05  3.9917000E-02
    p31     31   1.2297660E-06  2.8194010E-05  2.6964244E-05  6.8415461E-06  6.5436075E-06  1.9337028E-02
    p32     32   2.7235469E-29  2.7235469E-29  0.0000000E+00  6.6089467E-30  0.0000000E+00  0.0000000E+00
    p33     33   3.9946206E-29  3.9946206E-29  0.0000000E+00  9.6933288E-30  0.0000000E+00  0.0000000E+00
    s32     32  -7.7440636E-06  1.2863886E-03  1.2941327E-03  3.1215450E-04  3.1405652E-04 -2.6382185E-03
    s33     33   4.1864860E-07  1.1103100E-05  1.0684452E-05  2.6942735E-06  2.5928732E-06  1.6660405E-02
    s34     34   2.1297674E-06  6.4267704E-05  6.2137937E-05  1.5595173E-05  1.5079462E-05  1.4604364E-02
    s35     35   2.2042586E-22  2.2042586E-22  0.0000000E+00  5.3488442E-23  0.0000000E+00  0.0000000E+00
    s36     36   1.7114621E-07  4.7787222E-07  3.0672601E-07  1.1596026E-07  7.4435420E-08  1.9252956E-01
   cl35     35  -1.1771226E-07  1.3157719E-05  1.3275431E-05  3.1928462E-06  3.2216446E-06 -3.8996520E-03
   cl36     36   0.0000000E+00  0.0000000E+00  0.0000000E+00  0.0000000E+00  0.0000000E+00  0.0000000E+00
   cl37     37   9.6526946E-07  5.4506036E-06  4.4853341E-06  1.3226411E-06  1.0884884E-06  8.4618218E-02
   ar36     36  -2.8498180E-06  2.4435821E-04  2.4720802E-04  5.9295853E-05  5.9991758E-05 -5.0672712E-03
   ar37     37   5.3739426E-24  5.3739426E-24  0.0000000E+00  1.3040385E-24  0.0000000E+00  0.0000000E+00
   ar38     38   1.2345772E-06  4.8679394E-05  4.7444817E-05  1.1812521E-05  1.1513776E-05  1.1124815E-02
   ar39     39   6.9641487E-10  6.9641487E-10  0.0000000E+00  1.6899172E-10  0.0000000E+00  0.0000000E+00
   ar40     40   1.1448352E-07  1.9435993E-07  7.9876408E-08  4.7163294E-08  1.9384185E-08  3.8615659E-01
    k39     39   1.4550460E-07  1.3015843E-05  1.2870339E-05  3.1584188E-06  3.1233380E-06  4.8507098E-03
    k40     40  -2.0834638E-09  0.0000000E+00  2.0834638E-09  0.0000000E+00  5.0560922E-10  0.0000000E+00
    k41     41   9.5679184E-08  1.0721087E-06  9.7642953E-07  2.6015744E-07  2.3695719E-07  4.0566336E-02
   ca40     40  -1.8356222E-06  2.2099634E-04  2.2283196E-04  5.3626874E-05  5.4076245E-05 -3.6240490E-03
   ca41     41   0.0000000E+00  0.0000000E+00  0.0000000E+00  0.0000000E+00  0.0000000E+00  0.0000000E+00
   ca42     42   1.0216547E-07  1.6637946E-06  1.5616291E-06  4.0373567E-07  3.7897183E-07  2.7490197E-02
   ca43     43   2.7605097E-08  3.6119923E-07  3.3359413E-07  8.7648445E-08  8.0955701E-08  3.4496762E-02
   ca44     44   1.4480975E-08  5.2891160E-06  5.2746350E-06  1.2834546E-06  1.2800336E-06  1.1591269E-03
   ca45     45   2.0595849E-19  2.0595849E-19  0.0000000E+00  4.9977797E-20  0.0000000E+00  0.0000000E+00
   ca46     46   3.6495706E-08  4.7069850E-08  1.0574145E-08  1.1421949E-08  2.5661042E-09  6.4846587E-01
   ca47     47   6.0681337E-36  6.0681337E-36  0.0000000E+00  1.4724906E-36  0.0000000E+00  0.0000000E+00
   ca48     48  -5.9458216E-10  5.1523784E-07  5.1583243E-07  1.2502738E-07  1.2518078E-07 -5.3249003E-04
   sc45     45   3.2349917E-08  1.8116158E-07  1.4881167E-07  4.3960590E-08  3.6113200E-08  8.5397556E-02
   sc46     46   3.1880297E-26  3.1880297E-26  0.0000000E+00  7.7360592E-27  0.0000000E+00  0.0000000E+00
   sc47     47   3.7195546E-35  3.7195546E-35  0.0000000E+00  9.0258544E-36  0.0000000E+00  0.0000000E+00
   sc48     48  -1.0688911E-31  9.3749395E-29  9.3856284E-29  2.2749187E-29  2.2776783E-29  0.0000000E+00
   ti46     46  -1.0461918E-08  8.9869809E-07  9.0916001E-07  2.1807769E-07  2.2063243E-07 -5.0581046E-03
   ti47     47  -1.2094574E-08  8.2562968E-07  8.3772426E-07  2.0034693E-07  2.0329659E-07 -6.3474001E-03
   ti48     48  -1.6308513E-07  8.3140876E-06  8.4771727E-06  2.0174928E-06  2.0572168E-06 -8.4680673E-03
   ti49     49   7.8173514E-08  7.1323763E-07  6.3506411E-07  1.7307393E-07  1.5411560E-07  5.0385069E-02
   ti50     50   1.2529773E-07  7.4578145E-07  6.2048372E-07  1.8097100E-07  1.5057726E-07  7.9849601E-02
    v51     51  -2.2300242E-08  1.3451378E-06  1.3674380E-06  3.2641054E-07  3.3184605E-07 -7.1724704E-03
   cr52     52  -5.8295336E-07  5.5472425E-05  5.6055378E-05  1.3460914E-05  1.3603363E-05 -4.5717289E-03
   cr53     53  -3.7265636E-08  6.4411679E-06  6.4784335E-06  1.5630110E-06  1.5721682E-06 -2.5369984E-03
   cr54     54   4.9599691E-07  2.1390449E-06  1.6430480E-06  5.1905971E-07  3.9873032E-07  1.1453807E-01
   mn55     55  -9.4325515E-08  4.8860278E-05  4.8954604E-05  1.1856414E-05  1.1880167E-05 -8.6918817E-04
   fe54     54  -6.8249064E-06  3.1573349E-04  3.2255839E-04  7.6615746E-05  7.8277582E-05 -9.3193697E-03
   fe55     55  -9.3567752E-14 -9.3567752E-14  0.0000000E+00 -2.2705109E-14  0.0000000E+00  0.0000000E+00
   fe56     56  -6.5246597E-05  5.1856916E-03  5.2509382E-03  1.2583577E-03  1.2742830E-03 -5.4618157E-03
   fe57     57   1.5050507E-05  1.3848359E-04  1.2343308E-04  3.3604367E-05  2.9954399E-05  4.9935121E-02
   fe58     58   3.5348959E-05  5.2063893E-05  1.6714936E-05  1.2633802E-05  4.0563341E-06  4.9340034E-01
   fe59     59   2.6048848E-24  2.6048848E-24  0.0000000E+00  6.3210019E-25  0.0000000E+00  0.0000000E+00
   fe60     60   0.0000000E+00  0.0000000E+00  0.0000000E+00  0.0000000E+00  0.0000000E+00  0.0000000E+00
   co59     59   1.0321420E-05  2.3212069E-05  1.2890649E-05  5.6326303E-06  3.1282668E-06  2.5540745E-01
   co60     60   3.9792288E-12  3.9792288E-12  0.0000000E+00  9.6559794E-13  0.0000000E+00  0.0000000E+00
   ni58     58  -4.0654559E-06  1.8037423E-04  1.8443969E-04  4.3769531E-05  4.4759308E-05 -9.7114705E-03
   ni59     59   0.0000000E+00  0.0000000E+00  0.0000000E+00  0.0000000E+00  0.0000000E+00  0.0000000E+00
   ni60     60   7.9562451E-06  8.1452723E-05  7.3496478E-05  1.9765283E-05  1.7835922E-05  4.4607479E-02
   ni61     61   2.3719506E-06  5.6201070E-06  3.2481564E-06  1.3637726E-06  7.8825360E-07  2.3807600E-01
   ni62     62   4.1188132E-06  1.4644740E-05  1.0525927E-05  3.5536862E-06  2.5544027E-06  1.4338970E-01
   ni63     63   0.0000000E+00  0.0000000E+00  0.0000000E+00  0.0000000E+00  0.0000000E+00  0.0000000E+00
   ni64     64   2.2201677E-06  4.9873579E-06  2.7671902E-06  1.2102300E-06  6.7153400E-07  2.5579995E-01
   cu63     63   2.0164741E-06  4.3004156E-06  2.2839415E-06  1.0435369E-06  5.5426062E-07  2.7479380E-01
   cu64     64   0.0000000E+00  0.0000000E+00  0.0000000E+00  0.0000000E+00  0.0000000E+00  0.0000000E+00
   cu65     65   3.1655065E-07  1.3668391E-06  1.0502885E-06  3.3167657E-07  2.5488109E-07  1.1437721E-01
   zn64     64  -7.7249297E-08  3.8358398E-06  3.9130891E-06  9.3080320E-07  9.4961757E-07 -8.6908778E-03
   zn65     65   3.4966992E-19  3.4966992E-19  0.0000000E+00  8.4850753E-20  0.0000000E+00  0.0000000E+00
   zn66     66   2.5774284E-07  2.5728682E-06  2.3151254E-06  6.2433105E-07  5.6182824E-07  4.5811374E-02
   zn67     67   5.9329665E-08  4.0469450E-07  3.4536484E-07  9.8202989E-08  8.3812175E-08  6.8817586E-02
   zn68     68   3.0058845E-07  1.9035879E-06  1.6029994E-06  4.6192380E-07  3.8901143E-07  7.4607983E-02
   zn69     69   0.0000000E+00  0.0000000E+00  0.0000000E+00  0.0000000E+00  0.0000000E+00  0.0000000E+00
   zn70     70   5.8223648E-10  5.5147808E-08  5.4565572E-08  1.3382143E-08  1.3241821E-08  4.5779492E-03
   ga69     69   4.1441055E-08  1.8840399E-07  1.4696293E-07  4.5718028E-08  3.5664559E-08  1.0785066E-01
   ga70     70   0.0000000E+00  0.0000000E+00  0.0000000E+00  0.0000000E+00  0.0000000E+00  0.0000000E+00
   ga71     71   3.0214061E-08  1.3057583E-07  1.0036177E-07  3.1685474E-08  2.4355515E-08  1.1426289E-01
   ge70     70   5.8051853E-08  2.2151497E-07  1.6346311E-07  5.3752725E-08  3.9668777E-08  1.3195167E-01
   ge71     71   4.8727626E-30  4.8727626E-30  0.0000000E+00  1.1824224E-30  0.0000000E+00  0.0000000E+00
   ge72     72   4.4172907E-08  2.6636053E-07  2.2218762E-07  6.4634932E-08  5.3919877E-08  7.8718387E-02
   ge73     73   1.2828679E-08  7.6060466E-08  6.3231788E-08  1.8456799E-08  1.5344913E-08  8.0191970E-02
   ge74     74   4.6888118E-08  3.4772026E-07  3.0083214E-07  8.4377646E-08  7.3005104E-08  6.2874176E-02
   as75     75   3.8341952E-09  4.7938755E-08  4.4104560E-08  1.1632797E-08  1.0703173E-08  3.6171630E-02
   se76     76   1.5050901E-08  6.0967764E-08  4.5916863E-08  1.4794411E-08  1.1142977E-08  1.2309645E-01
   se77     77   5.3310991E-09  4.3214097E-08  3.7882998E-08  1.0486314E-08  9.1933412E-09  5.7149470E-02
   se78     78   3.1958351E-08  1.5150823E-07  1.1954988E-07  3.6764920E-08  2.9012032E-08  1.0285550E-01
   se79     79   0.0000000E+00  0.0000000E+00  0.0000000E+00  0.0000000E+00  0.0000000E+00  0.0000000E+00
   se80     80   2.8375865E-08  2.8428491E-07  2.5590904E-07  6.8984448E-08  6.2103297E-08  4.5636535E-02
   br79     79   6.5286585E-09  4.7452570E-08  4.0923911E-08  1.1514819E-08  9.9313002E-09  6.4251021E-02
   br80     80   0.0000000E+00  0.0000000E+00  0.0000000E+00  0.0000000E+00  0.0000000E+00  0.0000000E+00
   br81     81   3.5046526E-09  4.4323343E-08  4.0818691E-08  1.0755483E-08  9.9057660E-09  3.5741847E-02
   kr80     80  -2.3449420E-10  9.5182360E-09  9.7527302E-09  2.3096909E-09  2.3667655E-09 -1.0601369E-02
   kr81     81   0.0000000E+00  0.0000000E+00  0.0000000E+00  0.0000000E+00  0.0000000E+00  0.0000000E+00
   kr82     82   1.2627062E-08  6.2716218E-08  5.0089156E-08  1.5218690E-08  1.2155497E-08  9.7604573E-02
   kr83     83   3.5285659E-09  5.3756683E-08  5.0228117E-08  1.3044573E-08  1.2189219E-08  2.9453952E-02
   kr84     84   1.9436271E-08  2.6995514E-07  2.5051887E-07  6.5507194E-08  6.0795223E-08  3.2419533E-02
   kr-5     85  -6.9470339E-15 -6.9470339E-15  0.0000000E+00 -1.6857642E-15  0.0000000E+00  0.0000000E+00
   kr*5     85   0.0000000E+00  0.0000000E+00  0.0000000E+00  0.0000000E+00  0.0000000E+00  0.0000000E+00
   kr86     86   2.1082414E-08  9.8646460E-08  7.7564046E-08  2.3937506E-08  1.8823028E-08  1.0438940E-01
   rb85     85   7.1862836E-09  4.7846072E-08  4.0659788E-08  1.1610306E-08  9.8672048E-09  7.0649564E-02
   rb86     86   1.9132281E-28  1.9132281E-28  0.0000000E+00  4.6426308E-29  0.0000000E+00  0.0000000E+00
   rb87     87   8.4005727E-09  2.5527097E-08  1.7126524E-08  6.1943939E-09  4.1562171E-09  1.7330056E-01
   sr86     86   3.2821692E-09  2.2255458E-08  1.8973289E-08  5.4004996E-09  4.6043849E-09  6.9262341E-02
   sr87     87   1.1236603E-09  1.4537283E-08  1.3413623E-08  3.5276109E-09  3.2551806E-09  3.4905612E-02
   sr88     88   1.0593979E-08  1.7325966E-07  1.6266569E-07  4.2043112E-08  3.9475257E-08  2.7369902E-02
   sr89     89   7.5532785E-27  7.5532785E-27  0.0000000E+00  1.8328752E-27  0.0000000E+00  0.0000000E+00
   sr90     90   9.0227691E-14  9.0227691E-14  0.0000000E+00  2.1894612E-14  0.0000000E+00  0.0000000E+00
    y89     89   2.2130529E-09  4.1013287E-08  3.8800234E-08  9.9522666E-09  9.4159329E-09  2.4058644E-02
    y90     90   2.2817905E-17  2.2817905E-17  0.0000000E+00  5.5369828E-18  0.0000000E+00  0.0000000E+00
    y91     91   4.9327808E-27  4.9327808E-27  0.0000000E+00  1.1969865E-27  0.0000000E+00  0.0000000E+00
   zr90     90   8.3538509E-10  4.7079364E-08  4.6243979E-08  1.1424258E-08  1.1222361E-08  7.7437633E-03
   zr91     91   2.9873526E-10  1.0495325E-08  1.0196590E-08  2.5467910E-09  2.4744802E-09  1.2509318E-02
   zr92     92   5.3984550E-10  1.6296926E-08  1.5757081E-08  3.9546051E-09  3.8238848E-09  1.4598306E-02
   zr93     93   0.0000000E+00  0.0000000E+00  0.0000000E+00  0.0000000E+00  0.0000000E+00  0.0000000E+00
   zr94     94   5.1436722E-10  1.6830084E-08  1.6315717E-08  4.0839807E-09  3.9594532E-09  1.3448445E-02
   zr95     95   4.5998097E-26  4.5998097E-26  0.0000000E+00  1.1161878E-26  0.0000000E+00  0.0000000E+00
   zr96     96   4.1492920E-10  3.0993936E-09  2.6844644E-09  7.5209750E-10  6.5145839E-10  6.2387481E-02
   nb93     93   1.6411583E-10  7.2097102E-09  7.0455943E-09  1.7495051E-09  1.7098053E-09  9.9685406E-03
   nb94     94   2.1441764E-15  2.1441764E-15  0.0000000E+00  5.2030492E-16  0.0000000E+00  0.0000000E+00
   nb95     95   5.4973227E-26  5.4973227E-26  0.0000000E+00  1.3339780E-26  0.0000000E+00  0.0000000E+00
   mo94     94  -5.3005156E-11  2.1551216E-09  2.2081268E-09  5.2296084E-10  5.3586208E-10 -1.0583863E-02
   mo95     95   9.3754782E-11  3.9561021E-09  3.8623473E-09  9.5998598E-10  9.3730379E-10  1.0384504E-02
   mo96     96   2.2021052E-10  4.3286770E-09  4.1084665E-09  1.0503949E-09  9.9703124E-10  2.2643851E-02
   mo97     97   4.0165204E-11  2.4302984E-09  2.3901332E-09  5.8973515E-10  5.8003086E-10  7.2059231E-03
   mo98     98   7.0334405E-11  6.2063870E-09  6.1360526E-09  1.5060392E-09  1.4890802E-09  4.9181818E-03
   tc99     99   0.0000000E+00  0.0000000E+00  0.0000000E+00  0.0000000E+00  0.0000000E+00  0.0000000E+00
   ru99     99  -2.8692382E-11  2.1137587E-09  2.1424511E-09  5.1292376E-10  5.1992405E-10 -5.8870772E-03
  ru100    100   3.1912473E-11  2.1688551E-09  2.1369426E-09  5.2629340E-10  5.1858728E-10  6.4060478E-03
  ru101    101  -5.8782756E-11  2.8635307E-09  2.9223135E-09  6.9486311E-10  7.0917894E-10 -8.8565741E-03
  ru102    102  -3.6967318E-11  5.4208504E-09  5.4578178E-09  1.3154212E-09  1.3244881E-09 -2.9832001E-03
  rh103    103  -7.4475537E-11  3.4110095E-09  3.4854850E-09  8.2771406E-10  8.4584784E-10 -9.4119189E-03
  pd104    104   1.6296964E-11  1.5415704E-09  1.5252735E-09  3.7407680E-10  3.7014913E-10  4.5840461E-03
  pd105    105  -6.7249317E-11  3.0195080E-09  3.0867573E-09  7.3271250E-10  7.4908568E-10 -9.5978975E-03
  pd106    106  -3.4029668E-11  3.7798831E-09  3.8139127E-09  9.1722474E-10  9.2554975E-10 -3.9239964E-03
  pd107    107   0.0000000E+00  0.0000000E+00  0.0000000E+00  0.0000000E+00  0.0000000E+00  0.0000000E+00
  pd108    108  -1.3180568E-11  3.7490002E-09  3.7621808E-09  9.0973074E-10  9.1299551E-10 -1.5557861E-03
  ag107    107  -5.5197846E-11  2.5358045E-09  2.5910023E-09  6.1533717E-10  6.2877720E-10 -9.3836412E-03
  ag108    108   0.0000000E+00  0.0000000E+00  0.0000000E+00  0.0000000E+00  0.0000000E+00  0.0000000E+00
  ag109    109  -4.2977621E-11  2.4091520E-09  2.4521296E-09  5.8460375E-10  5.9507599E-10 -7.7108289E-03
  cd108    108  -2.0257129E-12  1.4326462E-10  1.4529034E-10  3.4764532E-11  3.5258654E-11 -6.1293333E-03
  cd109    109   2.2673664E-23  2.2673664E-23  0.0000000E+00  5.5019814E-24  0.0000000E+00  0.0000000E+00
  cd110    110   2.4722446E-11  2.1014579E-09  2.0767355E-09  5.0993887E-10  5.0397642E-10  5.1078983E-03
  cd111    111  -3.0395686E-11  2.1172142E-09  2.1476099E-09  5.1376225E-10  5.2117599E-10 -6.2222029E-03
  cd112    112   5.7553962E-13  4.0856483E-09  4.0850727E-09  9.9142161E-10  9.9135400E-10  2.9612538E-05
  cd113    113  -2.2953195E-11  2.0642859E-09  2.0872390E-09  5.0091870E-10  5.0652538E-10 -4.8339567E-03
  cd114    114   4.1636472E-11  4.9922981E-09  4.9506617E-09  1.2114288E-09  1.2014127E-09  3.6056610E-03
  in115    115  -1.6118662E-11  1.8506121E-09  1.8667308E-09  4.4906873E-10  4.5301299E-10 -3.7978506E-03
  sn116    116   1.0707879E-10  5.9474621E-09  5.8403833E-09  1.4432086E-09  1.4173279E-09  7.8587355E-03
  sn117    117  -4.8994142E-12  3.1066172E-09  3.1115166E-09  7.5385037E-10  7.5509421E-10 -7.1597449E-04
  sn118    118   1.5141310E-10  9.6393462E-09  9.4879331E-09  2.3390796E-09  2.3025055E-09  6.8443422E-03
  sn119    119   2.1957547E-11  3.5616599E-09  3.5397023E-09  8.6427082E-10  8.5900514E-10  2.6540903E-03
  sn120    120   2.5588598E-10  1.3793892E-08  1.3538006E-08  3.3472198E-09  3.2853658E-09  8.1005311E-03
  sb121    121  -1.1591172E-11  2.0761610E-09  2.0877522E-09  5.0380033E-10  5.0664994E-10 -2.4495469E-03
  te122    122   3.8819836E-11  1.4265932E-09  1.3877733E-09  3.4617648E-10  3.3678099E-10  1.1950002E-02
  te123    123   1.4435730E-11  5.0277205E-10  4.8833632E-10  1.2200245E-10  1.1850811E-10  1.2620470E-02
  te124    124   6.9857675E-11  2.6918245E-09  2.6219669E-09  6.5319694E-10  6.3629169E-10  1.1387897E-02
  te125    125  -5.7593930E-11  3.8847499E-09  3.9423438E-09  9.4267172E-10  9.5671704E-10 -6.4230296E-03
  te126    126  -1.7326585E-11  1.0572218E-08  1.0589544E-08  2.5654496E-09  2.5698412E-09 -7.4281148E-04
   i127    127  -3.1425618E-10  1.2966513E-08  1.3280769E-08  3.1464484E-09  3.2229404E-09 -1.0431639E-02
   i128    128   0.0000000E+00  0.0000000E+00  0.0000000E+00  0.0000000E+00  0.0000000E+00  0.0000000E+00
   i129    129   9.3481151E-14  9.3481151E-14  0.0000000E+00  2.2684095E-14  0.0000000E+00  0.0000000E+00
  xe128    128   4.9222848E-11  1.4836794E-09  1.4344566E-09  3.6002898E-10  3.4810993E-10  1.4621034E-02
  xe129    129  -4.3896975E-10  1.7568842E-08  1.8007812E-08  4.2632475E-09  4.3700856E-09 -1.0749407E-02
  xe130    130   1.1047341E-10  3.0241596E-09  2.9136862E-09  7.3384121E-10  7.0708528E-10  1.6130310E-02
  xe131    131  -3.0735858E-10  1.4247658E-08  1.4555017E-08  3.4573304E-09  3.5321712E-09 -9.3008569E-03
  xe132    132  -4.0031978E-11  1.7885714E-08  1.7925746E-08  4.3401394E-09  4.3501704E-09 -1.0026068E-03
  xe133    133   1.9062688E-34  1.9062688E-34  0.0000000E+00  4.6257433E-35  0.0000000E+00  0.0000000E+00
  xe134    134   2.8589486E-10  7.0049411E-09  6.7190462E-09  1.6998160E-09  1.6305596E-09  1.8065246E-02
  cs133    133  -6.4226402E-11  4.6485531E-09  4.7127795E-09  1.1280159E-09  1.1436843E-09 -5.9909183E-03
  cs134    134   1.2496710E-19  1.2496710E-19  0.0000000E+00  3.0324461E-20  0.0000000E+00  0.0000000E+00
  cs135    135   0.0000000E+00  0.0000000E+00  0.0000000E+00  0.0000000E+00  0.0000000E+00  0.0000000E+00
  cs136    136   1.5817661E-32  1.5817661E-32  0.0000000E+00  3.8383064E-33  0.0000000E+00  0.0000000E+00
  cs137    137   0.0000000E+00  0.0000000E+00  0.0000000E+00  0.0000000E+00  0.0000000E+00  0.0000000E+00
  ba134    134   9.7641228E-11  1.5424211E-09  1.4447799E-09  3.7428322E-10  3.5061518E-10  2.8369628E-02
  ba135    135   5.6471272E-11  4.0263268E-09  3.9698556E-09  9.7702668E-10  9.6339359E-10  6.1026644E-03
  ba136    136   3.1231284E-10  5.0772155E-09  4.7649027E-09  1.2320349E-09  1.1563334E-09  2.7539955E-02
  ba137    137   6.0830851E-10  7.4727016E-09  6.8643931E-09  1.8133225E-09  1.6658319E-09  3.6843851E-02
  ba138    138   8.1480778E-10  4.4952866E-08  4.4138059E-08  1.0908242E-08  1.0711301E-08  7.9125250E-03
  la139    139   5.1772364E-11  6.1058576E-09  6.0540852E-09  1.4816447E-09  1.4691887E-09  3.6664996E-03
  ce140    140   1.1016876E-10  1.3985587E-08  1.3875418E-08  3.3937364E-09  3.3672480E-09  3.4030112E-03
  ce141    141   7.5135848E-29  7.5135848E-29  0.0000000E+00  1.8232431E-29  0.0000000E+00  0.0000000E+00
  ce142    142   2.8144154E-11  1.7965777E-09  1.7684335E-09  4.3595674E-10  4.2915851E-10  6.8256902E-03
  pr141    141  -1.1869172E-11  2.3794908E-09  2.3913600E-09  5.7740618E-10  5.8032856E-10 -2.1925273E-03
  nd142    142   2.5883740E-12  3.1925431E-09  3.1899547E-09  7.7470108E-10  7.7412932E-10  3.2066053E-04
  nd143    143  -1.7337465E-11  1.4108362E-09  1.4281737E-09  3.4235290E-10  3.4658523E-10 -5.3360611E-03
  nd144    144  -1.2603030E-11  2.8257507E-09  2.8383538E-09  6.8569544E-10  6.8880385E-10 -1.9642881E-03
  nd145    145  -1.5833557E-11  1.0396624E-09  1.0554959E-09  2.5228400E-10  2.5614483E-10 -6.5958789E-03
  nd146    146   1.9977353E-12  2.0794890E-09  2.0774913E-09  5.0460791E-10  5.0415977E-10  3.8589185E-04
  nd147    147   3.5891980E-32  3.5891980E-32  0.0000000E+00  8.7095323E-33  0.0000000E+00  0.0000000E+00
  nd148    148  -7.6074147E-12  6.9510758E-10  7.0271500E-10  1.6867450E-10  1.7053293E-10 -4.7588125E-03
  pm147    147  -1.2712610E-18 -1.2712610E-18  0.0000000E+00 -3.0848365E-19  0.0000000E+00  0.0000000E+00
  pm148    148   0.0000000E+00  0.0000000E+00  0.0000000E+00  0.0000000E+00  0.0000000E+00  0.0000000E+00
  sm147    147  -7.9934948E-12  5.5765337E-10  5.6564686E-10  1.3531992E-10  1.3726963E-10 -6.2127230E-03
  sm148    148   2.0775881E-12  4.2910270E-10  4.2702511E-10  1.0412587E-10  1.0362927E-10  2.0762095E-03
  sm149    149  -1.1154577E-11  5.1743848E-10  5.2859306E-10  1.2556139E-10  1.2827750E-10 -9.2943506E-03
  sm150    150   5.7210625E-12  2.8988867E-10  2.8416761E-10  7.0344258E-11  6.8961011E-11  8.6250342E-03
  sm151    151   6.9259200E-16  6.9259200E-16  0.0000000E+00  1.6806407E-16  0.0000000E+00  0.0000000E+00
  sm152    152  -1.5294210E-11  1.0284731E-09  1.0437673E-09  2.4956884E-10  2.5329852E-10 -6.4422870E-03
  eu151    151  -1.6153801E-11  6.7237588E-10  6.8852968E-10  1.6315843E-10  1.6709047E-10 -1.0342158E-02
  eu152    152   1.8328897E-20  1.8328897E-20  0.0000000E+00  4.4476823E-21  0.0000000E+00  0.0000000E+00
  eu153    153  -1.7668478E-11  7.4389628E-10  7.6156476E-10  1.8051355E-10  1.8481443E-10 -1.0226062E-02
  eu154    154  -3.5485772E-19 -3.5485772E-19  0.0000000E+00 -8.6109618E-20  0.0000000E+00  0.0000000E+00
  eu155    155  -5.0259039E-19 -5.0259039E-19  0.0000000E+00 -1.2195836E-19  0.0000000E+00  0.0000000E+00
  gd152    152  -2.5195644E-13  9.8012223E-12  1.0053179E-11  2.3783603E-12  2.4396776E-12 -1.1054796E-02
  gd153    153   6.3822406E-27  6.3822406E-27  0.0000000E+00  1.5487117E-27  0.0000000E+00  0.0000000E+00
  gd154    154   2.7486069E-12  1.1377098E-10  1.1102237E-10  2.7607616E-11  2.6942601E-11  1.0589380E-02
  gd155    155  -1.7644608E-11  7.4097611E-10  7.5862072E-10  1.7980493E-10  1.8409997E-10 -1.0252113E-02
  gd156    156  -1.8236745E-11  1.0377663E-09  1.0560031E-09  2.5182392E-10  2.5626790E-10 -7.5972243E-03
  gd157    157  -1.6690760E-11  7.9583107E-10  8.1252183E-10  1.9311602E-10  1.9718054E-10 -9.0457248E-03
  gd158    158  -1.5253021E-11  1.2826344E-09  1.2978875E-09  3.1124350E-10  3.1496772E-10 -5.1657557E-03
  gd159    159   0.0000000E+00  0.0000000E+00  0.0000000E+00  0.0000000E+00  0.0000000E+00  0.0000000E+00
  gd160    160  -2.7894798E-11  1.1287484E-09  1.1566432E-09  2.7390160E-10  2.8069097E-10 -1.0633891E-02
  tb159    159  -2.1621815E-11  9.5747976E-10  9.7910158E-10  2.3234162E-10  2.3760566E-10 -9.7297635E-03
  tb160    160   3.4985682E-26  3.4985682E-26  0.0000000E+00  8.4896101E-27  0.0000000E+00  0.0000000E+00
  tb161    161   5.8887730E-34  5.8887730E-34  0.0000000E+00  1.4289671E-34  0.0000000E+00  0.0000000E+00
  dy160    160   3.0326158E-12  1.5118737E-10  1.4815475E-10  3.6687060E-11  3.5953782E-11  8.7683396E-03
  dy161    161  -2.8307023E-11  1.1808015E-09  1.2091085E-09  2.8653277E-10  2.9342309E-10 -1.0319997E-02
  dy162    162  -2.7711389E-11  1.6131119E-09  1.6408233E-09  3.9143702E-10  3.9819045E-10 -7.4289530E-03
  dy163    163  -3.5637160E-11  1.5777761E-09  1.6134133E-09  3.8286246E-10  3.9153866E-10 -9.7318543E-03
  dy164    164  -1.4242718E-11  1.8283842E-09  1.8426269E-09  4.4367490E-10  4.4716358E-10 -3.4015789E-03
  ho165    165  -3.1242897E-11  1.4039505E-09  1.4351934E-09  3.4068201E-10  3.4828876E-10 -9.5902495E-03
  er166    166  -2.0917157E-11  1.3424810E-09  1.3633982E-09  3.2576586E-10  3.3086567E-10 -6.7461333E-03
  er167    167  -1.8368085E-11  9.1787233E-10  9.3624042E-10  2.2273050E-10  2.2720421E-10 -8.6366897E-03
  er168    168  -5.1324500E-12  1.1059392E-09  1.1110717E-09  2.6836672E-10  2.6963179E-10 -2.0424351E-03
  er169    169   1.7709326E-32  1.7709326E-32  0.0000000E+00  4.2973374E-33  0.0000000E+00  0.0000000E+00
  er170    170  -4.9845128E-12  6.1638783E-10  6.2137234E-10  1.4957240E-10  1.5079291E-10 -3.5294620E-03
  tm169    169  -1.1133761E-11  6.4548278E-10  6.5661654E-10  1.5663257E-10  1.5934587E-10 -7.4587362E-03
  tm170    170   1.1744333E-24  1.1744333E-24  0.0000000E+00  2.8498747E-25  0.0000000E+00  0.0000000E+00
  tm171    171  -2.5031587E-19 -2.5031587E-19  0.0000000E+00 -6.0741540E-20  0.0000000E+00  0.0000000E+00
  yb170    170   4.4376586E-12  1.2862669E-10  1.2418903E-10  3.1212498E-11  3.0137847E-11  1.5216316E-02
  yb171    171  -2.9252156E-12  5.8773036E-10  5.9065558E-10  1.4261839E-10  1.4333865E-10 -2.1877659E-03
  yb172    172   8.7543861E-12  9.2335256E-10  9.1459817E-10  2.2406033E-10  2.2195215E-10  4.1056168E-03
  yb173    173  -2.7257641E-12  6.8008005E-10  6.8280581E-10  1.6502792E-10  1.6570142E-10 -1.7688131E-03
  yb174    174   3.2986280E-11  1.3992230E-09  1.3662367E-09  3.3953482E-10  3.3155453E-10  1.0329351E-02
  lu175    175  -7.1100348E-12  6.0953920E-10  6.1664923E-10  1.4791052E-10  1.4964671E-10 -5.0681354E-03
  lu176    176   6.3338466E-12  2.4333369E-11  1.7999522E-11  5.9047246E-12  4.3680740E-12  1.3090968E-01
  lu177    177   7.9677636E-35  7.9677636E-35  0.0000000E+00  1.9334540E-35  0.0000000E+00  0.0000000E+00
  hf176    176  -3.6002035E-12  1.3489838E-10  1.3849859E-10  3.2734381E-11  3.3610455E-11 -1.1470263E-02
  hf177    177  -5.5989102E-12  4.9220039E-10  4.9779930E-10  1.1943713E-10  1.2080456E-10 -4.9439869E-03
  hf178    178   1.5467128E-11  7.4989226E-10  7.3442513E-10  1.8196852E-10  1.7822825E-10  9.0197204E-03
  hf179    179   2.7098324E-12  3.7146916E-10  3.6875933E-10  9.0140541E-11  8.9489492E-11  3.1481003E-03
  hf180    180   4.4426129E-11  9.9941322E-10  9.5498709E-10  2.4251717E-10  2.3175362E-10  1.9715967E-02
  hf181    181   3.2456010E-28  3.2456010E-28  0.0000000E+00  7.8757613E-29  0.0000000E+00  0.0000000E+00
  hf182    182   3.2809141E-11  3.2809141E-11  0.0000000E+00  7.9614518E-12  0.0000000E+00  0.0000000E+00
  ta181    181   7.2511441E-12  4.1187453E-10  4.0462339E-10  9.9945295E-11  9.8192877E-11  7.6823747E-03
  ta182    182   3.0101650E-19  3.0101650E-19  0.0000000E+00  7.3044533E-20  0.0000000E+00  0.0000000E+00
  ta183    183   4.0065648E-37  4.0065648E-37  0.0000000E+00  9.7223119E-38  0.0000000E+00  0.0000000E+00
   w182    182   1.2459977E-11  6.4741679E-10  6.3495681E-10  1.5710187E-10  1.5408956E-10  8.4081590E-03
   w183    183   1.5519835E-11  3.6028180E-10  3.4476197E-10  8.7425824E-11  8.3665880E-11  1.9091351E-02
   w184    184   3.9824144E-11  7.8204021E-10  7.4221607E-10  1.8976953E-10  1.8011892E-10  2.2667143E-02
   w185    185   2.6278494E-26  2.6278494E-26  0.0000000E+00  6.3767279E-27  0.0000000E+00  0.0000000E+00
   w186    186   1.2707335E-11  7.0887596E-10  6.9616862E-10  1.7201553E-10  1.6894426E-10  7.8242114E-03
  re185    185   2.5943414E-12  3.5642883E-10  3.5383449E-10  8.6490863E-11  8.5867577E-11  3.1410074E-03
  re186    186   1.6026679E-36  1.6026679E-36  0.0000000E+00  3.8890270E-37  0.0000000E+00  0.0000000E+00
  re187    187  -1.1133428E-11  6.3412564E-10  6.4525907E-10  1.5387665E-10  1.5658967E-10 -7.5904019E-03
  os186    186   1.6249127E-11  2.1236408E-10  1.9611496E-10  5.1532174E-11  4.7592631E-11  3.4538746E-02
  os187    187   2.8745895E-12  1.5969794E-10  1.5682335E-10  3.8752231E-11  3.8057453E-11  7.8570070E-03
  os188    188   4.6196380E-12  1.6590012E-09  1.6543815E-09  4.0257250E-10  4.0148071E-10  1.1794185E-03
  os189    189  -4.3378856E-11  1.9844411E-09  2.0278199E-09  4.8154358E-10  4.9210569E-10 -9.4227912E-03
  os190    190  -3.9029002E-11  3.2761283E-09  3.3151573E-09  7.9498386E-10  8.0451312E-10 -5.1748194E-03
  os191    191   3.0816092E-30  3.0816092E-30  0.0000000E+00  7.4778194E-31  0.0000000E+00  0.0000000E+00
  os192    192  -1.2243317E-10  5.0805435E-09  5.2029767E-09  1.2328425E-09  1.2626439E-09 -1.0373282E-02
  ir191    191  -1.0593615E-10  4.2810919E-09  4.3870281E-09  1.0388479E-09  1.0646317E-09 -1.0647447E-02
  ir192    192   1.6383489E-25  1.6383489E-25  0.0000000E+00  3.9756100E-26  0.0000000E+00  0.0000000E+00
  ir193    193  -1.8340884E-10  7.2682385E-09  7.4516473E-09  1.7637075E-09  1.8083449E-09 -1.0854710E-02
  pt192    192   7.3599460E-12  1.9182961E-10  1.8446966E-10  4.6549289E-11  4.4766586E-11  1.6959094E-02
  pt193    193   3.6425768E-16  3.6425768E-16  0.0000000E+00  8.8390608E-17  0.0000000E+00  0.0000000E+00
  pt194    194  -1.6068569E-10  7.6972224E-09  7.8579081E-09  1.8678046E-09  1.9069353E-09 -9.0045212E-03
  pt195    195  -1.9352431E-10  7.9123952E-09  8.1059195E-09  1.9200184E-09  1.9671220E-09 -1.0525910E-02
  pt196    196  -7.1712858E-11  6.0069278E-09  6.0786407E-09  1.4576385E-09  1.4751477E-09 -5.1856912E-03
  au197    197  -6.7066575E-11  3.5964209E-09  3.6634875E-09  8.7270591E-10  8.8904500E-10 -8.0558304E-03
  hg198    198   7.7228446E-11  9.3781427E-10  8.6058582E-10  2.2756960E-10  2.0884458E-10  3.7291028E-02
  hg199    199   5.8330007E-12  1.4693313E-09  1.4634983E-09  3.5654729E-10  3.5515768E-10  1.6959428E-03
  hg200    200   9.6975761E-11  2.1109834E-09  2.0140076E-09  5.1225030E-10  4.8875376E-10  2.0392099E-02
  hg201    201   3.3423486E-11  1.1882648E-09  1.1548413E-09  2.8834382E-10  2.8025368E-10  1.2359342E-02
  hg202    202   1.8737567E-10  2.8167961E-09  2.6294205E-09  6.8352252E-10  6.3810046E-10  2.9863756E-02
  tl203    203   1.1955459E-10  1.1596860E-09  1.0401314E-09  2.8140890E-10  2.5241623E-10  4.7220543E-02
  tl204    204  -7.8611765E-17 -7.8611765E-17  0.0000000E+00 -1.9075897E-17  0.0000000E+00  0.0000000E+00
  tl205    205   2.5632318E-10  2.7637370E-09  2.5074138E-09  6.7064720E-10  6.0849220E-10  4.2239092E-02
  pb204    204   6.3851702E-11  1.3804011E-09  1.3165494E-09  3.3496753E-10  3.1949654E-10  2.0536562E-02
  pb205    205   0.0000000E+00  0.0000000E+00  0.0000000E+00  0.0000000E+00  0.0000000E+00  0.0000000E+00
  pb206    206   3.8413450E-10  1.2754490E-08  1.2370355E-08  3.0949989E-09  3.0020035E-09  1.3249283E-02
  pb207    207   2.3825120E-10  1.3993906E-08  1.3755655E-08  3.3957552E-09  3.3381844E-09  7.4260454E-03
  pb208    208   3.4361847E-10  3.9906723E-08  3.9563105E-08  9.6837480E-09  9.6010648E-09  3.7240954E-03
  bi209    209   1.5021095E-11  2.7665576E-09  2.7515366E-09  6.7133166E-10  6.6773526E-10  2.3328313E-03
  bi210    210   0.0000000E+00  0.0000000E+00  0.0000000E+00  0.0000000E+00  0.0000000E+00  0.0000000E+00
  po210    210   0.0000000E+00  0.0000000E+00  0.0000000E+00  0.0000000E+00  0.0000000E+00  0.0000000E+00
