  species    A      yield       mass(i)_lost    mass(i)_0        <X(i)>          X0(i)   log10(<X(i)>/X0(i)) 
      n      1   0.0000000E+00  0.0000000E+00  0.0000000E+00  0.0000000E+00  0.0000000E+00  0.0000000E+00
      p      1  -3.7575984E-01  3.2090228E+00  3.5847826E+00  6.3182175E-01  7.0584649E-01 -4.8115689E-02
      d      2   2.3936158E-17  2.3936158E-17  0.0000000E+00  4.7127701E-18  0.0000000E+00  0.0000000E+00
    he3      3   1.1684602E-07  1.1684602E-07  0.0000000E+00  2.3005713E-08  0.0000000E+00  0.0000000E+00
    he4      4   3.4471083E-01  1.7664378E+00  1.4217269E+00  3.4779245E-01  2.7993914E-01  9.4256498E-02
    li7      7  -4.5435396E-08  7.7072976E-10  4.6206125E-08  1.5174832E-10  9.0980219E-09 -1.7778231E+00
    be7      7   9.4266641E-13  9.4266641E-13  0.0000000E+00  1.8560079E-13  0.0000000E+00  0.0000000E+00
     b8      8   4.9091261E-26  4.9091261E-26  0.0000000E+00  9.6655367E-27  0.0000000E+00  0.0000000E+00
    c12     12  -7.3519447E-03  5.3698705E-03  1.2721815E-02  1.0572693E-03  2.5049355E-03 -3.7461093E-01
    c13     13   6.0764677E-04  7.6181022E-04  1.5416344E-04  1.4999216E-04  3.0354900E-05  6.9383973E-01
    c14     14   1.9252294E-08  1.9252294E-08  0.0000000E+00  3.7905679E-09  0.0000000E+00  0.0000000E+00
    n13     13   0.0000000E+00  0.0000000E+00  0.0000000E+00  0.0000000E+00  0.0000000E+00  0.0000000E+00
    n14     14   4.4210341E-02  4.7971662E-02  3.7613206E-03  9.4451001E-03  7.4060698E-04  1.1056187E+00
    n15     15  -8.2242987E-06  1.0402835E-06  9.2645823E-06  2.0482052E-07  1.8242035E-06 -9.4969982E-01
    o14     14   0.0000000E+00  0.0000000E+00  0.0000000E+00  0.0000000E+00  0.0000000E+00  0.0000000E+00
    o15     15   0.0000000E+00  0.0000000E+00  0.0000000E+00  0.0000000E+00  0.0000000E+00  0.0000000E+00
    o16     16  -8.3593354E-03  2.2360528E-02  3.0719863E-02  4.4025453E-03  6.0487650E-03 -1.3796286E-01
    o17     17   5.1543324E-05  6.3943931E-05  1.2400606E-05  1.2589866E-05  2.4416890E-06  7.1233076E-01
    o18     18  -6.9106231E-05  1.3457925E-08  6.9119691E-05  2.6497193E-09  1.3609721E-05 -3.7106495E+00
    o19     19   0.0000000E+00  0.0000000E+00  0.0000000E+00  0.0000000E+00  0.0000000E+00  0.0000000E+00
    f17     17   0.0000000E+00  0.0000000E+00  0.0000000E+00  0.0000000E+00  0.0000000E+00  0.0000000E+00
    f18     18   0.0000000E+00  0.0000000E+00  0.0000000E+00  0.0000000E+00  0.0000000E+00  0.0000000E+00
    f19     19  -1.1349047E-06  8.5555359E-07  1.9904583E-06  1.6844922E-07  3.9192281E-07 -3.6673152E-01
    f20     20   0.0000000E+00  0.0000000E+00  0.0000000E+00  0.0000000E+00  0.0000000E+00  0.0000000E+00
   ne19     19   0.0000000E+00  0.0000000E+00  0.0000000E+00  0.0000000E+00  0.0000000E+00  0.0000000E+00
   ne20     20  -6.1374158E-07  6.3009877E-03  6.3016014E-03  1.2405962E-03  1.2407904E-03 -6.7981877E-05
   ne21     21  -1.4894405E-05  9.6673716E-07  1.5861142E-05  1.9034006E-07  3.1230711E-06 -1.2150517E+00
   ne22     22   1.5204877E-03  2.0301850E-03  5.0969719E-04  3.9972141E-04  1.0035978E-04  6.0019773E-01
   ne23     23   0.0000000E+00  0.0000000E+00  0.0000000E+00  0.0000000E+00  0.0000000E+00  0.0000000E+00
   na21     21   0.0000000E+00  0.0000000E+00  0.0000000E+00  0.0000000E+00  0.0000000E+00  0.0000000E+00
   na22     22   1.9228624E-10  1.9228624E-10  0.0000000E+00  3.7859074E-11  0.0000000E+00  0.0000000E+00
   na23     23   8.6650762E-05  2.5723819E-04  1.7058743E-04  5.0647410E-05  3.3588796E-05  1.7836279E-01
   na24     24  -1.3525683E-39 -1.3525683E-39  0.0000000E+00 -2.6630556E-40  0.0000000E+00  0.0000000E+00
   mg23     23   0.0000000E+00  0.0000000E+00  0.0000000E+00  0.0000000E+00  0.0000000E+00  0.0000000E+00
   mg24     24  -2.6804581E-04  2.7379317E-03  3.0059775E-03  5.3906906E-04  5.9187930E-04 -4.0588755E-02
   mg25     25   3.6849373E-04  7.6490163E-04  3.9640791E-04  1.5060083E-04  7.8053032E-05  2.8543758E-01
   mg26     26   1.0848287E-04  5.6238542E-04  4.5390255E-04  1.1072759E-04  8.9373774E-05  9.3045764E-02
   mg27     27   0.0000000E+00  0.0000000E+00  0.0000000E+00  0.0000000E+00  0.0000000E+00  0.0000000E+00
   al25     25   0.0000000E+00  0.0000000E+00  0.0000000E+00  0.0000000E+00  0.0000000E+00  0.0000000E+00
   al-6     26   1.4859917E-05  1.4859917E-05  0.0000000E+00  2.9257565E-06  0.0000000E+00  0.0000000E+00
   al*6     26   0.0000000E+00  0.0000000E+00  0.0000000E+00  0.0000000E+00  0.0000000E+00  0.0000000E+00
   al27     27   7.4303884E-05  3.6375277E-04  2.8944889E-04  7.1618975E-05  5.6992707E-05  9.9208802E-02
   al28     28   0.0000000E+00  0.0000000E+00  0.0000000E+00  0.0000000E+00  0.0000000E+00  0.0000000E+00
   si27     27   0.0000000E+00  0.0000000E+00  0.0000000E+00  0.0000000E+00  0.0000000E+00  0.0000000E+00
   si28     28   3.7766295E-05  3.3661711E-03  3.3284049E-03  6.6276256E-04  6.5536553E-04  4.8743621E-03
   si29     29   7.0567330E-06  1.8210786E-04  1.7505113E-04  3.5855064E-05  3.4467706E-05  1.7138099E-02
   si30     30   1.1301607E-05  1.3067183E-04  1.1937023E-04  2.5727866E-05  2.3504090E-05  3.9260350E-02
    p31     31   1.6691629E-06  3.4902183E-05  3.3233020E-05  6.8718614E-06  6.5436075E-06  2.1257170E-02
    p32     32   5.0256034E-28  5.0256034E-28  0.0000000E+00  9.8948677E-29  0.0000000E+00  0.0000000E+00
    p33     33   4.5795239E-28  4.5795239E-28  0.0000000E+00  9.0165859E-29  0.0000000E+00  0.0000000E+00
    s32     32  -8.4919157E-06  1.5865070E-03  1.5949989E-03  3.1236600E-04  3.1405652E-04 -2.3440765E-03
    s33     33   3.6150141E-07  1.3529927E-05  1.3168426E-05  2.6638959E-06  2.5928732E-06  1.1735940E-02
    s34     34   2.3039102E-06  7.8887977E-05  7.6584067E-05  1.5532187E-05  1.5079462E-05  1.2846763E-02
    s35     35   5.3578132E-21  5.3578132E-21  0.0000000E+00  1.0548953E-21  0.0000000E+00  0.0000000E+00
    s36     36   2.0187161E-07  5.7990678E-07  3.7803517E-07  1.1417735E-07  7.4435420E-08  1.8580033E-01
   cl35     35  -1.1429074E-07  1.6247475E-05  1.6361766E-05  3.1989516E-06  3.2216446E-06 -3.0699512E-03
   cl36     36   1.4115006E-08  1.4115006E-08  0.0000000E+00  2.7790916E-09  0.0000000E+00  0.0000000E+00
   cl37     37   1.0262452E-06  6.5543509E-06  5.5281057E-06  1.2904806E-06  1.0884884E-06  7.3927686E-02
   ar36     36  -3.0840165E-06  3.0159613E-04  3.0468014E-04  5.9381004E-05  5.9991758E-05 -4.4440613E-03
   ar37     37   7.5194184E-23  7.5194184E-23  0.0000000E+00  1.4804919E-23  0.0000000E+00  0.0000000E+00
   ar38     38   1.3217905E-06  5.9796810E-05  5.8475020E-05  1.1773343E-05  1.1513776E-05  9.6820164E-03
   ar39     39   1.1557727E-09  1.1557727E-09  0.0000000E+00  2.2755911E-10  0.0000000E+00  0.0000000E+00
   ar40     40   1.5628811E-07  2.5473457E-07  9.8446463E-08  5.0154473E-08  1.9384185E-08  4.1286212E-01
    k39     39   1.8249921E-07  1.6044996E-05  1.5862497E-05  3.1590857E-06  3.1233380E-06  4.9424451E-03
    k40     40   2.6856696E-08  2.9424534E-08  2.5678375E-09  5.7933716E-09  5.0560922E-10  1.0591164E+00
    k41     41   7.5647222E-08  1.2790817E-06  1.2034345E-06  2.5183732E-07  2.3695719E-07  2.6450202E-02
   ca40     40  -2.0455918E-06  2.7259142E-04  2.7463702E-04  5.3670294E-05  5.4076245E-05 -3.2725593E-03
   ca41     41   2.7282162E-08  2.7282162E-08  0.0000000E+00  5.3715619E-09  0.0000000E+00  0.0000000E+00
   ca42     42   1.0511462E-07  2.0297989E-06  1.9246843E-06  3.9964539E-07  3.7897183E-07  2.3067884E-02
   ca43     43   2.9563495E-08  4.4071319E-07  4.1114970E-07  8.6771649E-08  8.0955701E-08  3.0130416E-02
   ca44     44   2.5844656E-08  6.5267523E-06  6.5009076E-06  1.2850467E-06  1.2800336E-06  1.6974900E-03
   ca45     45   1.9259188E-18  1.9259188E-18  0.0000000E+00  3.7919252E-19  0.0000000E+00  0.0000000E+00
   ca46     46   4.6648058E-08  5.9680531E-08  1.3032474E-08  1.1750450E-08  2.5661042E-09  6.6078019E-01
   ca47     47   6.4535012E-34  6.4535012E-34  0.0000000E+00  1.2706243E-34  0.0000000E+00  0.0000000E+00
   ca48     48  -4.4065018E-10  6.3531502E-07  6.3575567E-07  1.2508663E-07  1.2518078E-07 -3.2675205E-04
   sc45     45   3.5492974E-08  2.1890108E-07  1.8340810E-07  4.3099249E-08  3.6113200E-08  7.6803744E-02
   sc46     46   3.0634102E-25  3.0634102E-25  0.0000000E+00  6.0315220E-26  0.0000000E+00  0.0000000E+00
   sc47     47   9.0026175E-33  9.0026175E-33  0.0000000E+00  1.7725176E-33  0.0000000E+00  0.0000000E+00
   sc48     48  -8.2574246E-32  1.1559388E-28  1.1567646E-28  2.2759181E-29  2.2776783E-29  0.0000000E+00
   ti46     46  -9.5789119E-09  1.1109470E-06  1.1205259E-06  2.1873340E-07  2.2063243E-07 -3.7542433E-03
   ti47     47  -1.1372663E-08  1.0211097E-06  1.0324824E-06  2.0104542E-07  2.0329659E-07 -4.8359199E-03
   ti48     48  -1.6292233E-07  1.0285064E-05  1.0447987E-05  2.0250177E-06  2.0572168E-06 -6.8512321E-03
   ti49     49   6.8848180E-08  8.5155506E-07  7.8270688E-07  1.6766195E-07  1.5411560E-07  3.6587946E-02
   ti50     50   1.3433697E-07  8.9907371E-07  7.6473674E-07  1.7701787E-07  1.5057726E-07  7.0257701E-02
    v51     51  -2.1709980E-08  1.6636366E-06  1.6853465E-06  3.2755199E-07  3.3184605E-07 -5.6564165E-03
   cr52     52  -6.2349136E-07  6.8463909E-05  6.9087400E-05  1.3479801E-05  1.3603363E-05 -3.9628134E-03
   cr53     53  -5.2192263E-08  7.9323790E-06  7.9845713E-06  1.5617994E-06  1.5721682E-06 -2.8737695E-03
   cr54     54   5.1428901E-07  2.5393208E-06  2.0250318E-06  4.9996470E-07  3.9873032E-07  9.8260067E-02
   mn55     55  -1.4492252E-07  6.0190883E-05  6.0335806E-05  1.1850932E-05  1.1880167E-05 -1.0700712E-03
   fe54     54  -6.9180096E-06  3.9063036E-04  3.9754837E-04  7.6910881E-05  7.8277582E-05 -7.6496233E-03
   fe55     55  -2.4043671E-13 -2.4043671E-13  0.0000000E+00 -4.7339381E-14  0.0000000E+00  0.0000000E+00
   fe56     56  -6.9434289E-05  6.4022671E-03  6.4717014E-03  1.2605370E-03  1.2742830E-03 -4.7103199E-03
   fe57     57   1.2979406E-05  1.6510881E-04  1.5212940E-04  3.2508135E-05  2.9954399E-05  3.5531424E-02
   fe58     58   3.5471909E-05  5.6072815E-05  2.0600904E-05  1.1040129E-05  4.0563341E-06  4.3484044E-01
   fe59     59   1.4002416E-22  1.4002416E-22  0.0000000E+00  2.7569237E-23  0.0000000E+00  0.0000000E+00
   fe60     60   7.7898758E-06  7.7898758E-06  0.0000000E+00  1.5337421E-06  0.0000000E+00  0.0000000E+00
   co59     59   1.1305294E-05  2.7192822E-05  1.5887528E-05  5.3539716E-06  3.1282668E-06  2.3337226E-01
   co60     60   4.3926078E-12  4.3926078E-12  0.0000000E+00  8.6485680E-13  0.0000000E+00  0.0000000E+00
   ni58     58  -4.0245504E-06  2.2329457E-04  2.2731912E-04  4.3964279E-05  4.4759308E-05 -7.7834027E-03
   ni59     59   6.8708921E-08  6.8708921E-08  0.0000000E+00  1.3528041E-08  0.0000000E+00  0.0000000E+00
   ni60     60   3.0144438E-06  9.3597744E-05  9.0583300E-05  1.8428380E-05  1.7835922E-05  1.4191574E-02
   ni61     61   2.8525938E-06  6.8558975E-06  4.0033037E-06  1.3498518E-06  7.8825360E-07  2.3362012E-01
   ni62     62   4.9658502E-06  1.7938895E-05  1.2973045E-05  3.5319738E-06  2.5544027E-06  1.4072812E-01
   ni63     63   2.8951390E-09  2.8951390E-09  0.0000000E+00  5.7002147E-10  0.0000000E+00  0.0000000E+00
   ni64     64   3.1784530E-06  6.5889726E-06  3.4105196E-06  1.2972972E-06  6.7153400E-07  2.8597149E-01
   cu63     63   2.5232109E-06  5.3381341E-06  2.8149232E-06  1.0510207E-06  5.5426062E-07  2.7789727E-01
   cu64     64  -1.0882063E-40 -1.0882063E-40  0.0000000E+00 -2.1425854E-41  0.0000000E+00  0.0000000E+00
   cu65     65   4.6825642E-07  1.7627210E-06  1.2944646E-06  3.4706065E-07  2.5488109E-07  1.3406777E-01
   zn64     64  -7.5594471E-08  4.7472286E-06  4.8228230E-06  9.3467781E-07  9.4961757E-07 -6.8868138E-03
   zn65     65   5.5653963E-19  5.5653963E-19  0.0000000E+00  1.0957662E-19  0.0000000E+00  0.0000000E+00
   zn66     66   3.8621033E-07  3.2395674E-06  2.8533570E-06  6.3783568E-07  5.6182824E-07  5.5105228E-02
   zn67     67   8.6642359E-08  5.1229927E-07  4.2565691E-07  1.0086617E-07  8.3812175E-08  8.0438413E-02
   zn68     68   4.5124807E-07  2.4269204E-06  1.9756724E-06  4.7783431E-07  3.8901143E-07  8.9314982E-02
   zn69     69   0.0000000E+00  0.0000000E+00  0.0000000E+00  0.0000000E+00  0.0000000E+00  0.0000000E+00
   zn70     70   1.6250681E-09  6.8876304E-08  6.7251236E-08  1.3560997E-08  1.3241821E-08  1.0343911E-02
   ga69     69   6.2036662E-08  2.4316626E-07  1.8112959E-07  4.7876799E-08  3.5664559E-08  1.2788826E-01
   ga70     70   0.0000000E+00  0.0000000E+00  0.0000000E+00  0.0000000E+00  0.0000000E+00  0.0000000E+00
   ga71     71   4.7102901E-08  1.7079726E-07  1.2369436E-07  3.3628130E-08  2.4355515E-08  1.4010540E-01
   ge70     70   8.7975863E-08  2.8944169E-07  2.0146582E-07  5.6987929E-08  3.9668777E-08  1.5733404E-01
   ge71     71   1.3400466E-28  1.3400466E-28  0.0000000E+00  2.6384064E-29  0.0000000E+00  0.0000000E+00
   ge72     72   7.1831806E-08  3.4567466E-07  2.7384286E-07  6.8059592E-08  5.3919877E-08  1.0114044E-01
   ge73     73   2.1044777E-08  9.8976990E-08  7.7932214E-08  1.9487496E-08  1.5344913E-08  1.0379161E-01
   ge74     74   8.0688324E-08  4.5145939E-07  3.7077106E-07  8.8887454E-08  7.3005104E-08  8.5487247E-02
   as75     75   6.8495787E-09  6.1207786E-08  5.4358207E-08  1.2051149E-08  1.0703173E-08  5.1515926E-02
   se76     76   2.5626111E-08  8.2217952E-08  5.6591841E-08  1.6187823E-08  1.1142977E-08  1.6218720E-01
   se77     77   9.3637986E-09  5.6054020E-08  4.6690221E-08  1.1036429E-08  9.1933412E-09  7.9355188E-02
   se78     78   5.6073063E-08  2.0341648E-07  1.4734341E-07  4.0050498E-08  2.9012032E-08  1.4002976E-01
   se79     79   1.1577677E-08  1.1577677E-08  0.0000000E+00  2.2795190E-09  0.0000000E+00  0.0000000E+00
   se80     80   5.4027623E-08  3.6943163E-07  3.1540401E-07  7.2737080E-08  6.2103297E-08  6.8641201E-02
   br79     79   9.2704511E-11  5.0530801E-08  5.0438096E-08  9.9489661E-09  9.9313002E-09  7.7185460E-04
   br80     80   0.0000000E+00  0.0000000E+00  0.0000000E+00  0.0000000E+00  0.0000000E+00  0.0000000E+00
   br81     81   6.9034769E-09  5.7211892E-08  5.0308415E-08  1.1264401E-08  9.9057660E-09  5.5820052E-02
   kr80     80  -3.6439296E-11  1.1983652E-08  1.2020092E-08  2.3594511E-09  2.3667655E-09 -1.3442398E-03
   kr81     81   7.7653179E-12  7.7653179E-12  0.0000000E+00  1.5289069E-12  0.0000000E+00  0.0000000E+00
   kr82     82   2.3095801E-08  8.4829928E-08  6.1734127E-08  1.6702092E-08  1.2155497E-08  1.3799813E-01
   kr83     83   7.0678681E-09  6.8973257E-08  6.1905389E-08  1.3580086E-08  1.2189219E-08  4.6926633E-02
   kr84     84   3.9030539E-08  3.4779126E-07  3.0876072E-07  6.8476325E-08  6.0795223E-08  5.1670991E-02
   kr-5     85   2.7700241E-13  2.7700241E-13  0.0000000E+00  5.4538768E-14  0.0000000E+00  0.0000000E+00
   kr*5     85   0.0000000E+00  0.0000000E+00  0.0000000E+00  0.0000000E+00  0.0000000E+00  0.0000000E+00
   kr86     86   4.3932978E-08  1.3952949E-07  9.5596512E-08  2.7471843E-08  1.8823028E-08  1.6419829E-01
   rb85     85   1.3467083E-08  6.3579655E-08  5.0112572E-08  1.2518145E-08  9.8672048E-09  1.0334584E-01
   rb86     86   2.5341236E-27  2.5341236E-27  0.0000000E+00  4.9894143E-28  0.0000000E+00  0.0000000E+00
   rb87     87   1.5773688E-08  3.6881868E-08  2.1108180E-08  7.2616397E-09  4.1562171E-09  2.4233647E-01
   sr86     86   6.1426810E-09  2.9526971E-08  2.3384290E-08  5.8135403E-09  4.6043849E-09  1.0126909E-01
   sr87     87   2.1725786E-09  1.8704664E-08  1.6532086E-08  3.6827454E-09  3.2551806E-09  5.3596634E-02
   sr88     88   2.1111916E-08  2.2159490E-07  2.0048299E-07  4.3629633E-08  3.9475257E-08  4.3456592E-02
   sr89     89   4.3108344E-25  4.3108344E-25  0.0000000E+00  8.4875653E-26  0.0000000E+00  0.0000000E+00
   sr90     90   4.6886681E-13  4.6886681E-13  0.0000000E+00  9.2314787E-14  0.0000000E+00  0.0000000E+00
    y89     89   4.4103210E-09  5.2231023E-08  4.7820702E-08  1.0283721E-08  9.4159329E-09  3.8286928E-02
    y90     90   1.1857285E-16  1.1857285E-16  0.0000000E+00  2.3345707E-17  0.0000000E+00  0.0000000E+00
    y91     91   4.6339435E-25  4.6339435E-25  0.0000000E+00  9.1237323E-26  0.0000000E+00  0.0000000E+00
   zr90     90   2.1447306E-09  5.9139733E-08  5.6995002E-08  1.1643972E-08  1.1222361E-08  1.6016908E-02
   zr91     91   6.2301009E-10  1.3190152E-08  1.2567142E-08  2.5969980E-09  2.4744802E-09  2.0987619E-02
   zr92     92   1.0298074E-09  2.0450171E-08  1.9420364E-08  4.0264170E-09  3.8238848E-09  2.2413956E-02
   zr93     93   5.0853438E-10  5.0853438E-10  0.0000000E+00  1.0012490E-10  0.0000000E+00  0.0000000E+00
   zr94     94   9.9367092E-10  2.1102545E-08  2.0108875E-08  4.1548622E-09  3.9594532E-09  2.0921415E-02
   zr95     95   2.6707184E-24  2.6707184E-24  0.0000000E+00  5.2583545E-25  0.0000000E+00  0.0000000E+00
   zr96     96   8.6272456E-10  4.1712864E-09  3.3085619E-09  8.2128104E-10  6.5145839E-10  1.0060514E-01
   nb93     93  -1.8180035E-10  8.5017886E-09  8.6835890E-09  1.6739099E-09  1.7098053E-09 -9.2145707E-03
   nb94     94   3.3695151E-15  3.3695151E-15  0.0000000E+00  6.6342098E-16  0.0000000E+00  0.0000000E+00
   nb95     95   3.2138980E-24  3.2138980E-24  0.0000000E+00  6.3278167E-25  0.0000000E+00  0.0000000E+00
   mo94     94  -2.9096947E-11  2.6923859E-09  2.7214828E-09  5.3010157E-10  5.3586208E-10 -4.6939394E-03
   mo95     95   1.9236968E-10  4.9526543E-09  4.7602846E-09  9.7512387E-10  9.3730379E-10  1.7179405E-02
   mo96     96   4.0393999E-10  5.4675624E-09  5.0636224E-09  1.0765038E-09  9.9703124E-10  3.3306789E-02
   mo97     97   1.0228640E-10  3.0480893E-09  2.9458029E-09  6.0013572E-10  5.8003086E-10  1.4798404E-02
   mo98     98   2.1747315E-10  7.7800655E-09  7.5625923E-09  1.5318105E-09  1.4890802E-09  1.2286926E-02
   tc99     99   3.6518968E-11  3.6518968E-11  0.0000000E+00  7.1901885E-12  0.0000000E+00  0.0000000E+00
   ru99     99  -5.0804250E-11  2.5897342E-09  2.6405385E-09  5.0989057E-10  5.1992405E-10 -8.4629199E-03
  ru100    100   8.9815044E-11  2.7235643E-09  2.6337492E-09  5.3624027E-10  5.1858728E-10  1.4537579E-02
  ru101    101  -6.4937389E-11  3.5367695E-09  3.6017069E-09  6.9635153E-10  7.0917894E-10 -7.9272930E-03
  ru102    102   2.9448000E-11  6.7561259E-09  6.7266779E-09  1.3302079E-09  1.3244881E-09  1.8715038E-03
  rh103    103  -7.8028695E-11  4.2177790E-09  4.2958077E-09  8.3043494E-10  8.4584784E-10 -7.9866396E-03
  pd104    104   5.8014260E-11  1.9378907E-09  1.8798765E-09  3.8154965E-10  3.7014913E-10  1.3174303E-02
  pd105    105  -7.9984241E-11  3.7243975E-09  3.8043817E-09  7.3329348E-10  7.4908568E-10 -9.2536788E-03
  pd106    106   2.1338487E-12  4.7027235E-09  4.7005897E-09  9.2591523E-10  9.2554975E-10  1.7148656E-04
  pd107    107   2.4674821E-11  2.4674821E-11  0.0000000E+00  4.8582046E-12  0.0000000E+00  0.0000000E+00
  pd108    108   7.7982065E-13  4.6376103E-09  4.6368305E-09  9.1309516E-10  9.1299551E-10  4.7420508E-05
  ag107    107  -7.9770412E-11  3.1136005E-09  3.1933709E-09  6.1303418E-10  6.2877720E-10 -1.1012101E-02
  ag108    108   0.0000000E+00  0.0000000E+00  0.0000000E+00  0.0000000E+00  0.0000000E+00  0.0000000E+00
  ag109    109  -4.3809179E-11  2.9784033E-09  3.0222125E-09  5.8641531E-10  5.9507599E-10 -6.3671269E-03
  cd108    108   1.2698384E-11  1.9176652E-10  1.7906814E-10  3.7756746E-11  3.5258654E-11  2.9728841E-02
  cd109    109  -2.1154883E-23 -2.1154883E-23  0.0000000E+00 -4.1651670E-24  0.0000000E+00  0.0000000E+00
  cd110    110   4.4184434E-11  2.6037295E-09  2.5595450E-09  5.1264609E-10  5.0397642E-10  7.4074171E-03
  cd111    111  -3.3188563E-11  2.6137079E-09  2.6468965E-09  5.1461074E-10  5.2117599E-10 -5.5055423E-03
  cd112    112   1.2788437E-11  5.0475784E-09  5.0347899E-09  9.9381336E-10  9.9135400E-10  1.0760915E-03
  cd113    113  -2.2844837E-11  2.5496456E-09  2.5724904E-09  5.0199755E-10  5.0652538E-10 -3.8995999E-03
  cd114    114   4.9982685E-11  6.1515979E-09  6.1016152E-09  1.2111829E-09  1.2014127E-09  3.5174948E-03
  in115    115  -1.8871349E-11  2.2818458E-09  2.3007172E-09  4.4927068E-10  4.5301299E-10 -3.6025927E-03
  sn116    116   1.1123724E-10  7.3094206E-09  7.1981834E-09  1.4391456E-09  1.4173279E-09  6.6343774E-03
  sn117    117  -6.5751848E-12  3.8283221E-09  3.8348973E-09  7.5375511E-10  7.5509421E-10 -7.7086897E-04
  sn118    118   1.6081536E-10  1.1854549E-08  1.1693734E-08  2.3340321E-09  2.3025055E-09  5.9061307E-03
  sn119    119   2.6244340E-11  4.3888737E-09  4.3626294E-09  8.6412161E-10  8.5900514E-10  2.5791116E-03
  sn120    120   3.1338132E-10  1.6998769E-08  1.6685387E-08  3.3468732E-09  3.2853658E-09  8.0555575E-03
  sb121    121  -9.2892360E-12  2.5638340E-09  2.5731233E-09  5.0479110E-10  5.0664994E-10 -1.5963151E-03
  te122    122   5.1252114E-11  1.7616618E-09  1.7104097E-09  3.4685210E-10  3.3678099E-10  1.2796748E-02
  te123    123   1.8163471E-11  6.2003058E-10  6.0186711E-10  1.2207729E-10  1.1850811E-10  1.2886820E-02
  te124    124   8.5502938E-11  3.3170375E-09  3.2315346E-09  6.5308869E-10  6.3629169E-10  1.1315925E-02
  te125    125  -6.1728400E-11  4.7971507E-09  4.8588791E-09  9.4450692E-10  9.5671704E-10 -5.5783768E-03
  te126    126   3.1471714E-11  1.3082925E-08  1.3051453E-08  2.5758859E-09  2.5698412E-09  1.0203127E-03
   i127    127  -3.6599523E-10  1.6002351E-08  1.6368347E-08  3.1506895E-09  3.2229404E-09 -9.8466547E-03
   i128    128   0.0000000E+00  0.0000000E+00  0.0000000E+00  0.0000000E+00  0.0000000E+00  0.0000000E+00
   i129    129   9.9168192E-14  9.9168192E-14  0.0000000E+00  1.9525141E-14  0.0000000E+00  0.0000000E+00
  xe128    128   1.3416324E-10  1.9021091E-09  1.7679459E-09  3.7450465E-10  3.4810993E-10  3.1740807E-02
  xe129    129  -5.0824056E-10  2.1686114E-08  2.2194355E-08  4.2697605E-09  4.3700856E-09 -1.0086414E-02
  xe130    130   2.2656454E-10  3.8176386E-09  3.5910741E-09  7.5165163E-10  7.0708528E-10  2.6544793E-02
  xe131    131  -3.3645264E-10  1.7602385E-08  1.7938838E-08  3.4657188E-09  3.5321712E-09 -8.2484325E-03
  xe132    132   2.4670044E-11  2.2117881E-08  2.2093211E-08  4.3547708E-09  4.3501704E-09  4.5902617E-04
  xe133    133   1.7897663E-32  1.7897663E-32  0.0000000E+00  3.5238555E-33  0.0000000E+00  0.0000000E+00
  xe134    134   2.8021052E-10  8.5613339E-09  8.2811233E-09  1.6856337E-09  1.6305596E-09  1.4426565E-02
  cs133    133  -7.1036066E-11  5.7373937E-09  5.8084297E-09  1.1296306E-09  1.1436843E-09 -5.3696851E-03
  cs134    134   1.1942075E-19  1.1942075E-19  0.0000000E+00  2.3512651E-20  0.0000000E+00  0.0000000E+00
  cs135    135   1.0709671E-10  1.0709671E-10  0.0000000E+00  2.1086180E-11  0.0000000E+00  0.0000000E+00
  cs136    136   3.6373691E-31  3.6373691E-31  0.0000000E+00  7.1615853E-32  0.0000000E+00  0.0000000E+00
  cs137    137   1.3490200E-13  1.3490200E-13  0.0000000E+00  2.6560741E-14  0.0000000E+00  0.0000000E+00
  ba134    134   1.2096824E-10  1.9016375E-09  1.7806693E-09  3.7441181E-10  3.5061518E-10  2.8518831E-02
  ba135    135  -6.8482109E-11  4.8243050E-09  4.8927871E-09  9.4985331E-10  9.6339359E-10 -6.1472123E-03
  ba136    136   3.2934189E-10  6.2020122E-09  5.8726704E-09  1.2211089E-09  1.1563334E-09  2.3671320E-02
  ba137    137   7.1872108E-10  9.1789820E-09  8.4602609E-09  1.8072420E-09  1.6658319E-09  3.5385136E-02
  ba138    138   9.7045216E-10  5.5369942E-08  5.4399489E-08  1.0901741E-08  1.0711301E-08  7.6536355E-03
  la139    139   6.7797323E-11  7.5293656E-09  7.4615683E-09  1.4824504E-09  1.4691887E-09  3.9025841E-03
  ce140    140   1.4321166E-10  1.7244455E-08  1.7101243E-08  3.3952461E-09  3.3672480E-09  3.5961624E-03
  ce141    141   7.2838285E-28  7.2838285E-28  0.0000000E+00  1.4341068E-28  0.0000000E+00  0.0000000E+00
  ce142    142   3.4144687E-11  2.2137121E-09  2.1795674E-09  4.3585591E-10  4.2915851E-10  6.7252265E-03
  pr141    141  -1.0118129E-11  2.9371965E-09  2.9473146E-09  5.7830213E-10  5.8032856E-10 -1.5191576E-03
  nd142    142   9.0309982E-12  3.9406016E-09  3.9315706E-09  7.7586171E-10  7.7412932E-10  9.7082870E-04
  nd143    143  -1.8230417E-11  1.7419721E-09  1.7602025E-09  3.4297543E-10  3.4658523E-10 -4.5470609E-03
  nd144    144  -6.9328987E-12  3.4912950E-09  3.4982279E-09  6.8739814E-10  6.8880385E-10 -8.8721531E-04
  nd145    145  -1.7638557E-11  1.2832442E-09  1.3008827E-09  2.5265687E-10  2.5614483E-10 -5.9544910E-03
  nd146    146   7.9285467E-12  2.5684050E-09  2.5604765E-09  5.0569110E-10  5.0415977E-10  1.3170980E-03
  nd147    147   7.6846566E-31  7.6846566E-31  0.0000000E+00  1.5130256E-31  0.0000000E+00  0.0000000E+00
  nd148    148  -8.8269947E-12  8.5725860E-10  8.6608559E-10  1.6878492E-10  1.7053293E-10 -4.4746343E-03
  pm147    147  -5.0510655E-18 -5.0510655E-18  0.0000000E+00 -9.9450002E-19  0.0000000E+00  0.0000000E+00
  pm148    148  -1.9152759E-37 -1.9152759E-37  0.0000000E+00 -3.7709704E-38  0.0000000E+00  0.0000000E+00
  sm147    147  -1.1343093E-11  6.8580813E-10  6.9715123E-10  1.3502818E-10  1.3726963E-10 -7.1500223E-03
  sm148    148   6.8301476E-12  5.3313215E-10  5.2630200E-10  1.0496794E-10  1.0362927E-10  5.5742362E-03
  sm149    149  -1.6664947E-11  6.3481798E-10  6.5148292E-10  1.2498877E-10  1.2827750E-10 -1.1279495E-02
  sm150    150   1.1947221E-11  3.6217951E-10  3.5023229E-10  7.1309215E-11  6.8961011E-11  1.4542035E-02
  sm151    151   1.1506983E-15  1.1506983E-15  0.0000000E+00  2.2656001E-16  0.0000000E+00  0.0000000E+00
  sm152    152  -1.1290302E-11  1.2751370E-09  1.2864273E-09  2.5106064E-10  2.5329852E-10 -3.8540240E-03
  eu151    151  -2.6584179E-11  8.2201823E-10  8.4860241E-10  1.6184647E-10  1.6709047E-10 -1.3848439E-02
  eu152    152   1.4968253E-19  1.4968253E-19  0.0000000E+00  2.9470868E-20  0.0000000E+00  0.0000000E+00
  eu153    153  -2.4015845E-11  9.1460112E-10  9.3861696E-10  1.8007504E-10  1.8481443E-10 -1.1282365E-02
  eu154    154  -3.8582989E-19 -3.8582989E-19  0.0000000E+00 -7.5965721E-20  0.0000000E+00  0.0000000E+00
  eu155    155  -1.1262419E-18 -1.1262419E-18  0.0000000E+00 -2.2174481E-19  0.0000000E+00  0.0000000E+00
  gd152    152   2.1361940E-12  1.4526585E-11  1.2390391E-11  2.8601268E-12  2.4396776E-12  6.9052845E-02
  gd153    153   7.7535289E-26  7.7535289E-26  0.0000000E+00  1.5265858E-26  0.0000000E+00  0.0000000E+00
  gd154    154   1.2479406E-11  1.4931280E-10  1.3683339E-10  2.9398071E-11  2.6942601E-11  3.7879303E-02
  gd155    155  -2.5025315E-11  9.0996322E-10  9.3498853E-10  1.7916188E-10  1.8409997E-10 -1.1808104E-02
  gd156    156  -1.1990520E-11  1.2895172E-09  1.3015077E-09  2.5389194E-10  2.5626790E-10 -4.0452927E-03
  gd157    157  -1.9376278E-11  9.8204456E-10  1.0014208E-09  1.9335392E-10  1.9718054E-10 -8.5110683E-03
  gd158    158  -7.1950224E-12  1.5924316E-09  1.5996267E-09  3.1353251E-10  3.1496772E-10 -1.9834789E-03
  gd159    159   0.0000000E+00  0.0000000E+00  0.0000000E+00  0.0000000E+00  0.0000000E+00  0.0000000E+00
  gd160    160  -2.9056979E-11  1.3964883E-09  1.4255452E-09  2.7495339E-10  2.8069097E-10 -8.9693461E-03
  tb159    159  -2.8369973E-11  1.1783579E-09  1.2067278E-09  2.3200587E-10  2.3760566E-10 -1.0357800E-02
  tb160    160   3.2755386E-25  3.2755386E-25  0.0000000E+00  6.4491801E-26  0.0000000E+00  0.0000000E+00
  tb161    161   3.1060922E-32  3.1060922E-32  0.0000000E+00  6.1155586E-33  0.0000000E+00  0.0000000E+00
  dy160    160   1.1847343E-11  1.9444583E-10  1.8259849E-10  3.8284275E-11  3.5953782E-11  2.7275832E-02
  dy161    161  -3.9187875E-11  1.4510201E-09  1.4902080E-09  2.8569011E-10  2.9342309E-10 -1.1599082E-02
  dy162    162  -1.7075896E-11  2.0052140E-09  2.0222899E-09  3.9480488E-10  3.9819045E-10 -3.7083172E-03
  dy163    163  -4.2474468E-11  1.9460331E-09  1.9885076E-09  3.8315282E-10  3.9153866E-10 -9.4026336E-03
  dy164    164  -1.5158985E-12  2.2694937E-09  2.2710096E-09  4.4683868E-10  4.4716358E-10 -3.1566466E-04
  ho165    165  -4.0293324E-11  1.7285609E-09  1.7688542E-09  3.4033487E-10  3.4828876E-10 -1.0033005E-02
  er166    166  -1.4055868E-11  1.6663116E-09  1.6803675E-09  3.2807868E-10  3.3086567E-10 -3.6736995E-03
  er167    167  -2.2516544E-11  1.1313855E-09  1.1539021E-09  2.2275753E-10  2.2720421E-10 -8.5839862E-03
  er168    168   3.7280179E-12  1.3731070E-09  1.3693789E-09  2.7034985E-10  2.6963179E-10  1.1550477E-03
  er169    169   5.1774141E-31  5.1774141E-31  0.0000000E+00  1.0193767E-31  0.0000000E+00  0.0000000E+00
  er170    170  -7.6356144E-12  7.5819634E-10  7.6583195E-10  1.4928063E-10  1.5079291E-10 -4.3774568E-03
  tm169    169  -1.4473145E-11  7.9479673E-10  8.0926987E-10  1.5648685E-10  1.5934587E-10 -7.8629460E-03
  tm170    170   1.1074548E-23  1.1074548E-23  0.0000000E+00  2.1804583E-24  0.0000000E+00  0.0000000E+00
  tm171    171  -1.7041204E-18 -1.7041204E-18  0.0000000E+00 -3.3552281E-19  0.0000000E+00  0.0000000E+00
  yb170    170   9.8347719E-12  1.6289586E-10  1.5306109E-10  3.2072428E-11  3.0137847E-11  2.7019624E-02
  yb171    171  -6.1789462E-12  7.2179507E-10  7.2797401E-10  1.4211361E-10  1.4333865E-10 -3.7276114E-03
  yb172    172   8.5468299E-12  1.1357753E-09  1.1272284E-09  2.2362183E-10  2.2195215E-10  3.2548408E-03
  yb173    173  -5.9477423E-12  8.3560014E-10  8.4154789E-10  1.6452061E-10  1.6570142E-10 -3.1059547E-03
  yb174    174   2.9424130E-11  1.7132902E-09  1.6838660E-09  3.3732825E-10  3.3155453E-10  7.4977498E-03
  lu175    175  -1.2084611E-11  7.4792617E-10  7.6001078E-10  1.4725855E-10  1.4964671E-10 -6.9866595E-03
  lu176    176   9.2096279E-12  3.1393766E-11  2.2184138E-11  6.1810921E-12  4.3680740E-12  1.5077524E-01
  lu177    177   5.0556917E-33  5.0556917E-33  0.0000000E+00  9.9541082E-34  0.0000000E+00  0.0000000E+00
  hf176    176  -4.2603282E-12  1.6643709E-10  1.7069741E-10  3.2769655E-11  3.3610455E-11 -1.1002515E-02
  hf177    177  -8.8149488E-12  6.0471517E-10  6.1353012E-10  1.1906186E-10  1.2080456E-10 -6.3106799E-03
  hf178    178   1.6179003E-11  9.2134678E-10  9.0516777E-10  1.8140318E-10  1.7822825E-10  7.6683355E-03
  hf179    179   9.2750807E-13  4.5541779E-10  4.5449028E-10  8.9666823E-11  8.9489492E-11  8.5975329E-04
  hf180    180   3.9164005E-11  1.2161712E-09  1.1770072E-09  2.3945090E-10  2.3175362E-10  1.4189970E-02
  hf181    181   3.0802484E-27  3.0802484E-27  0.0000000E+00  6.0646749E-28  0.0000000E+00  0.0000000E+00
  hf182    182   2.7619804E-11  2.7619804E-11  0.0000000E+00  5.4380398E-12  0.0000000E+00  0.0000000E+00
  ta181    181   3.5220160E-12  5.0221416E-10  4.9869214E-10  9.8880522E-11  9.8192877E-11  3.0307428E-03
  ta182    182   2.5340908E-19  2.5340908E-19  0.0000000E+00  4.9893499E-20  0.0000000E+00  0.0000000E+00
  ta183    183   3.3337743E-35  3.3337743E-35  0.0000000E+00  6.5638402E-36  0.0000000E+00  0.0000000E+00
   w182    182   1.1112333E-11  7.9368701E-10  7.8257467E-10  1.5626836E-10  1.5408956E-10  6.0978150E-03
   w183    183   1.2457813E-11  4.3737172E-10  4.2491391E-10  8.6113748E-11  8.3665880E-11  1.2524106E-02
   w184    184   3.3626157E-11  9.4839614E-10  9.1476998E-10  1.8672891E-10  1.8011892E-10  1.5652204E-02
   w185    185   4.2639751E-25  4.2639751E-25  0.0000000E+00  8.3953043E-26  0.0000000E+00  0.0000000E+00
   w186    186   8.6519125E-12  8.6666918E-10  8.5801727E-10  1.7063775E-10  1.6894426E-10  4.3316726E-03
  re185    185  -1.9234614E-13  4.3590331E-10  4.3609566E-10  8.5824632E-11  8.5867577E-11 -2.1726348E-04
  re186    186   2.6341336E-34  2.6341336E-34  0.0000000E+00  5.1863235E-35  0.0000000E+00  0.0000000E+00
  re187    187  -1.6111945E-11  7.7916001E-10  7.9527196E-10  1.5340815E-10  1.5658967E-10 -8.9147007E-03
  os186    186   1.6340734E-11  2.5804944E-10  2.4170871E-10  5.0807136E-11  4.7592631E-11  2.8385000E-02
  os187    187   1.4535179E-12  1.9473589E-10  1.9328238E-10  3.8341386E-11  3.8057453E-11  3.2280684E-03
  os188    188   5.4800608E-12  2.0444801E-09  2.0390001E-09  4.0253595E-10  4.0148071E-10  1.1399703E-03
  os189    189  -6.1199046E-11  2.4380582E-09  2.4992572E-09  4.8002718E-10  4.9210569E-10 -1.0792555E-02
  os190    190  -2.4674485E-11  4.0612065E-09  4.0858810E-09  7.9960749E-10  8.0451312E-10 -2.6562673E-03
  os191    191   4.0040965E-29  4.0040965E-29  0.0000000E+00  7.8836317E-30  0.0000000E+00  0.0000000E+00
  os192    192  -1.2867396E-10  6.2839156E-09  6.4125896E-09  1.2372348E-09  1.2626439E-09 -8.8287555E-03
  ir191    191  -1.4411938E-10  5.2628257E-09  5.4069451E-09  1.0361932E-09  1.0646317E-09 -1.1758632E-02
  ir192    192   1.5010143E-24  1.5010143E-24  0.0000000E+00  2.9553343E-25  0.0000000E+00  0.0000000E+00
  ir193    193  -2.2596236E-10  8.9580796E-09  9.1840420E-09  1.7637487E-09  1.8083449E-09 -1.0844572E-02
  pt192    192   4.8728854E-11  2.7608493E-10  2.2735608E-10  5.4358129E-11  4.4766586E-11  8.4310539E-02
  pt193    193   4.8747344E-16  4.8747344E-16  0.0000000E+00  9.5978230E-17  0.0000000E+00  0.0000000E+00
  pt194    194  -1.1102763E-10  9.5737249E-09  9.6847526E-09  1.8849626E-09  1.9069353E-09 -5.0331992E-03
  pt195    195  -2.1561863E-10  9.7748041E-09  9.9904227E-09  1.9245530E-09  1.9671220E-09 -9.5014460E-03
  pt196    196  -1.7818635E-11  7.4740143E-09  7.4918329E-09  1.4715523E-09  1.4751477E-09 -1.0597953E-03
  au197    197  -7.5943696E-11  4.4392490E-09  4.5151927E-09  8.7403995E-10  8.8904500E-10 -7.3924577E-03
  hg198    198   9.2734265E-11  1.1533933E-09  1.0606590E-09  2.2709062E-10  2.0884458E-10  3.6375985E-02
  hg199    199  -6.5170092E-13  1.8030877E-09  1.8037394E-09  3.5500841E-10  3.5515768E-10 -1.8256032E-04
  hg200    200   8.6689766E-11  2.5689235E-09  2.4822338E-09  5.0579319E-10  4.8875376E-10  1.4882858E-02
  hg201    201   2.6336711E-11  1.4496611E-09  1.4233243E-09  2.8542255E-10  2.8025368E-10  7.9369256E-03
  hg202    202   1.6021873E-10  3.4009395E-09  3.2407208E-09  6.6960809E-10  6.3810046E-10  2.0931626E-02
  tl203    203   1.0218737E-10  1.3841336E-09  1.2819462E-09  2.7252089E-10  2.5241623E-10  3.3282530E-02
  tl204    204  -1.5551775E-16 -1.5551775E-16  0.0000000E+00 -3.0619758E-17  0.0000000E+00  0.0000000E+00
  tl205    205   2.2313618E-10  3.3134857E-09  3.0903495E-09  6.5238936E-10  6.0849220E-10  3.0251877E-02
  pb204    204   5.3499427E-11  1.6761265E-09  1.6226270E-09  3.3001113E-10  3.1949654E-10  1.4062428E-02
  pb205    205   9.1067405E-12  9.1067405E-12  0.0000000E+00  1.7930184E-12  0.0000000E+00  0.0000000E+00
  pb206    206   4.0830983E-10  1.5654585E-08  1.5246275E-08  3.0822180E-09  3.0020035E-09  1.1452143E-02
  pb207    207   3.0718361E-10  1.7260820E-08  1.6953637E-08  3.3984682E-09  3.3381844E-09  7.7729034E-03
  pb208    208   4.4054360E-10  4.9201471E-08  4.8760928E-08  9.6872359E-09  9.6010648E-09  3.8804694E-03
  bi209    209   1.9378277E-11  3.4106054E-09  3.3912271E-09  6.7151118E-10  6.6773526E-10  2.4489360E-03
  bi210    210   1.2630654E-34  1.2630654E-34  0.0000000E+00  2.4868387E-35  0.0000000E+00  0.0000000E+00
  po210    210   1.9105221E-11  1.9105221E-11  0.0000000E+00  3.7616108E-12  0.0000000E+00  0.0000000E+00
