# Column 1: wavelength in Angstrom
# Column 2: extinction per g of dust in cm^2
# Column 3: albedo
# Column 4: <cos^2 theta> for scattered light
1.0   72.9411764706   0.6211   1.0
1.02329   76.7914438503   0.6163   1.0
1.04713   80.9625668449   0.6127   1.0
1.07152   85.6684491979   0.6103   1.0
1.09648   89.8930481283   0.6043   1.0
1.12202   94.7058823529   0.5997   1.0
1.14815   99.8930481283   0.5953   1.0
1.1749   105.347593583   0.5908   1.0
1.20226   111.443850267   0.588   1.0
1.23027   117.593582888   0.5851   1.0
1.25893   123.689839572   0.5804   1.0
1.28825   130.106951872   0.5755   1.0
1.31826   136.417112299   0.5694   1.0
1.34896   143.903743316   0.5655   1.0
1.38038   151.657754011   0.5616   1.0
1.41254   160.160427807   0.5582   1.0
1.44544   169.037433155   0.5548   1.0
1.47911   177.165775401   0.5481   1.0
1.51356   187.112299465   0.5448   1.0
1.54882   196.577540107   0.5396   1.0
1.58489   206.951871658   0.5348   1.0
1.62181   217.593582888   0.5298   1.0
1.65959   229.090909091   0.5255   1.0
1.69824   240.267379679   0.5192   1.0
1.73526   243.957219251   0.5092   1.0
1.73647   251.069518717   0.4972   1.0
1.73769   255.294117647   0.4888   1.0
1.7378   255.721925134   0.4879   1.0
1.73891   260.802139037   0.4787   1.0
1.73915   262.780748663   0.4719   1.0
1.73939   267.540106952   0.4604   1.0
1.73964   273.582887701   0.4472   1.0
1.73988   280.213903743   0.4337   1.0
1.74013   288.07486631   0.419   1.0
1.74037   294.652406417   0.4096   1.0
1.74061   296.631016043   0.4042   1.0
1.74086   289.144385027   0.4117   1.0
1.7411   278.181818182   0.425   1.0
1.74135   265.721925134   0.4418   1.0
1.74159   254.49197861   0.4612   1.0
1.74184   241.069518717   0.4836   1.0
1.74208   228.983957219   0.509   1.0
1.74257   190.213903743   0.6094   1.0
1.7438   159.197860963   0.744   1.0
1.74625   158.983957219   0.7729   1.0
1.77828   172.941176471   0.7802   1.0
1.8197   183.155080214   0.7788   1.0
1.86209   193.689839572   0.7764   1.0
1.90546   205.026737968   0.7739   0.99999
1.94984   216.898395722   0.7721   0.99999
1.99526   228.663101604   0.7692   0.99999
2.04174   240.534759358   0.7657   0.99999
2.0893   253.101604278   0.7626   0.99999
2.13796   267.165775401   0.7598   0.99999
2.18776   281.871657754   0.7567   0.99999
2.23872   296.631016043   0.753   0.99999
2.29087   311.978609626   0.7497   0.99999
2.34423   328.181818182   0.7461   0.99999
2.39883   345.401069519   0.7424   0.99999
2.45471   363.101604278   0.7385   0.99999
2.51189   381.229946524   0.7352   0.99999
2.5704   401.016042781   0.732   0.99999
2.63027   423.315508021   0.7291   0.99999
2.69153   446.577540107   0.7257   0.99999
2.75423   470.0   0.7219   0.99999
2.81838   494.812834225   0.7191   0.99999
2.88403   521.28342246   0.7155   0.99999
2.95121   549.732620321   0.7117   0.99999
3.01995   579.679144385   0.708   0.99999
3.0903   610.695187166   0.7041   0.99999
3.16228   641.711229947   0.7014   0.99999
3.23594   675.401069519   0.6978   0.99999
3.31131   712.834224599   0.6942   0.99999
3.38844   751.871657754   0.6902   0.99999
3.46737   793.582887701   0.6866   0.99999
3.54813   835.828877005   0.6828   0.99999
3.63078   882.352941176   0.6782   0.99998
3.71535   930.481283422   0.6739   0.99998
3.80189   980.213903743   0.6697   0.99998
3.89045   1030.48128342   0.6659   0.99998
3.98107   1080.7486631   0.6621   0.99998
4.0738   1131.55080214   0.6588   0.99998
4.16869   1185.56149733   0.6551   0.99998
4.2658   1249.19786096   0.6513   0.99998
4.36516   1313.90374332   0.6477   0.99998
4.46684   1380.21390374   0.6442   0.99998
4.57088   1450.80213904   0.6402   0.99998
4.67735   1525.13368984   0.6362   0.99998
4.7863   1602.13903743   0.6323   0.99998
4.89779   1680.7486631   0.6284   0.99997
5.01187   1765.24064171   0.6242   0.99997
5.12861   1856.68449198   0.6204   0.99997
5.24807   1950.26737968   0.6166   0.99997
5.37032   2048.6631016   0.6126   0.99997
5.49541   2151.3368984   0.6085   0.99997
5.62341   2256.68449198   0.6041   0.99997
5.7544   2366.31016043   0.5995   0.99997
5.88844   2478.60962567   0.5947   0.99996
6.0256   2591.97860963   0.5899   0.99996
6.16595   2705.34759358   0.5852   0.99996
6.30957   2826.73796791   0.5799   0.99996
6.45654   2951.87165775   0.5745   0.99996
6.60693   3108.55614973   0.5664   0.99995
6.6302   3165.24064171   0.5621   0.99995
6.6408   3249.73262032   0.5494   0.99995
6.6479   3308.02139037   0.5324   0.99995
6.6586   3239.57219251   0.5335   0.99995
6.6658   3180.21390374   0.5436   0.99995
6.6766   3206.4171123   0.5496   0.99995
6.6838   3306.4171123   0.5313   0.99995
6.691   3321.39037433   0.5174   0.99995
6.6946   3241.17647059   0.5277   0.99995
6.6982   3200.0   0.5354   0.99995
6.7018   3218.71657754   0.536   0.99995
6.7055   3272.72727273   0.5369   0.99995
6.7091   3337.43315508   0.5327   0.99995
6.7127   3528.87700535   0.4891   0.99995
6.7145   3637.96791444   0.4575   0.99995
6.7164   3749.73262032   0.4328   0.99995
6.7171   3781.28342246   0.4261   0.99995
6.7178   3787.70053476   0.4224   0.99995
6.7185   3747.59358289   0.4234   0.99995
6.7193   3648.12834225   0.4307   0.99995
6.72   3495.72192513   0.445   0.99995
6.7218   3093.04812834   0.4926   0.99995
6.7273   2736.36363636   0.5551   0.99995
6.7309   2739.57219251   0.5775   0.99995
6.7346   2765.77540107   0.5853   0.99995
6.7383   2768.44919786   0.5938   0.99995
6.76083   2789.30481283   0.6127   0.99995
6.91831   3027.80748663   0.6218   0.99995
7.07946   3199.46524064   0.621   0.99995
7.24436   3370.58823529   0.6185   0.99995
7.4131   3541.17647059   0.6154   0.99995
7.58578   3716.57754011   0.6119   0.99994
7.76247   3894.65240642   0.6079   0.99994
7.94328   4080.21390374   0.6038   0.99994
8.1283   4268.98395722   0.5995   0.99994
8.31764   4461.4973262   0.5951   0.99993
8.51138   4660.42780749   0.5905   0.99993
8.70964   4863.63636364   0.5855   0.99993
8.91251   5071.12299465   0.5802   0.99992
9.12011   5285.56149733   0.5751   0.99992
9.3221   5796.79144385   0.5363   0.99991
9.33254   5727.27272727   0.5366   0.99991
9.3362   5572.19251337   0.5509   0.99991
9.3502   5684.49197861   0.5346   0.99991
9.3644   5561.4973262   0.5503   0.99991
9.3785   5668.44919786   0.55   0.99991
9.3927   5812.8342246   0.5348   0.99991
9.3998   5855.61497326   0.5237   0.99991
9.407   5807.48663102   0.5202   0.99991
9.4141   5684.49197861   0.5282   0.99991
9.4213   5641.71122995   0.5357   0.99991
9.4284   5684.49197861   0.5368   0.99991
9.4356   5748.6631016   0.5366   0.99991
9.4428   5871.65775401   0.5353   0.99991
9.45   6197.86096257   0.5024   0.99991
9.4536   6342.2459893   0.4754   0.99991
9.4572   6401.06951872   0.4477   0.99991
9.4587   6411.76470588   0.4383   0.99991
9.4601   6390.37433155   0.4328   0.99991
9.4615   6315.50802139   0.4324   0.9999
9.4644   5935.82887701   0.4475   0.99991
9.468   5327.80748663   0.4841   0.99991
9.4717   5045.98930481   0.5059   0.99991
9.4789   4936.36363636   0.5462   0.99991
9.4862   4945.45454545   0.5648   0.99991
9.4934   4995.72192513   0.5717   0.99991
9.5007   5009.62566845   0.5791   0.99991
9.54993   5091.97860963   0.5965   0.99991
9.77237   5465.24064171   0.6032   0.99991
10.0   5791.44385027   0.6043   0.9999
10.2329   6069.51871658   0.6016   0.9999
10.4713   6342.2459893   0.5979   0.9999
10.7152   6620.32085561   0.5941   0.99989
10.9648   6909.09090909   0.5899   0.99989
11.2202   7197.86096257   0.5855   0.99988
11.4815   7497.32620321   0.5809   0.99987
11.749   7796.79144385   0.576   0.99987
12.0226   8101.60427807   0.5709   0.99986
12.3027   8401.06951872   0.5656   0.99986
12.5893   8711.22994652   0.5602   0.99985
12.8825   9021.39037433   0.5545   0.99984
13.1826   9320.85561497   0.549   0.99983
13.4896   9641.71122995   0.5437   0.99982
13.8038   9951.87165775   0.5359   0.99981
14.1254   10235.2941176   0.5324   0.99981
14.4544   10614.973262   0.5187   0.99979
14.7911   10647.0588235   0.5271   0.99979
15.1356   11016.0427807   0.5219   0.99978
15.4882   11331.5508021   0.5142   0.99976
15.8489   11556.1497326   0.5094   0.99975
16.2181   11812.8342246   0.5052   0.99974
16.5959   12058.8235294   0.5007   0.99973
16.9824   12352.9411765   0.4981   0.99971
16.984   12352.9411765   0.4981   0.99971
17.031   12417.1122995   0.499   0.99971
17.078   12556.1497326   0.5026   0.99971
17.101   12748.6631016   0.5035   0.99971
17.125   13074.8663102   0.4925   0.9997
17.149   13187.1657754   0.4845   0.9997
17.16   13267.3796791   0.4854   0.9997
17.172   13566.8449198   0.4796   0.9997
17.184   13946.5240642   0.4616   0.99969
17.191   14133.6898396   0.445   0.99968
17.196   14203.2085561   0.4323   0.99968
17.201   14171.1229947   0.421   0.99968
17.206   14010.6951872   0.4116   0.99967
17.21   13802.1390374   0.4063   0.99967
17.215   13454.5454545   0.4025   0.99967
17.22   13037.4331551   0.4024   0.99968
17.232   12053.4759358   0.4219   0.99969
17.244   11422.459893   0.4451   0.99969
17.268   11379.6791444   0.4855   0.9997
17.292   11663.1016043   0.5006   0.9997
17.316   11866.3101604   0.5084   0.99971
17.34   12048.1283422   0.5152   0.99971
17.365   12278.0748663   0.5236   0.99971
17.378   12459.8930481   0.5292   0.99971
17.389   12652.4064171   0.5342   0.99971
17.413   13513.368984   0.5335   0.9997
17.426   14139.0374332   0.5141   0.99969
17.438   14593.5828877   0.4914   0.99968
17.45   14786.0962567   0.478   0.99968
17.463   14957.2192513   0.4811   0.99968
17.467   15112.2994652   0.4833   0.99968
17.472   15401.0695187   0.4828   0.99967
17.477   15791.4438503   0.4772   0.99967
17.482   16288.7700535   0.4651   0.99966
17.487   16871.657754   0.4498   0.99965
17.492   17422.459893   0.4304   0.99963
17.497   17866.3101604   0.4098   0.99962
17.502   18197.8609626   0.3891   0.9996
17.507   18401.0695187   0.3696   0.99959
17.512   18395.7219251   0.3527   0.99959
17.517   18139.0374332   0.3387   0.99959
17.522   17598.9304813   0.3264   0.99959
17.527   16770.0534759   0.3155   0.9996
17.532   15647.0588235   0.3058   0.99961
17.537   14465.2406417   0.2984   0.99962
17.542   13144.3850267   0.2938   0.99963
17.547   11860.9625668   0.2932   0.99962
17.552   10721.9251337   0.2987   0.99962
17.556   9967.9144385   0.3081   0.99962
17.561   9229.94652406   0.3267   0.99962
17.574   8524.06417112   0.3883   0.99964
17.586   8668.44919786   0.4323   0.99966
17.611   9224.59893048   0.4739   0.99968
17.636   9582.88770053   0.4929   0.99969
17.662   9844.9197861   0.5053   0.99969
17.687   10042.7807487   0.5138   0.99969
17.712   10197.8609626   0.5201   0.99969
17.7828   10534.7593583   0.5319   0.9997
18.197   11534.7593583   0.5532   0.99969
18.6209   12165.7754011   0.5561   0.99968
19.0546   12705.8823529   0.555   0.99966
19.4984   13192.513369   0.5516   0.99964
19.9526   13652.4064171   0.547   0.99962
20.4174   14096.2566845   0.5416   0.99961
20.893   14524.0641711   0.5356   0.99958
21.3796   14962.5668449   0.5298   0.99956
21.8776   15695.1871658   0.5264   0.99954
22.14   16705.8823529   0.5018   0.99951
22.18   16957.2192513   0.4918   0.9995
22.219   17149.7326203   0.4762   0.99949
22.259   17117.6470588   0.459   0.99948
22.275   17016.0427807   0.4531   0.99948
22.339   16465.2406417   0.4528   0.99948
22.38   16395.7219251   0.4511   0.99948
22.3872   16374.3315508   0.4493   0.99948
22.42   16197.8609626   0.4437   0.99948
22.461   15631.0160428   0.4546   0.99949
22.502   15582.8877005   0.4735   0.99949
22.543   15941.1764706   0.4783   0.99949
22.584   16283.4224599   0.4795   0.99949
22.625   16770.0534759   0.4665   0.99947
22.666   17000.0   0.4526   0.99946
22.708   17160.4278075   0.4325   0.99945
22.729   17048.1283422   0.4193   0.99944
22.749   16609.6256684   0.4153   0.99944
22.791   15914.4385027   0.4233   0.99945
22.833   15737.9679144   0.4386   0.99946
22.875   16021.3903743   0.445   0.99946
22.9087   16283.4224599   0.4461   0.99946
22.918   16379.6791444   0.4466   0.99946
22.996   18679.144385   0.4225   0.9994
23.003   18957.2192513   0.4144   0.99939
23.024   19518.7165775   0.3853   0.99936
23.045   19989.3048128   0.356   0.99933
23.054   19898.3957219   0.3426   0.99932
23.063   19711.2299465   0.3295   0.99932
23.071   19208.5561497   0.3195   0.99933
23.088   17096.2566845   0.3017   0.99935
23.11   13385.026738   0.2941   0.99935
23.131   11786.0962567   0.3139   0.99935
23.175   10417.1122995   0.3865   0.99939
23.218   10449.197861   0.4493   0.99943
23.262   10802.1390374   0.478   0.99946
23.305   10925.1336898   0.5066   0.99947
23.349   11213.9037433   0.5241   0.99948
23.393   11454.5454545   0.5326   0.99949
23.4423   11545.4545455   0.5413   0.99949
23.482   11385.026738   0.5636   0.9995
23.616   12069.5187166   0.5953   0.99951
23.843   12818.1818182   0.6112   0.99951
23.9883   13139.0374332   0.616   0.99951
24.5471   14240.6417112   0.6284   0.99949
25.1189   15133.6898396   0.6338   0.99947
25.704   15887.7005348   0.6348   0.99945
26.3027   16588.2352941   0.6337   0.99942
26.9153   17256.684492   0.6315   0.99939
27.5423   17903.7433155   0.6286   0.99936
28.1838   18534.7593583   0.6247   0.99933
28.8403   19155.0802139   0.6205   0.99929
29.5121   19759.3582888   0.6159   0.99925
30.1995   20352.9411765   0.6111   0.99921
30.903   20930.4812834   0.6062   0.99917
31.6228   21513.368984   0.6008   0.99912
32.3594   22085.5614973   0.595   0.99907
33.1131   22652.4064171   0.5891   0.99902
33.8844   23213.9037433   0.5829   0.99896
34.6737   23764.7058824   0.5763   0.9989
35.4813   24304.8128342   0.5696   0.99883
36.3078   24844.9197861   0.5628   0.99876
37.1535   25352.9411765   0.5567   0.99869
38.0189   25882.3529412   0.5513   0.9986
38.9045   26684.4919786   0.5423   0.99849
39.8107   28256.684492   0.516   0.99832
40.518   28197.8609626   0.5047   0.99832
40.738   28053.4759358   0.5059   0.99831
40.784   28026.7379679   0.5059   0.99831
41.054   27363.6363636   0.5128   0.99834
41.328   27352.9411765   0.5175   0.99831
41.466   27775.4010695   0.5139   0.99827
41.605   28069.5187166   0.5106   0.99824
41.6869   28224.5989305   0.5096   0.99822
41.745   28390.3743316   0.508   0.9982
41.886   29229.9465241   0.4972   0.99812
42.028   29470.5882353   0.4916   0.9981
42.171   29663.1016043   0.4875   0.99808
42.315   29780.7486631   0.4842   0.99807
42.46   29631.0160428   0.4843   0.99808
42.533   28711.2299465   0.4945   0.99814
42.577   26754.0106952   0.5132   0.99824
42.606   25962.5668449   0.5197   0.99826
42.6579   26000.0   0.5189   0.99825
42.68   26064.171123   0.5188   0.99825
42.753   26401.0695187   0.5179   0.99823
42.901   27379.6791444   0.5102   0.99818
43.05   27978.6096257   0.5047   0.99813
43.2   28737.9679144   0.5005   0.99806
43.275   30032.0855615   0.4906   0.99793
43.351   32299.4652406   0.4723   0.99764
43.381   35000.0   0.4464   0.99721
43.412   36588.2352941   0.4319   0.99693
43.442   37331.5508021   0.4268   0.99676
43.473   36631.0160428   0.436   0.99684
43.503   35556.1497326   0.4519   0.99695
43.58   31577.540107   0.5219   0.99743
43.6516   26914.4385027   0.6508   0.99809
43.656   26695.1871658   0.6577   0.99813
43.733   24262.0320856   0.652   0.99829
43.811   22925.1336898   0.6376   0.99826
43.966   21518.7165775   0.6191   0.99816
44.122   21053.4759358   0.6087   0.9981
44.28   20882.3529412   0.6034   0.99805
44.6684   21064.171123   0.6017   0.99801
45.7088   22181.8181818   0.6089   0.99794
46.7735   23160.4278075   0.613   0.99785
47.863   24032.0855615   0.6149   0.99775
48.9779   24759.3582888   0.6143   0.99762
50.1187   25443.8502674   0.6129   0.99748
51.2861   26080.2139037   0.6107   0.99732
52.4807   26657.7540107   0.6078   0.99715
53.7032   27197.8609626   0.6043   0.99697
54.9541   27716.5775401   0.6004   0.99678
56.2341   28213.9037433   0.5963   0.99658
57.544   28705.8823529   0.5923   0.99636
58.8844   29187.1657754   0.5881   0.99613
60.256   29647.0588235   0.5837   0.99588
61.6595   30090.9090909   0.5793   0.99562
63.0957   30529.4117647   0.5749   0.99535
64.5654   30967.9144385   0.5707   0.99506
66.0693   31395.7219251   0.5665   0.99475
67.6083   31834.2245989   0.562   0.99442
69.1831   32283.4224599   0.5571   0.99406
70.7946   32732.6203209   0.5501   0.99369
72.4436   33048.1283422   0.5456   0.99337
74.131   33454.5454545   0.5437   0.99296
75.8578   33882.3529412   0.5358   0.99254
77.6247   34213.9037433   0.5339   0.99213
79.4328   34844.9197861   0.5213   0.99155
79.579   34828.8770053   0.5189   0.99155
79.681   34791.4438503   0.5174   0.99158
79.784   34711.2299465   0.5164   0.99163
81.283   34582.8877005   0.5266   0.99149
83.1764   35069.5187166   0.5252   0.99091
85.1138   35470.5882353   0.5225   0.99036
87.0964   35887.7005348   0.5192   0.98978
89.1251   36310.1604278   0.5165   0.98915
91.2011   36764.7058824   0.514   0.98845
93.3254   37304.8128342   0.5103   0.98765
95.4993   37930.4812834   0.5052   0.98672
97.7237   38727.2727273   0.4961   0.98563
100.0   38946.5240642   0.4814   0.98527
102.329   38818.1818182   0.4781   0.98504
104.713   39010.6951872   0.4831   0.98428
107.152   40122.9946524   0.4765   0.98263
109.648   40449.197861   0.4597   0.9822
112.202   40171.1229947   0.4636   0.98188
114.815   41315.5080214   0.464   0.97983
116.967   43887.7005348   0.4323   0.97732
117.19   43860.9625668   0.4268   0.97763
117.41   43748.6631016   0.4213   0.97805
117.49   43518.7165775   0.4199   0.9784
117.63   43112.2994652   0.4177   0.97898
118.08   41754.0106952   0.4129   0.9806
119.22   38256.684492   0.4199   0.98337
120.226   37844.9197861   0.434   0.98325
123.027   38582.8877005   0.4496   0.98166
123.985   38705.8823529   0.4523   0.98127
125.893   39187.1657754   0.4553   0.98025
128.825   39657.7540107   0.4561   0.979
131.826   40497.3262032   0.4534   0.97728
134.896   40315.5080214   0.4532   0.97677
138.038   40882.3529412   0.4551   0.97515
141.254   41433.1550802   0.4537   0.97356
144.544   41962.5668449   0.4513   0.97195
147.911   42438.5026738   0.4487   0.97039
151.356   42930.4812834   0.4459   0.96874
154.882   43406.4171123   0.4428   0.96706
158.489   43871.657754   0.4397   0.96535
162.181   44331.5508021   0.4367   0.96359
165.959   44866.3101604   0.4341   0.9616
169.824   45342.2459893   0.4284   0.95991
173.78   45727.2727273   0.4262   0.95808
177.828   46144.3850267   0.4217   0.95633
181.97   46395.7219251   0.4216   0.95447
186.209   47144.3850267   0.4197   0.95166
190.546   47930.4812834   0.4153   0.94896
194.984   48636.3636364   0.4093   0.94661
199.526   49069.5187166   0.4015   0.94512
204.174   49021.3903743   0.3995   0.94388
208.93   49454.5454545   0.3992   0.9413
213.796   50176.4705882   0.3974   0.93821
218.776   51251.3368984   0.3967   0.93398
223.872   53379.6791444   0.3854   0.92914
227.9   54010.6951872   0.3689   0.92993
229.087   53454.5454545   0.3644   0.93159
234.423   50647.0588235   0.3666   0.9346
239.883   50780.7486631   0.3721   0.93167
245.471   51545.4545455   0.3741   0.92785
251.189   52352.9411765   0.3734   0.92424
257.04   53160.4278075   0.372   0.92067
263.027   54010.6951872   0.3695   0.91708
269.153   54866.3101604   0.3664   0.9137
275.423   55614.973262   0.3632   0.91049
281.838   56470.5882353   0.3608   0.90682
288.403   57379.6791444   0.3574   0.90321
295.121   58342.2459893   0.3538   0.89964
301.995   59304.8128342   0.3499   0.89612
309.03   60267.3796791   0.346   0.89266
316.228   61283.4224599   0.3419   0.88926
323.594   62299.4652406   0.3376   0.88597
331.131   63315.5080214   0.3333   0.88268
338.844   64385.026738   0.3271   0.88048
346.737   64224.5989305   0.3269   0.87888
354.813   62727.2727273   0.3374   0.87584
363.078   63529.4117647   0.3384   0.87015
371.535   64438.5026738   0.337   0.86509
380.189   65347.5935829   0.3356   0.86027
389.045   66256.684492   0.3343   0.85515
398.107   67326.2032086   0.3325   0.84979
407.38   68449.197861   0.3308   0.84431
416.869   69732.6203209   0.3296   0.83804
426.58   71390.3743316   0.3275   0.8309
436.516   73636.3636364   0.3211   0.82523
446.684   75775.4010695   0.3147   0.82016
457.088   77647.0588235   0.3095   0.81529
467.735   79893.0481283   0.303   0.81073
478.63   82245.9893048   0.2963   0.80635
488.1   84117.6470588   0.2912   0.80277
489.779   84438.5026738   0.2903   0.80215
501.187   86791.4438503   0.2843   0.79797
512.861   89251.3368984   0.2784   0.79367
524.807   91818.1818182   0.2728   0.7892
537.032   94598.9304813   0.2673   0.78446
549.541   97647.0588235   0.262   0.77934
562.341   100909.090909   0.2572   0.77377
575.44   104331.550802   0.2533   0.76775
588.844   114278.074866   0.2357   0.76138
602.56   123529.411765   0.2228   0.75475
616.595   132780.748663   0.212   0.748
630.957   141925.13369   0.203   0.74113
645.654   151016.042781   0.1953   0.73439
660.693   160053.475936   0.1888   0.72753
676.083   168663.101604   0.1831   0.72114
691.831   177754.010695   0.177   0.71558
707.946   184812.834225   0.1724   0.71153
724.436   186844.919786   0.172   0.7082
741.31   182727.272727   0.177   0.70512
758.578   174331.550802   0.186   0.70276
776.247   164545.454545   0.1965   0.7013
794.328   154919.786096   0.2064   0.70148
812.831   146684.491979   0.2156   0.70162
831.764   139839.572193   0.2235   0.70165
851.138   134385.026738   0.2299   0.70137
870.964   129946.524064   0.2351   0.70079
891.251   126577.540107   0.2403   0.69883
912.0   124545.454545   0.2482   0.69271
912.011   124545.454545   0.2482   0.69271
933.254   121871.657754   0.2554   0.68849
954.993   119144.385027   0.262   0.68503
977.237   116149.73262   0.2678   0.68267
1000.0   113101.604278   0.2728   0.68144
1023.29   109839.572193   0.2796   0.67944
1047.13   106149.73262   0.2871   0.67815
1071.52   102459.893048   0.2936   0.67803
1096.48   98877.0053476   0.2988   0.67908
1100.0   98395.7219251   0.2995   0.67918
1122.02   95668.4491979   0.304   0.6801
1148.15   92620.3208556   0.309   0.68164
1174.9   89786.0962567   0.3153   0.68177
1202.26   87112.2994652   0.322   0.68143
1215.0   85935.828877   0.3251   0.68117
1230.27   84598.9304813   0.329   0.68083
1258.93   82139.0374332   0.3359   0.68015
1288.25   79839.5721925   0.3426   0.67948
1318.26   77540.1069519   0.3493   0.67873
1348.96   75668.4491979   0.3539   0.67765
1380.38   73957.2192513   0.3579   0.67586
1412.54   72459.8930481   0.3617   0.67292
1445.44   71016.0427807   0.3668   0.66812
1479.11   69518.7165775   0.3732   0.66247
1513.56   68181.8181818   0.3807   0.65664
1548.82   66951.8716578   0.3893   0.65064
1584.89   65935.828877   0.3985   0.64478
1621.81   65187.1657754   0.4088   0.63882
1659.59   64705.8823529   0.4201   0.63276
1698.24   64598.9304813   0.4315   0.62668
1737.8   64705.8823529   0.4424   0.62079
1778.28   65133.6898396   0.4526   0.61498
1819.7   65935.828877   0.4606   0.60957
1862.09   67112.2994652   0.4653   0.60472
1905.46   68823.5294118   0.4656   0.60053
1949.84   71122.9946524   0.4618   0.59666
1995.26   74010.6951872   0.4535   0.59331
2041.74   77379.6791444   0.4421   0.5904
2089.3   80588.2352941   0.4305   0.58785
2125.0   82406.4171123   0.4247   0.58601
2137.96   82834.2245989   0.4236   0.58534
2150.0   83101.6042781   0.4232   0.58472
2175.0   83262.0320856   0.4244   0.58342
2187.76   83048.1283422   0.4259   0.58281
2200.0   82673.7967914   0.428   0.58226
2225.0   81550.802139   0.4337   0.58129
2238.72   80748.6631016   0.4376   0.58081
2290.87   76951.8716578   0.4559   0.57896
2344.23   72727.2727273   0.4777   0.57717
2398.83   68663.1016043   0.4993   0.57565
2454.71   64705.8823529   0.5178   0.57496
2511.89   62085.5614973   0.5325   0.57391
2570.4   59572.1925134   0.545   0.5733
2630.27   57593.5828877   0.5522   0.57288
2691.53   55828.8770053   0.5613   0.57269
2754.23   54278.0748663   0.5686   0.57262
2818.38   53021.3903743   0.573   0.57287
2884.03   51898.3957219   0.5765   0.57324
2951.21   50898.3957219   0.5796   0.57352
3019.95   49983.9572193   0.5823   0.57377
3090.3   48946.5240642   0.5868   0.57401
3162.28   47914.4385027   0.5917   0.57423
3235.94   46898.3957219   0.5965   0.5744
3311.31   45903.7433155   0.6013   0.5745
3388.44   44925.1336898   0.6061   0.5745
3467.37   43957.2192513   0.6109   0.57436
3500.0   43566.8449198   0.6128   0.57427
3548.13   43000.0   0.6155   0.57408
3550.0   42978.6096257   0.6156   0.57407
3630.78   42048.1283422   0.6201   0.57362
3635.0   42000.0   0.6203   0.57359
3715.35   41101.6042781   0.6246   0.57294
3801.89   40165.7754011   0.6289   0.57205
3890.45   39240.6417112   0.6331   0.57096
3981.07   38315.5080214   0.6371   0.56967
4073.8   37395.7219251   0.641   0.56817
4100.0   37139.0374332   0.642   0.56772
4168.69   36481.2834225   0.6447   0.56647
4265.8   35566.8449198   0.6482   0.56456
4365.16   34663.1016043   0.6516   0.56243
4405.0   34304.8128342   0.6529   0.56154
4466.84   33764.7058824   0.6548   0.56011
4570.88   32866.3101604   0.6578   0.55759
4677.35   31978.6096257   0.6607   0.55489
4685.0   31914.4385027   0.6609   0.55469
4700.0   31791.4438503   0.6612   0.5543
4786.3   31090.9090909   0.6633   0.552
4861.0   30502.6737968   0.665   0.54997
4897.79   30213.9037433   0.6658   0.54896
5011.87   29347.5935829   0.6679   0.54577
5128.61   28497.3262032   0.6697   0.54242
5248.07   27657.7540107   0.6713   0.53892
5370.32   26834.2245989   0.6726   0.53528
5470.0   26181.8181818   0.6735   0.53229
5495.41   26021.3903743   0.6737   0.53152
5550.0   25679.144385   0.6741   0.52987
5623.41   25224.5989305   0.6746   0.52764
5754.4   24449.197861   0.6752   0.52367
5888.44   23684.4919786   0.6756   0.51961
6025.6   22941.1764706   0.6758   0.5155
6165.0   22219.2513369   0.6756   0.51136
6165.95   22213.9037433   0.6756   0.51133
6309.57   21502.6737968   0.6753   0.50715
6415.0   21000.0   0.6748   0.50413
6456.54   20807.486631   0.6747   0.50295
6492.0   20641.7112299   0.6745   0.50196
6562.0   20326.2032086   0.6741   0.50001
6606.93   20128.342246   0.6738   0.49877
6760.83   19465.2406417   0.6728   0.4946
6918.31   18823.5294118   0.6715   0.49049
7079.46   18197.8609626   0.6699   0.48645
7244.36   17588.2352941   0.6681   0.48252
7413.1   16994.6524064   0.666   0.47872
7480.0   16770.0534759   0.6651   0.47727
7585.78   16417.1122995   0.6638   0.47505
7762.47   15860.9625668   0.6613   0.47154
7943.28   15315.5080214   0.6587   0.46819
8020.0   15096.2566845   0.6576   0.46685
8128.31   14786.0962567   0.6559   0.46501
8317.64   14272.7272727   0.653   0.46199
8511.38   13775.4010695   0.6499   0.45913
8655.0   13422.459893   0.6475   0.45713
8709.64   13288.7700535   0.6466   0.4564
8912.51   12823.5294118   0.6431   0.4538
8930.0   12780.7486631   0.6427   0.45358
9120.11   12363.6363636   0.6394   0.45131
9332.54   11919.7860963   0.6355   0.44891
9549.93   11491.9786096   0.6315   0.4466
9772.37   11074.8663102   0.6274   0.44435
10000.0   10668.4491979   0.6233   0.44218
10232.9   10278.0748663   0.619   0.44006
10471.3   9903.74331551   0.6147   0.438
10715.2   9545.45454545   0.6103   0.43601
10964.8   9197.86096257   0.6058   0.43408
11220.2   8866.31016043   0.6013   0.43221
11481.5   8545.45454545   0.5968   0.43041
11749.0   8235.29411765   0.5922   0.42868
12022.6   7941.17647059   0.5876   0.42702
12200.0   7759.35828877   0.5846   0.426
12302.7   7657.7540107   0.5829   0.42542
12589.3   7385.02673797   0.5781   0.42389
12818.0   7176.47058824   0.5744   0.42273
12882.5   7122.99465241   0.5733   0.42241
13182.6   6866.31016043   0.5686   0.42099
13489.6   6625.6684492   0.5637   0.41963
13803.8   6390.37433155   0.5587   0.41833
14125.4   6160.42780749   0.5536   0.41707
14454.4   5935.82887701   0.5484   0.41587
14791.1   5721.92513369   0.5432   0.41471
15135.6   5518.71657754   0.5378   0.41359
15488.2   5318.71657754   0.5324   0.41252
15848.9   5125.13368984   0.5268   0.41148
16218.1   4937.96791444   0.5213   0.41048
16300.0   4897.86096257   0.52   0.41027
16595.9   4756.14973262   0.5156   0.40952
16982.4   4580.21390374   0.5099   0.40861
17378.0   4410.16042781   0.504   0.40774
17782.8   4245.45454545   0.498   0.40692
18197.0   4085.56149733   0.4919   0.40615
18620.9   3931.01604278   0.4857   0.40543
18750.0   3886.09625668   0.4838   0.40523
19054.6   3781.81818182   0.4794   0.40476
19498.4   3637.43315508   0.4729   0.40414
19952.6   3497.32620321   0.4664   0.40358
20417.4   3362.03208556   0.4598   0.40306
20893.0   3231.01604278   0.4531   0.40258
21218.0   3145.98930481   0.4486   0.40229
21379.6   3104.27807487   0.4463   0.40216
21656.0   3035.29411765   0.4425   0.40194
21877.6   2981.81818182   0.4394   0.40177
21900.0   2976.47058824   0.4391   0.40176
22387.2   2862.56684492   0.4323   0.40143
22908.7   2748.12834225   0.4252   0.40113
23442.3   2637.43315508   0.4179   0.40086
23988.3   2530.48128342   0.4105   0.40063
24547.1   2426.73796791   0.403   0.40043
25118.9   2327.27272727   0.3954   0.40024
25704.0   2230.48128342   0.3878   0.40007
26252.0   2145.45454545   0.3807   0.39993
26302.7   2137.43315508   0.38   0.39992
26915.3   2048.12834225   0.3722   0.39978
27542.3   1961.4973262   0.3642   0.39966
28183.8   1878.60962567   0.3561   0.39955
28840.3   1798.39572193   0.3479   0.39945
29512.1   1721.39037433   0.3397   0.39935
30199.5   1647.05882353   0.3313   0.39927
30903.0   1575.93582888   0.3228   0.39919
31622.8   1508.55614973   0.3143   0.39911
32359.4   1444.38502674   0.3054   0.39904
33113.1   1393.5828877   0.2943   0.39898
33884.4   1320.85561497   0.2883   0.39893
34500.0   1274.86631016   0.2816   0.39889
34673.7   1262.56684492   0.2797   0.39888
35481.3   1206.95187166   0.2711   0.39884
36307.8   1154.01069519   0.2624   0.39881
37153.5   1103.20855615   0.2537   0.39878
38000.0   1056.14973262   0.2452   0.39877
38018.9   1055.0802139   0.245   0.39877
38904.5   1008.55614973   0.2363   0.39876
39810.7   964.705882353   0.2277   0.39875
40512.0   932.620320856   0.2212   0.39875
40738.0   922.459893048   0.2191   0.39875
41686.9   882.352941176   0.2106   0.39875
42658.0   843.85026738   0.2022   0.39876
43651.6   806.951871658   0.1939   0.39877
44668.4   772.192513369   0.1857   0.39879
45708.8   739.572192513   0.1775   0.39881
46773.5   708.556149733   0.1695   0.39884
47500.0   688.770053476   0.1641   0.39886
47863.0   679.144385027   0.1615   0.39886
48977.9   651.336898396   0.1537   0.39889
50118.7   625.668449198   0.146   0.39892
51286.1   601.069518717   0.1385   0.39895
52480.7   578.609625668   0.1311   0.39899
53703.2   557.219251337   0.1238   0.39902
54954.1   538.502673797   0.1166   0.39905
56234.1   521.229946524   0.1095   0.39909
57544.0   506.79144385   0.1023   0.39912
58884.4   496.844919786   0.0948   0.39916
60256.0   497.967914439   0.0858   0.39919
61659.5   519.251336898   0.0747   0.39923
62500.0   508.71657754   0.072   0.39925
63095.7   488.07486631   0.0721   0.39925
64565.4   451.176470588   0.0707   0.3993
66069.3   431.550802139   0.0669   0.39933
67608.3   418.449197861   0.0625   0.39936
69183.1   409.518716578   0.0578   0.39939
70794.6   406.524064171   0.0527   0.39943
72443.6   414.812834225   0.0467   0.39945
74131.0   445.882352941   0.0392   0.39948
75857.8   511.92513369   0.0309   0.39951
76200.0   528.288770053   0.0293   0.39951
77624.7   596.256684492   0.0239   0.39954
79432.8   698.930481283   0.0185   0.39956
81283.1   860.962566845   0.0137   0.39959
83176.4   1072.19251337   0.01   0.39961
85113.8   1257.7540107   0.0079   0.39964
87096.4   1433.68983957   0.0063   0.39967
89125.1   1668.44919786   0.0051   0.39969
91201.1   1947.59358289   0.0041   0.39972
93325.4   2143.85026738   0.0035   0.39975
94000.0   2170.58823529   0.0034   0.39976
95000.0   2178.07486631   0.0033   0.39977
95499.3   2169.51871658   0.0032   0.39977
96000.0   2154.54545455   0.0032   0.39978
97000.0   2109.09090909   0.0032   0.39978
97723.7   2071.65775401   0.0031   0.39979
98000.0   2057.7540107   0.0031   0.39979
99000.0   2008.55614973   0.0031   0.3998
100000.0   1963.63636364   0.003   0.39981
102329.0   1868.98395722   0.0029   0.39982
103600.0   1803.20855615   0.0029   0.39983
104713.0   1727.80748663   0.0029   0.39983
107152.0   1541.71122995   0.003   0.39984
109648.0   1391.97860963   0.003   0.39985
112202.0   1273.79679144   0.003   0.39986
113000.0   1238.5026738   0.0029   0.39986
114815.0   1153.47593583   0.0029   0.39987
117490.0   1037.96791444   0.003   0.39988
120226.0   930.481283422   0.003   0.39989
123027.0   834.759358289   0.003   0.39989
125893.0   754.010695187   0.003   0.3999
128825.0   675.401069519   0.003   0.3999
131826.0   609.625668449   0.003   0.39991
134896.0   552.406417112   0.003   0.39991
138038.0   508.235294118   0.0029   0.39991
141254.0   489.304812834   0.0027   0.39992
144544.0   495.294117647   0.0024   0.39992
147911.0   517.700534759   0.0021   0.39993
151356.0   544.385026738   0.0018   0.39993
154882.0   575.935828877   0.0016   0.39993
158489.0   611.229946524   0.0013   0.39994
162181.0   650.802139037   0.0011   0.39994
165959.0   687.700534759   0.001   0.39994
169824.0   719.251336898   0.0009   0.39995
173780.0   747.058823529   0.0008   0.39995
177828.0   768.449197861   0.0007   0.39995
181970.0   785.561497326   0.0006   0.39996
186209.0   774.86631016   0.0006   0.39996
190546.0   758.288770053   0.0006   0.39996
194984.0   732.620320856   0.0005   0.39996
199526.0   700.0   0.0005   0.39996
204174.0   666.844919786   0.0005   0.39997
208930.0   643.85026738   0.0005   0.39997
213796.0   618.71657754   0.0004   0.39997
218776.0   589.839572193   0.0004   0.39997
223872.0   564.705882353   0.0004   0.39997
229087.0   542.780748663   0.0004   0.39997
234423.0   524.598930481   0.0004   0.39997
239883.0   505.935828877   0.0003   0.39998
245471.0   490.588235294   0.0003   0.39998
251189.0   476.096256684   0.0003   0.39998
257040.0   462.887700535   0.0003   0.39998
263027.0   451.016042781   0.0003   0.39998
269153.0   440.374331551   0.0003   0.39998
275423.0   430.695187166   0.0003   0.39998
281838.0   421.764705882   0.0002   0.39998
288403.0   413.20855615   0.0002   0.39998
295121.0   404.705882353   0.0002   0.39999
301995.0   395.882352941   0.0002   0.39999
309030.0   386.256684492   0.0002   0.39999
316228.0   375.828877005   0.0002   0.39999
323594.0   364.49197861   0.0002   0.39999
331131.0   352.085561497   0.0002   0.39999
338844.0   338.930481283   0.0002   0.39999
346737.0   325.13368984   0.0002   0.39999
354813.0   310.802139037   0.0002   0.39999
363078.0   296.14973262   0.0002   0.39999
371535.0   281.443850267   0.0002   0.39999
380189.0   266.79144385   0.0001   0.39999
389045.0   252.352941176   0.0001   0.39999
398107.0   238.342245989   0.0001   0.39999
407380.0   224.919786096   0.0001   0.39999
416869.0   212.139037433   0.0001   0.4
426580.0   200.053475936   0.0001   0.4
436516.0   188.663101604   0.0001   0.4
446684.0   177.967914439   0.0001   0.4
457088.0   167.967914439   0.0001   0.4
467735.0   158.556149733   0.0001   0.4
478630.0   149.786096257   0.0001   0.4
489779.0   141.497326203   0.0001   0.4
501187.0   133.796791444   0.0001   0.4
512861.0   126.470588235   0.0001   0.4
524807.0   119.679144385   0.0001   0.4
537032.0   113.20855615   0.0001   0.4
549541.0   107.112299465   0.0001   0.4
562341.0   101.390374332   0.0001   0.4
575440.0   95.9893048128   0.0001   0.4
588844.0   90.9090909091   0.0001   0.4
602560.0   86.0962566845   0.0001   0.4
616595.0   81.550802139   0.0001   0.4
630957.0   77.2727272727   0.0001   0.4
645654.0   73.2085561497   0.0001   0.4
660693.0   69.4117647059   0.0001   0.4
676083.0   65.7754010695   0.0001   0.4
691831.0   62.3529411765   0.0001   0.4
707946.0   59.0909090909   0.0001   0.4
724436.0   56.0427807487   0.0001   0.4
741310.0   53.1711229947   0.0   0.4
758578.0   50.4331550802   0.0   0.4
776247.0   47.8342245989   0.0   0.4
794328.0   45.3903743316   0.0   0.4
812831.0   43.0695187166   0.0   0.4
831764.0   40.871657754   0.0   0.4
851138.0   38.8021390374   0.0   0.4
870964.0   36.8395721925   0.0   0.4
891251.0   34.9839572193   0.0   0.4
912011.0   33.2459893048   0.0   0.4
933254.0   31.5935828877   0.0   0.4
954993.0   30.0267379679   0.0   0.4
977237.0   28.5454545455   0.0   0.4
1000000.0   27.1443850267   0.0   0.4
1023290.0   25.8181818182   0.0   0.4
1047130.0   24.5668449198   0.0   0.4
1071520.0   23.385026738   0.0   0.4
1096480.0   22.2727272727   0.0   0.4
1122020.0   21.2245989305   0.0   0.4
1148150.0   20.2352941176   0.0   0.4
1174900.0   19.3101604278   0.0   0.4
1202260.0   18.449197861   0.0   0.4
1230270.0   17.6470588235   0.0   0.4
1258930.0   16.9090909091   0.0   0.4
1288250.0   16.2299465241   0.0   0.4
1318260.0   15.5989304813   0.0   0.4
1348960.0   14.9839572193   0.0   0.4
1380380.0   14.3262032086   0.0   0.4
1412540.0   13.6042780749   0.0   0.4
1445440.0   12.8770053476   0.0   0.4
1479110.0   12.1818181818   0.0   0.4
1513560.0   11.5454545455   0.0   0.4
1548820.0   10.9518716578   0.0   0.4
1584890.0   10.4064171123   0.0   0.4
1621810.0   9.89304812834   0.0   0.4
1659590.0   9.41176470588   0.0   0.4
1698240.0   8.96256684492   0.0   0.4
1737800.0   8.53475935829   0.0   0.4
1778280.0   8.13368983957   0.0   0.4
1819700.0   7.7486631016   0.0   0.4
1862090.0   7.38502673797   0.0   0.4
1905460.0   7.04278074866   0.0   0.4
1949840.0   6.71657754011   0.0   0.4
1995260.0   6.40106951872   0.0   0.4
2041740.0   6.10695187166   0.0   0.4
2089300.0   5.82352941176   0.0   0.4
2137960.0   5.55614973262   0.0   0.4
2187760.0   5.29893048128   0.0   0.4
2238720.0   5.0550802139   0.0   0.4
2290870.0   4.82352941176   0.0   0.4
2344230.0   4.60320855615   0.0   0.4
2398830.0   4.3935828877   0.0   0.4
2454710.0   4.18663101604   0.0   0.4
2511890.0   3.98181818182   0.0   0.4
2570400.0   3.77700534759   0.0   0.4
2630270.0   3.58235294118   0.0   0.4
2691530.0   3.39786096257   0.0   0.4
2754230.0   3.22459893048   0.0   0.4
2818380.0   3.06203208556   0.0   0.4
2884030.0   2.90855614973   0.0   0.4
2951210.0   2.76363636364   0.0   0.4
3019950.0   2.62727272727   0.0   0.4
3090300.0   2.49786096257   0.0   0.4
3162280.0   2.37647058824   0.0   0.4
3235940.0   2.26096256684   0.0   0.4
3311310.0   2.15240641711   0.0   0.4
3388440.0   2.04973262032   0.0   0.4
3467370.0   1.95294117647   0.0   0.4
3548130.0   1.86096256684   0.0   0.4
3630780.0   1.7743315508   0.0   0.4
3715350.0   1.69197860963   0.0   0.4
3801890.0   1.61390374332   0.0   0.4
3890450.0   1.54064171123   0.0   0.4
3981070.0   1.47058823529   0.0   0.4
4073800.0   1.40481283422   0.0   0.4
4168690.0   1.3422459893   0.0   0.4
4265800.0   1.28288770053   0.0   0.4
4365160.0   1.22673796791   0.0   0.4
4466840.0   1.17326203209   0.0   0.4
4570880.0   1.12245989305   0.0   0.4
4677350.0   1.0743315508   0.0   0.4
4786300.0   1.02887700535   0.0   0.4
4897790.0   0.985026737968   0.0   0.4
5011870.0   0.94385026738   0.0   0.4
5128610.0   0.904812834225   0.0   0.4
5248070.0   0.867379679144   0.0   0.4
5370320.0   0.831550802139   0.0   0.4
5495410.0   0.797860962567   0.0   0.4
5623410.0   0.76577540107   0.0   0.4
5754400.0   0.734759358289   0.0   0.4
5888440.0   0.705882352941   0.0   0.4
6025600.0   0.67807486631   0.0   0.4
6165950.0   0.651336898396   0.0   0.4
6309570.0   0.626203208556   0.0   0.4
6456540.0   0.601604278075   0.0   0.4
6606930.0   0.578609625668   0.0   0.4
6760830.0   0.556684491979   0.0   0.4
6918310.0   0.535828877005   0.0   0.4
7079460.0   0.515561497326   0.0   0.4
7244360.0   0.496363636364   0.0   0.4
7413100.0   0.477967914439   0.0   0.4
7585780.0   0.460320855615   0.0   0.4
7762470.0   0.443422459893   0.0   0.4
7943280.0   0.427112299465   0.0   0.4
8128310.0   0.411390374332   0.0   0.4
8317640.0   0.396310160428   0.0   0.4
8511380.0   0.381711229947   0.0   0.4
8709640.0   0.367700534759   0.0   0.4
8912510.0   0.354171122995   0.0   0.4
9120110.0   0.341122994652   0.0   0.4
9332540.0   0.328502673797   0.0   0.4
9549930.0   0.316417112299   0.0   0.4
9772370.0   0.304759358289   0.0   0.4
10000000.0   0.293529411765   0.0   0.4
10232900.0   0.282673796791   0.0   0.4
10471300.0   0.272299465241   0.0   0.4
10715200.0   0.262299465241   0.0   0.4
10964800.0   0.252620320856   0.0   0.4
11220200.0   0.243368983957   0.0   0.4
11481500.0   0.234438502674   0.0   0.4
11749000.0   0.225828877005   0.0   0.4
12022600.0   0.217540106952   0.0   0.4
12302700.0   0.209518716578   0.0   0.4
12589300.0   0.201818181818   0.0   0.4
12882500.0   0.194385026738   0.0   0.4
13182600.0   0.187219251337   0.0   0.4
13489600.0   0.180374331551   0.0   0.4
13803800.0   0.173743315508   0.0   0.4
14125400.0   0.167326203209   0.0   0.4
14454400.0   0.161176470588   0.0   0.4
14791100.0   0.155187165775   0.0   0.4
15135600.0   0.149465240642   0.0   0.4
15488200.0   0.143957219251   0.0   0.4
15848900.0   0.138663101604   0.0   0.4
16218100.0   0.133582887701   0.0   0.4
16595900.0   0.128609625668   0.0   0.4
16982400.0   0.123903743316   0.0   0.4
17378000.0   0.119304812834   0.0   0.4
17782800.0   0.114919786096   0.0   0.4
18197000.0   0.11064171123   0.0   0.4
18620900.0   0.106577540107   0.0   0.4
19054600.0   0.102620320856   0.0   0.4
19498400.0   0.0988235294118   0.0   0.4
19952600.0   0.0951871657754   0.0   0.4
20417400.0   0.0916577540107   0.0   0.4
20893000.0   0.0882887700535   0.0   0.4
21379600.0   0.0850267379679   0.0   0.4
21877600.0   0.081871657754   0.0   0.4
22387200.0   0.0788235294118   0.0   0.4
22908700.0   0.0758823529412   0.0   0.4
23442300.0   0.0731016042781   0.0   0.4
23988300.0   0.0703743315508   0.0   0.4
24547100.0   0.0677540106952   0.0   0.4
25118900.0   0.0652406417112   0.0   0.4
25704000.0   0.0628342245989   0.0   0.4
26302700.0   0.0604812834225   0.0   0.4
26915300.0   0.0582352941176   0.0   0.4
27542300.0   0.0560427807487   0.0   0.4
28183800.0   0.0539572192513   0.0   0.4
28840300.0   0.051935828877   0.0   0.4
29512100.0   0.0499946524064   0.0   0.4
30199500.0   0.048128342246   0.0   0.4
30903000.0   0.0463262032086   0.0   0.4
31622800.0   0.0445935828877   0.0   0.4
32359400.0   0.0429251336898   0.0   0.4
33113100.0   0.041320855615   0.0   0.4
33884400.0   0.0397700534759   0.0   0.4
34673700.0   0.0382834224599   0.0   0.4
35481300.0   0.0368449197861   0.0   0.4
36307800.0   0.0354652406417   0.0   0.4
37153500.0   0.0341390374332   0.0   0.4
38018900.0   0.0328556149733   0.0   0.4
38904500.0   0.0316256684492   0.0   0.4
39810700.0   0.0304438502674   0.0   0.4
40738000.0   0.0292994652406   0.0   0.4
41686900.0   0.0281978609626   0.0   0.4
42658000.0   0.0271390374332   0.0   0.4
43651600.0   0.0261176470588   0.0   0.4
44668400.0   0.0251336898396   0.0   0.4
45708800.0   0.024192513369   0.0   0.4
46773500.0   0.0232834224599   0.0   0.4
47863000.0   0.0224064171123   0.0   0.4
48977900.0   0.0215668449198   0.0   0.4
50118700.0   0.0207540106952   0.0   0.4
51286100.0   0.0199732620321   0.0   0.4
52480700.0   0.0192245989305   0.0   0.4
53703200.0   0.0185026737968   0.0   0.4
54954100.0   0.0178021390374   0.0   0.4
56234100.0   0.0171336898396   0.0   0.4
57544000.0   0.0164919786096   0.0   0.4
58884400.0   0.015871657754   0.0   0.4
60256000.0   0.0152727272727   0.0   0.4
61659500.0   0.0147005347594   0.0   0.4
63095700.0   0.0141497326203   0.0   0.4
64565400.0   0.013614973262   0.0   0.4
66069300.0   0.0131016042781   0.0   0.4
67608300.0   0.0126096256684   0.0   0.4
69183100.0   0.0121336898396   0.0   0.4
70794600.0   0.011679144385   0.0   0.4
72443600.0   0.0112406417112   0.0   0.4
74131000.0   0.0108181818182   0.0   0.4
75857800.0   0.0104117647059   0.0   0.4
77624700.0   0.0100213903743   0.0   0.4
79432800.0   0.00964171122995   0.0   0.4
81283100.0   0.00927807486631   0.0   0.4
83176400.0   0.00893048128342   0.0   0.4
85113800.0   0.0085935828877   0.0   0.4
87096400.0   0.00827272727273   0.0   0.4
89125100.0   0.00795721925134   0.0   0.4
91201100.0   0.0076577540107   0.0   0.6116
93325400.0   0.00736363636364   0.0   0.66939
95499300.0   0.00708556149733   0.0   0.66939
97723700.0   0.0068128342246   0.0   0.66939
100000000.0   0.00655080213904   0.0   0.66939
