Modeles avec overshooting et nouvelles opacites, Z=0.040, 1 X Mdot, Schaerer et 

  21   51

  120.00 WR

 1 4.0003043E+04 119.3036 6.275 4.683 0.620000 0.340000 0.009730 0.002474 0.021073  4.683 -4.803
 2 3.0002281E+05 114.7688 6.271 4.666 0.620000 0.340000 0.009730 0.002474 0.021073  4.666 -4.702
 3 5.9004488E+05 109.2054 6.269 4.652 0.620000 0.340000 0.009730 0.002474 0.021073  4.652 -4.627
 4 8.7006619E+05 102.0705 6.263 4.641 0.580685 0.378458 0.000305 0.018275 0.015707  4.641 -4.584
 5 1.1323861E+06  95.1579 6.259 4.636 0.524445 0.435281 0.000369 0.022168 0.011153  4.636 -4.578
 6 1.4564108E+06  86.2706 6.256 4.628 0.445882 0.514314 0.000423 0.025309 0.007473  4.628 -4.545
 7 1.7464128E+06  77.6021 6.252 4.374 0.359087 0.601419 0.000464 0.027360 0.005061  4.621 -4.398
 8 1.9505483E+06  69.4365 6.241 4.390 0.269440 0.691267 0.000498 0.028668 0.003509  4.639 -4.398
 9 2.1473933E+06  61.5626 6.228 4.399 0.179965 0.780873 0.000530 0.029500 0.002505  4.647 -4.398
10 2.2655003E+06  56.8382 6.218 4.401 0.129124 0.831770 0.000550 0.029832 0.002091  4.645 -4.398
11 2.3528995E+06  53.3422 6.210 4.407 0.091494 0.869436 0.000568 0.030027 0.001838  4.652 -4.398
12 2.4307183E+06  50.2294 6.210 4.446 0.058467 0.902491 0.000591 0.030163 0.001643  4.711 -4.398
13 2.4335115E+06  50.1176 6.230 4.494 0.057348 0.903611 0.000592 0.030167 0.001637  4.786 -4.398
14 2.4350795E+06  50.0549 6.265 4.564 0.056736 0.904224 0.000592 0.030170 0.001633  4.896 -4.398
15 2.4354063E+06  50.0418 6.269 4.551 0.056611 0.904349 0.000592 0.030170 0.001633  4.872 -4.398
16 2.4360138E+06  50.0175 6.292 4.467 0.056378 0.904581 0.000592 0.030171 0.001631  4.727 -4.398
17 2.4360975E+06  50.0142 6.295 4.444 0.056347 0.904613 0.000593 0.030171 0.001631  4.689 -4.398
18 2.4361810E+06  50.0108 6.298 4.381 0.056315 0.904645 0.000593 0.030171 0.001631  4.588 -4.398
19 2.4362145E+06  50.0095 6.300 4.371 0.056303 0.904657 0.000593 0.030171 0.001631  4.572 -4.398
20 2.4365143E+06  49.9975 6.309 4.333 0.056191 0.904769 0.000593 0.030172 0.001630  4.481 -4.398
21 2.4371770E+06  49.9710 6.322 4.316 0.055929 0.905032 0.000593 0.030173 0.001629  4.450 -4.398
22 2.4414350E+06  49.8007 6.341 4.315 0.054204 0.906758 0.000594 0.030179 0.001619  4.404 -4.398
23 2.4586630E+06  49.1115 6.298 4.564 0.047158 0.913788 0.000483 0.030373 0.001582  4.886 -4.398
24 2.4700755E+06  48.6550 6.272 4.590 0.038344 0.922605 0.000477 0.030423 0.001539  4.934 -4.398
25 2.4816318E+06  48.1928 6.268 4.609 0.017495 0.943471 0.000496 0.030483 0.001437  4.958 -4.398
26 2.5000305E+06  46.2133 6.248 4.177 0.000000 0.961034 0.000776 0.030171 0.001319  4.914 -3.030
27 2.5086943E+06  37.1078 6.114 4.247 0.000000 0.715904 0.206221 0.000000 0.024079  5.137 -3.069
28 2.5265890E+06  27.0145 5.919 4.345 0.000000 0.679711 0.234166 0.000000 0.032302  5.144 -3.417
29 2.5447385E+06  21.7318 5.782 4.404 0.000000 0.643570 0.261352 0.000000 0.041233  5.140 -3.650
30 2.5628140E+06  18.4653 5.677 4.447 0.000000 0.608534 0.286711 0.000000 0.050889  5.136 -3.828
31 2.5822283E+06  16.0634 5.585 4.482 0.000000 0.573259 0.311091 0.000000 0.061762  5.132 -3.981
32 2.6032495E+06  14.1927 5.503 4.511 0.000000 0.537008 0.334766 0.000000 0.074316  5.128 -4.115
33 2.6251208E+06  12.7366 5.430 4.537 0.000000 0.501958 0.356160 0.000000 0.087950  5.125 -4.233
34 2.6493573E+06  11.4964 5.361 4.559 0.000000 0.465701 0.376532 0.000000 0.103810  5.120 -4.344
35 2.6748415E+06  10.4756 5.298 4.579 0.000000 0.428924 0.395109 0.000000 0.121982  5.117 -4.446
36 2.7023153E+06   9.5974 5.239 4.597 0.000000 0.394318 0.410392 0.000000 0.141277  5.114 -4.541
37 2.7319650E+06   8.8319 5.183 4.615 0.000000 0.359851 0.423169 0.000000 0.162935  5.112 -4.631
38 2.7666435E+06   8.1069 5.126 4.632 0.000000 0.321172 0.434121 0.000000 0.190620  5.110 -4.724
39 2.8043853E+06   7.4673 5.073 4.651 0.000000 0.285778 0.440427 0.000000 0.219664  5.112 -4.814
40 2.8495320E+06   6.8476 5.020 4.673 0.000000 0.244984 0.442304 0.000000 0.258518  5.117 -4.908
41 2.8717058E+06   6.5873 4.999 4.684 0.000000 0.225318 0.440771 0.000000 0.279679  5.123 -4.949
42 2.8936198E+06   6.3535 4.985 4.701 0.000000 0.208321 0.437944 0.000000 0.299467  5.136 -4.991
43 2.9066280E+06   6.2244 5.020 4.736 0.000000 0.198700 0.435673 0.000000 0.311336  5.181 -5.015
44 2.9124645E+06   6.1686 5.100 4.790 0.000000 0.193166 0.434101 0.000000 0.318429  5.256 -5.024
45 2.9180200E+06   6.1166 5.194 4.800 0.000000 0.188405 0.432641 0.000000 0.324637  5.242 -5.033
46 2.9193208E+06   6.1046 5.229 4.800 0.000000 0.187409 0.432317 0.000000 0.325955  5.232 -5.036
47 2.9196645E+06   6.1015 5.241 4.801 0.000000 0.187161 0.432236 0.000000 0.326283  5.229 -5.036
48 2.9197073E+06   6.1011 5.243 4.801 0.000000 0.187131 0.432226 0.000000 0.326323  5.229 -5.036
49 2.9197338E+06   6.1008 5.244 4.801 0.000000 0.187112 0.432220 0.000000 0.326348  5.228 -5.037
50 2.9197765E+06   6.1004 5.245 4.801 0.000000 0.187082 0.432210 0.000000 0.326388  5.228 -5.037
51 2.9198643E+06   6.0996 5.253 4.803 0.000000 0.187020 0.432190 0.000000 0.326470  5.230 -5.037

   85.00 WR

 1 1.8126379E+04  84.9963 6.032 4.685 0.620000 0.340000 0.009730 0.002474 0.021073  4.685 -5.530
 2 3.5583828E+05  83.7887 6.046 4.671 0.620000 0.340000 0.009730 0.002474 0.021073  4.671 -5.371
 3 6.9647325E+05  82.0227 6.060 4.654 0.620000 0.340000 0.009730 0.002474 0.021073  4.654 -5.209
 4 9.9165106E+05  79.8324 6.071 4.634 0.620000 0.340000 0.009730 0.002474 0.021073  4.634 -5.059
 5 1.2770798E+06  76.8271 6.079 4.607 0.620000 0.340000 0.009730 0.002474 0.021073  4.607 -4.906
 6 1.6235901E+06  71.3444 6.086 4.553 0.607413 0.351282 0.000249 0.015296 0.019204  4.553 -4.733
 7 1.9318530E+06  65.2199 6.093 4.528 0.524221 0.435478 0.000355 0.022028 0.011336  4.528 -4.674
 8 2.1476370E+06  60.4554 6.099 4.502 0.448734 0.511420 0.000406 0.025063 0.007782  4.502 -4.642
 9 2.3409950E+06  54.8043 6.101 4.293 0.351592 0.608909 0.000452 0.027357 0.005084  4.500 -4.398
10 2.4658415E+06  49.8104 6.095 4.309 0.262438 0.698259 0.000486 0.028637 0.003565  4.539 -4.398
11 2.5594763E+06  46.0649 6.091 4.337 0.193630 0.767173 0.000511 0.029305 0.002760  4.576 -4.398
12 2.5719610E+06  45.5655 6.090 4.342 0.184050 0.776766 0.000515 0.029381 0.002666  4.583 -4.398
13 2.6513633E+06  42.3894 6.127 4.470 0.121375 0.839512 0.000541 0.029803 0.002139  4.778 -4.398
14 2.6533608E+06  42.3095 6.176 4.357 0.119853 0.841035 0.000542 0.029812 0.002128  4.582 -4.398
15 2.6558578E+06  42.2096 6.225 4.093 0.118064 0.842826 0.000543 0.029822 0.002115  4.093 -4.398
16 2.6583548E+06  42.1097 6.240 4.065 0.116546 0.844345 0.000544 0.029831 0.002104  4.065 -4.398
17 2.6633485E+06  41.9099 6.254 3.976 0.114401 0.846493 0.000545 0.029843 0.002088  3.976 -4.398
18 2.6661100E+06  41.7995 6.256 3.986 0.113861 0.847033 0.000545 0.029846 0.002084  3.986 -4.398
19 2.6685570E+06  41.7016 6.255 4.009 0.113468 0.847427 0.000545 0.029848 0.002082  4.009 -4.398
20 2.6710040E+06  41.6037 6.255 4.043 0.110753 0.850144 0.000546 0.029863 0.002062  4.043 -4.398
21 2.6717578E+06  41.5736 6.254 4.050 0.110753 0.850144 0.000546 0.029863 0.002062  4.050 -4.398
22 2.6723573E+06  41.5496 6.254 4.053 0.110753 0.850144 0.000546 0.029863 0.002062  4.053 -4.398
23 2.6777925E+06  41.3322 6.249 4.097 0.104620 0.856283 0.000548 0.029897 0.002020  4.097 -4.398
24 2.6904325E+06  40.8266 6.216 4.311 0.095362 0.865544 0.000520 0.029986 0.001957  4.458 -4.398
25 2.7033343E+06  40.3105 6.174 4.586 0.057924 0.902997 0.000451 0.030296 0.001730  4.958 -4.398
26 2.7163018E+06  39.7918 6.157 4.610 0.038704 0.922234 0.000475 0.030348 0.001629  4.999 -4.398
27 2.7321690E+06  38.8887 6.147 4.262 0.000005 0.961007 0.000696 0.030236 0.001377  5.002 -3.239
28 2.7456775E+06  30.7336 6.002 4.308 0.000000 0.672599 0.240877 0.000000 0.032594  5.148 -3.272
29 2.7631888E+06  23.9734 5.847 4.380 0.000000 0.637323 0.266699 0.000000 0.042022  5.144 -3.544
30 2.7817005E+06  19.8422 5.726 4.431 0.000000 0.601909 0.291736 0.000000 0.052376  5.139 -3.751
31 2.8007128E+06  17.0693 5.628 4.470 0.000000 0.565715 0.316157 0.000000 0.064125  5.135 -3.916
32 2.8215410E+06  14.9366 5.540 4.502 0.000000 0.529049 0.339480 0.000000 0.077442  5.132 -4.059
33 2.8426795E+06  13.3454 5.465 4.528 0.000000 0.493648 0.360452 0.000000 0.091848  5.128 -4.182
34 2.8663545E+06  11.9921 5.393 4.552 0.000000 0.456071 0.380789 0.000000 0.109059  5.124 -4.299
35 2.8917038E+06  10.8710 5.327 4.573 0.000000 0.420401 0.398006 0.000000 0.127482  5.120 -4.405
36 2.9183045E+06   9.9406 5.266 4.592 0.000000 0.386109 0.412348 0.000000 0.147401  5.117 -4.503
37 2.9476878E+06   9.1162 5.208 4.610 0.000000 0.352191 0.424092 0.000000 0.169543  5.115 -4.597
38 2.9813600E+06   8.3557 5.151 4.629 0.000000 0.314755 0.433750 0.000000 0.197277  5.114 -4.691
39 3.0186720E+06   7.6758 5.096 4.648 0.000000 0.276087 0.439374 0.000000 0.230268  5.115 -4.784
40 3.0636098E+06   7.0178 5.041 4.671 0.000000 0.235220 0.439469 0.000000 0.270970  5.120 -4.881
41 3.0842810E+06   6.7594 5.020 4.682 0.000000 0.218737 0.437471 0.000000 0.289416  5.126 -4.921
42 3.1053325E+06   6.5197 5.005 4.698 0.000000 0.202717 0.434219 0.000000 0.308650  5.137 -4.963
43 3.1198510E+06   6.3666 5.040 4.735 0.000000 0.192025 0.431266 0.000000 0.322268  5.184 -4.990
44 3.1223780E+06   6.3409 5.086 4.762 0.000000 0.189872 0.430568 0.000000 0.325112  5.221 -4.994
45 3.1271265E+06   6.2933 5.131 4.792 0.000000 0.185913 0.429268 0.000000 0.330360  5.263 -5.002
46 3.1319098E+06   6.2462 5.236 4.798 0.000000 0.181973 0.427847 0.000000 0.335710  5.238 -5.011
47 3.1324765E+06   6.2407 5.256 4.798 0.000000 0.181521 0.427684 0.000000 0.336323  5.233 -5.012
48 3.1325315E+06   6.2401 5.256 4.797 0.000000 0.181478 0.427669 0.000000 0.336382  5.230 -5.012
49 3.1325590E+06   6.2399 5.258 4.797 0.000000 0.181456 0.427661 0.000000 0.336411  5.230 -5.012
50 3.1325735E+06   6.2397 5.260 4.799 0.000000 0.181445 0.427657 0.000000 0.336427  5.232 -5.012
51 3.1325930E+06   6.2395 5.267 4.803 0.000000 0.181430 0.427651 0.000000 0.336448  5.239 -5.012

   60.00 WR

 1 2.7502092E+04  59.9452 5.762 4.666 0.620000 0.340000 0.009730 0.002474 0.021073  4.666 -6.039
 2 4.2952459E+05  59.5003 5.784 4.653 0.620000 0.340000 0.009730 0.002474 0.021073  4.653 -5.884
 3 8.3750894E+05  58.8576 5.807 4.640 0.620000 0.340000 0.009730 0.002474 0.021073  4.640 -5.731
 4 1.1894573E+06  58.0832 5.827 4.625 0.620000 0.340000 0.009730 0.002474 0.021073  4.625 -5.590
 5 1.5222304E+06  57.0550 5.845 4.605 0.620000 0.340000 0.009730 0.002474 0.021073  4.605 -5.435
 6 1.9154418E+06  55.1707 5.866 4.563 0.620000 0.340000 0.009730 0.002474 0.021073  4.563 -5.218
 7 2.2595015E+06  52.5375 5.883 4.495 0.620000 0.340000 0.009729 0.002474 0.021073  4.495 -5.034
 8 2.4930690E+06  50.1113 5.896 4.405 0.619999 0.340001 0.009728 0.002474 0.021073  4.405 -4.947
 9 2.7080573E+06  47.4603 5.910 4.218 0.618935 0.340111 0.003332 0.009031 0.021061  4.218 -4.832
10 2.8445150E+06  44.5008 5.919 4.097 0.569396 0.389843 0.000292 0.019023 0.014957  4.097 -4.584
11 2.8715538E+06  43.8006 5.921 4.095 0.549806 0.409639 0.000313 0.020404 0.013344  4.095 -4.590
12 3.0141590E+06  40.0728 5.937 4.128 0.441236 0.518916 0.000388 0.025135 0.007813  4.128 -4.627
13 3.0261513E+06  39.8071 5.962 4.161 0.432740 0.527449 0.000392 0.025382 0.007524  4.161 -4.668
14 3.0270195E+06  39.7878 5.978 4.146 0.432123 0.528069 0.000392 0.025400 0.007503  4.146 -4.622
15 3.0274590E+06  39.7753 5.981 4.100 0.431722 0.528472 0.000393 0.025411 0.007490  4.100 -4.488
16 3.0278265E+06  39.7609 5.982 4.050 0.431269 0.528927 0.000393 0.025424 0.007475  4.050 -4.322
17 3.0281293E+06  39.7428 5.981 4.001 0.430728 0.529470 0.000393 0.025439 0.007457  4.001 -4.133
18 3.0283240E+06  39.7244 5.981 3.940 0.430220 0.529980 0.000393 0.025453 0.007440  3.940 -3.856
19 3.0284970E+06  39.6919 5.981 3.893 0.429352 0.530851 0.000394 0.025478 0.007412  3.893 -3.660
20 3.0297388E+06  39.2301 5.996 3.846 0.416449 0.543806 0.000400 0.025823 0.007007  3.846 -3.321
21 3.0320870E+06  37.5810 6.047 3.829 0.368831 0.591585 0.000421 0.026888 0.005756  3.829 -3.051
22 3.0376380E+06  33.0240 6.072 3.941 0.154119 0.806710 0.000533 0.029464 0.002626  3.941 -3.638
23 3.0574235E+06  30.1448 6.051 4.046 0.150907 0.809922 0.000514 0.029519 0.002595  4.046 -4.398
24 3.0712048E+06  29.5936 6.029 4.219 0.150449 0.810378 0.000499 0.029541 0.002591  4.342 -4.398
25 3.0853795E+06  29.0266 5.981 4.507 0.149635 0.811171 0.000382 0.029721 0.002586  4.880 -4.398
26 3.0999485E+06  28.4438 5.945 4.572 0.109128 0.851730 0.000434 0.029941 0.002248  4.997 -4.398
27 3.1141390E+06  27.6624 5.932 4.358 0.000000 0.961015 0.000698 0.030298 0.001391  5.021 -3.612
28 3.1305820E+06  24.1414 5.878 4.387 0.000000 0.704025 0.219111 0.000000 0.023257  5.166 -3.536
29 3.1484765E+06  20.0646 5.727 4.424 0.000000 0.650077 0.261135 0.000000 0.035150  5.136 -3.740
30 3.1670995E+06  17.2656 5.629 4.461 0.000000 0.615590 0.286474 0.000000 0.044279  5.131 -3.902
31 3.1871768E+06  15.1444 5.543 4.494 0.000000 0.579884 0.311515 0.000000 0.054923  5.128 -4.045
32 3.2079465E+06  13.5280 5.468 4.520 0.000000 0.544261 0.335149 0.000000 0.066892  5.124 -4.168
33 3.2305923E+06  12.1849 5.397 4.544 0.000000 0.509197 0.356945 0.000000 0.080138  5.121 -4.282
34 3.2546010E+06  11.0758 5.332 4.565 0.000000 0.472567 0.377958 0.000000 0.095732  5.118 -4.385
35 3.2809550E+06  10.1118 5.270 4.584 0.000000 0.437056 0.396387 0.000000 0.112789  5.115 -4.484
36 3.3093165E+06   9.2803 5.212 4.602 0.000000 0.401167 0.412777 0.000000 0.132261  5.111 -4.577
37 3.3399785E+06   8.5513 5.157 4.619 0.000000 0.365712 0.426445 0.000000 0.154017  5.109 -4.667
38 3.3749458E+06   7.8745 5.102 4.636 0.000000 0.328307 0.437682 0.000000 0.180148  5.109 -4.756
39 3.4135310E+06   7.2653 5.050 4.654 0.000000 0.291726 0.444940 0.000000 0.209428  5.109 -4.844
40 3.4597295E+06   6.6721 4.998 4.676 0.000000 0.249059 0.447697 0.000000 0.249276  5.115 -4.936
41 3.4815293E+06   6.4317 4.978 4.687 0.000000 0.234648 0.447010 0.000000 0.264350  5.121 -4.975
42 3.5038640E+06   6.2070 4.964 4.704 0.000000 0.217060 0.444871 0.000000 0.284043  5.134 -5.017
43 3.5172100E+06   6.0820 5.000 4.739 0.000000 0.206644 0.442875 0.000000 0.296433  5.178 -5.040
44 3.5232735E+06   6.0273 5.081 4.792 0.000000 0.202042 0.441805 0.000000 0.302093  5.252 -5.049
45 3.5289940E+06   5.9768 5.181 4.802 0.000000 0.198244 0.440832 0.000000 0.306856  5.237 -5.058
46 3.5303310E+06   5.9652 5.215 4.801 0.000000 0.197194 0.440554 0.000000 0.308181  5.224 -5.061
47 3.5307765E+06   5.9613 5.229 4.799 0.000000 0.196928 0.440481 0.000000 0.308520  5.216 -5.062
48 3.5308265E+06   5.9609 5.230 4.798 0.000000 0.196898 0.440473 0.000000 0.308557  5.215 -5.062
49 3.5308560E+06   5.9606 5.231 4.798 0.000000 0.196881 0.440468 0.000000 0.308579  5.215 -5.062
50 3.5308750E+06   5.9604 5.234 4.799 0.000000 0.196870 0.440465 0.000000 0.308593  5.216 -5.062
51 3.5308990E+06   5.9602 5.243 4.805 0.000000 0.196856 0.440462 0.000000 0.308611  5.224 -5.062

   40.00 WR

 1 3.0502320E+04  39.9819 5.416 4.631 0.620000 0.340000 0.009730 0.002474 0.021073  4.631 -6.446
 2 5.7263838E+05  39.7592 5.445 4.621 0.620000 0.340000 0.009730 0.002474 0.021073  4.621 -6.332
 3 1.0883964E+06  39.4815 5.474 4.610 0.620000 0.340000 0.009730 0.002474 0.021073  4.610 -6.212
 4 1.5560426E+06  39.1514 5.500 4.598 0.620000 0.340000 0.009730 0.002474 0.021073  4.598 -6.097
 5 1.9641419E+06  38.7756 5.523 4.583 0.620000 0.340000 0.009730 0.002474 0.021070  4.583 -5.978
 6 2.4692000E+06  38.1167 5.555 4.553 0.620000 0.340000 0.009730 0.002474 0.021073  4.553 -5.797
 7 2.8930698E+06  37.2868 5.583 4.514 0.620000 0.340000 0.009730 0.002474 0.021073  4.514 -5.625
 8 3.1794375E+06  36.5012 5.603 4.470 0.620000 0.340000 0.009730 0.002474 0.021073  4.470 -5.503
 9 3.4346120E+06  35.5803 5.622 4.401 0.620000 0.340000 0.009730 0.002474 0.021073  4.401 -5.390
10 3.5920120E+06  34.8828 5.634 4.333 0.620000 0.340000 0.009729 0.002474 0.021073  4.333 -5.319
11 3.7846145E+06  33.7936 5.657 4.199 0.620000 0.340000 0.009729 0.002474 0.021073  4.199 -5.158
12 3.8039478E+06  33.6580 5.669 4.211 0.620000 0.340000 0.009729 0.002474 0.021073  4.211 -5.156
13 3.8068400E+06  33.6377 5.690 4.223 0.620000 0.340000 0.009729 0.002474 0.021073  4.223 -5.138
14 3.8095328E+06  33.6181 5.688 4.203 0.620000 0.340000 0.009729 0.002474 0.021073  4.203 -5.125
15 3.8100793E+06  33.6134 5.688 4.139 0.620000 0.340000 0.009729 0.002474 0.021073  4.139 -5.011
16 3.8104763E+06  33.6087 5.690 4.064 0.620000 0.340000 0.009729 0.002474 0.021073  4.064 -4.855
17 3.8107525E+06  33.6038 5.690 3.998 0.620000 0.340000 0.009729 0.002474 0.021073  3.998 -4.648
18 3.8109595E+06  33.5979 5.692 3.927 0.620000 0.340000 0.009729 0.002474 0.021073  3.927 -4.430
19 3.8113678E+06  33.5762 5.691 3.853 0.620000 0.340000 0.009729 0.002474 0.021073  3.853 -4.200
20 3.8139835E+06  33.3635 5.690 3.776 0.619998 0.340003 0.009725 0.002475 0.021073  3.776 -3.962
21 3.8145950E+06  33.2871 5.718 3.768 0.619212 0.340755 0.009417 0.002869 0.020994  3.768 -3.859
22 3.8214660E+06  32.0219 5.768 3.771 0.559613 0.400257 0.005775 0.010545 0.017093  3.771 -3.716
23 3.8445885E+06  27.6075 5.774 3.779 0.520341 0.439598 0.004796 0.013310 0.015270  3.779 -3.726
24 3.8628048E+06  24.4128 5.766 3.789 0.465336 0.494719 0.003771 0.016516 0.013008  3.789 -3.781
25 3.8797033E+06  21.8423 5.767 3.820 0.409427 0.550746 0.002769 0.019680 0.010764  3.820 -3.887
26 3.8971833E+06  19.9076 5.747 3.852 0.280858 0.679585 0.000462 0.026960 0.005604  3.852 -4.050
27 3.9161555E+06  18.7379 5.712 4.171 0.280082 0.680353 0.000407 0.027053 0.005587  4.357 -4.398
28 3.9331738E+06  18.0571 5.648 4.442 0.274685 0.685748 0.000336 0.027247 0.005486  4.866 -4.398
29 3.9515273E+06  17.2477 5.619 4.492 0.000003 0.960977 0.000665 0.030145 0.001621  5.077 -4.127
30 3.9707388E+06  15.9518 5.572 4.515 0.000000 0.960988 0.000730 0.030019 0.001656  5.087 -4.212
31 3.9903130E+06  14.8564 5.529 4.531 0.000000 0.961001 0.000793 0.029925 0.001654  5.087 -4.289
32 4.0109760E+06  13.6879 5.476 4.514 0.000000 0.595190 0.305147 0.000000 0.046187  5.122 -4.154
33 4.0333610E+06  12.3213 5.405 4.541 0.000000 0.531747 0.347934 0.000000 0.066808  5.121 -4.269
34 4.0576400E+06  11.1720 5.339 4.564 0.000000 0.470413 0.384013 0.000000 0.092025  5.119 -4.376
35 4.0835890E+06  10.2017 5.277 4.583 0.000000 0.434208 0.402396 0.000000 0.109822  5.115 -4.475
36 4.1109873E+06   9.3788 5.220 4.600 0.000000 0.400210 0.417532 0.000000 0.128656  5.112 -4.566
37 4.1425005E+06   8.6127 5.163 4.618 0.000000 0.363582 0.431236 0.000000 0.151548  5.110 -4.659
38 4.1759170E+06   7.9520 5.110 4.635 0.000000 0.328802 0.441321 0.000000 0.176208  5.109 -4.745
39 4.2155730E+06   7.3128 5.055 4.654 0.000000 0.290021 0.448610 0.000000 0.207654  5.110 -4.836
40 4.2616965E+06   6.7115 5.003 4.675 0.000000 0.249272 0.450819 0.000000 0.246134  5.116 -4.929
41 4.2822555E+06   6.4808 4.984 4.686 0.000000 0.232356 0.449775 0.000000 0.264064  5.121 -4.967
42 4.3057465E+06   6.2405 4.969 4.704 0.000000 0.213476 0.447039 0.000000 0.285642  5.135 -5.011
43 4.3186800E+06   6.1178 5.005 4.738 0.000000 0.204818 0.445185 0.000000 0.296136  5.178 -5.033
44 4.3246465E+06   6.0631 5.086 4.791 0.000000 0.200477 0.444095 0.000000 0.301555  5.253 -5.043
45 4.3302525E+06   6.0129 5.182 4.801 0.000000 0.196348 0.442965 0.000000 0.306805  5.239 -5.052
46 4.3316515E+06   6.0005 5.218 4.801 0.000000 0.195354 0.442679 0.000000 0.308083  5.226 -5.054
47 4.3320110E+06   5.9973 5.230 4.800 0.000000 0.195093 0.442603 0.000000 0.308419  5.222 -5.055
48 4.3321775E+06   5.9959 5.233 4.797 0.000000 0.194974 0.442568 0.000000 0.308572  5.216 -5.055
49 4.3322135E+06   5.9956 5.235 4.798 0.000000 0.194949 0.442561 0.000000 0.308605  5.216 -5.055
50 4.3322310E+06   5.9954 5.238 4.799 0.000000 0.194936 0.442557 0.000000 0.308621  5.218 -5.055
51 4.3322505E+06   5.9952 5.246 4.804 0.000000 0.194922 0.442553 0.000000 0.308639  5.225 -5.055

   25.00 WR

 1 8.1326188E+04  24.9877 4.952 4.573 0.620000 0.340000 0.009730 0.002474 0.021073  4.573 -6.853
 2 8.7860863E+05  24.8657 4.984 4.564 0.620000 0.340000 0.009730 0.002474 0.021073  4.564 -6.781
 3 1.6372708E+06  24.7283 5.018 4.556 0.620000 0.340000 0.009730 0.002474 0.021073  4.556 -6.706
 4 2.3436115E+06  24.5756 5.052 4.547 0.620000 0.340000 0.009730 0.002474 0.021073  4.547 -6.625
 5 2.9522825E+06  24.4165 5.084 4.535 0.620000 0.340000 0.009730 0.002474 0.021073  4.535 -6.543
 6 3.6625200E+06  24.1836 5.124 4.515 0.620000 0.340000 0.009730 0.002474 0.021073  4.515 -6.428
 7 4.2721410E+06  23.9197 5.162 4.486 0.620000 0.340000 0.009730 0.002474 0.021073  4.486 -6.303
 8 4.6601435E+06  23.7044 5.188 4.459 0.620000 0.340000 0.009730 0.002474 0.021073  4.459 -6.212
 9 5.0225780E+06  23.4543 5.214 4.422 0.620000 0.340000 0.009730 0.002474 0.021073  4.422 -6.114
10 5.2296835E+06  23.2823 5.231 4.393 0.620000 0.340000 0.009730 0.002474 0.021073  4.393 -6.052
11 5.4756210E+06  23.0424 5.255 4.360 0.620000 0.340000 0.009730 0.002474 0.021073  4.360 -5.978
12 5.5306335E+06  22.9841 5.294 4.421 0.620000 0.340000 0.009730 0.002474 0.021073  4.421 -5.985
13 5.5338695E+06  22.9806 5.305 4.369 0.620000 0.340000 0.009730 0.002474 0.021073  4.369 -5.962
14 5.5348400E+06  22.9793 5.307 4.351 0.620000 0.340000 0.009730 0.002474 0.021073  4.351 -5.876
15 5.5370730E+06  22.9759 5.317 4.259 0.620000 0.340000 0.009730 0.002474 0.021073  4.259 -5.769
16 5.5388205E+06  22.9723 5.320 4.152 0.620000 0.340000 0.009730 0.002474 0.021073  4.152 -5.628
17 5.5397670E+06  22.9696 5.321 4.071 0.620000 0.340000 0.009730 0.002474 0.021073  4.071 -5.465
18 5.5405940E+06  22.9660 5.320 3.979 0.620000 0.340000 0.009730 0.002474 0.021073  3.979 -5.264
19 5.5412930E+06  22.9609 5.317 3.883 0.620000 0.340000 0.009730 0.002474 0.021073  3.883 -5.052
20 5.5436370E+06  22.9348 5.290 3.779 0.620000 0.340000 0.009730 0.002474 0.021073  3.779 -4.924
21 5.5445715E+06  22.9231 5.300 3.762 0.620000 0.340000 0.009730 0.002474 0.021073  3.762 -4.885
22 5.5523605E+06  22.7919 5.353 3.736 0.619906 0.340093 0.009681 0.002496 0.021067  3.736 -4.743
23 5.5833255E+06  22.2199 5.359 3.734 0.616301 0.343684 0.009358 0.002993 0.020831  3.734 -4.729
24 5.6111185E+06  21.6973 5.363 3.735 0.613466 0.346513 0.009167 0.003363 0.020646  3.735 -4.722
25 5.6377740E+06  21.1882 5.365 3.736 0.605671 0.354296 0.008695 0.004333 0.020152  3.736 -4.717
26 5.6644905E+06  20.6713 5.369 3.737 0.602921 0.357042 0.008536 0.004665 0.019981  3.737 -4.710
27 5.6896710E+06  20.1773 5.372 3.738 0.600286 0.359673 0.008386 0.004981 0.019819  3.738 -4.705
28 5.7158200E+06  19.6578 5.374 3.740 0.597455 0.362502 0.008243 0.005290 0.019655  3.740 -4.699
29 5.7418505E+06  19.1348 5.377 3.741 0.594485 0.365470 0.008110 0.005586 0.019495  3.741 -4.695
30 5.7683880E+06  18.5969 5.379 3.743 0.589590 0.370365 0.007910 0.006041 0.019243  3.743 -4.691
31 5.7966300E+06  18.0204 5.382 3.746 0.582759 0.377197 0.007656 0.006633 0.018909  3.746 -4.689
32 5.8247240E+06  17.4453 5.383 3.749 0.571005 0.388954 0.007244 0.007612 0.018348  3.749 -4.688
33 5.8535170E+06  16.8567 5.384 3.752 0.559507 0.400455 0.006849 0.008555 0.017806  3.752 -4.691
34 5.8855170E+06  16.2045 5.385 3.756 0.541362 0.418606 0.006224 0.010040 0.016958  3.756 -4.694
35 5.9165755E+06  15.5757 5.387 3.759 0.526961 0.433009 0.005729 0.011214 0.016294  3.759 -4.693
36 5.9526940E+06  14.8458 5.380 3.766 0.481933 0.478039 0.004175 0.014881 0.014246  3.766 -4.726
37 5.9888355E+06  14.1320 5.387 3.769 0.473224 0.486747 0.003872 0.015592 0.013852  3.769 -4.704
38 6.0305035E+06  13.3079 5.389 3.774 0.461573 0.498397 0.003466 0.016546 0.013325  3.774 -4.706
39 6.0723560E+06  12.4906 5.392 3.780 0.452509 0.507461 0.003150 0.017287 0.012915  3.780 -4.712
40 6.2075000E+06  12.4906 5.392 3.780 0.452509 0.507461 0.003150 0.017287 0.012915  3.780 -4.712
41 6.2075000E+06  12.4906 5.392 3.780 0.452509 0.507461 0.003150 0.017287 0.012915  3.780 -4.712
42 6.2075000E+06  12.4906 5.392 3.780 0.452509 0.507461 0.003150 0.017287 0.012915  3.780 -4.712
43 6.2075000E+06  12.4906 5.392 3.780 0.452509 0.507461 0.003150 0.017287 0.012915  3.780 -4.712
44 6.2075000E+06  12.4906 5.392 3.780 0.452509 0.507461 0.003150 0.017287 0.012915  3.780 -4.712
45 6.2075000E+06  12.4906 5.392 3.780 0.452509 0.507461 0.003150 0.017287 0.012915  3.780 -4.712
46 6.2075000E+06  12.4906 5.392 3.780 0.452509 0.507461 0.003150 0.017287 0.012915  3.780 -4.712
47 6.2075000E+06  12.4906 5.392 3.780 0.452509 0.507461 0.003150 0.017287 0.012915  3.780 -4.712
48 6.2075000E+06  12.4906 5.392 3.780 0.452509 0.507461 0.003150 0.017287 0.012915  3.780 -4.712
49 6.2075000E+06  12.4906 5.392 3.780 0.452509 0.507461 0.003150 0.017287 0.012915  3.780 -4.712
50 6.2075000E+06  12.4906 5.392 3.780 0.452509 0.507461 0.003150 0.017287 0.012915  3.780 -4.712
51 6.2075000E+06  12.4906 5.392 3.780 0.452509 0.507461 0.003150 0.017287 0.012915  3.780 -4.712

   20.00 WR

 1 6.0004563E+04  19.9951 4.704 4.538 0.620000 0.340000 0.009730 0.002474 0.021073  4.538 -7.126
 2 1.1023550E+06  19.9112 4.738 4.530 0.620000 0.340000 0.009730 0.002474 0.021073  4.530 -7.063
 3 2.0904836E+06  19.8188 4.774 4.523 0.620000 0.340000 0.009730 0.002474 0.021073  4.523 -6.997
 4 2.9857988E+06  19.7210 4.811 4.514 0.620000 0.340000 0.009730 0.002474 0.021073  4.514 -6.928
 5 3.7575978E+06  19.6219 4.845 4.503 0.620000 0.340000 0.009730 0.002474 0.021073  4.503 -6.856
 6 4.6383060E+06  19.4851 4.888 4.485 0.620000 0.340000 0.009730 0.002474 0.021073  4.485 -6.762
 7 5.4023870E+06  19.3360 4.930 4.461 0.620000 0.340000 0.009730 0.002474 0.021073  4.461 -6.658
 8 5.8881340E+06  19.2195 4.960 4.438 0.620000 0.340000 0.009730 0.002474 0.021073  4.438 -6.583
 9 6.3134910E+06  19.0973 4.987 4.409 0.620000 0.340000 0.009730 0.002474 0.021073  4.409 -6.503
10 6.5773645E+06  19.0088 5.007 4.386 0.620000 0.340000 0.009730 0.002474 0.021073  4.386 -6.448
11 6.7496340E+06  18.9442 5.021 4.371 0.620000 0.340000 0.009730 0.002474 0.021073  4.371 -6.408
12 6.9180130E+06  18.8753 5.054 4.393 0.620000 0.340000 0.009730 0.002474 0.021073  4.393 -6.368
13 6.9245285E+06  18.8724 5.091 4.420 0.620000 0.340000 0.009730 0.002474 0.021073  4.420 -6.329
14 6.9275950E+06  18.8710 5.079 4.408 0.620000 0.340000 0.009730 0.002474 0.021073  4.408 -6.338
15 6.9305630E+06  18.8695 5.102 4.327 0.620000 0.340000 0.009730 0.002474 0.021073  4.327 -6.220
16 6.9339940E+06  18.8670 5.115 4.212 0.620000 0.340000 0.009730 0.002474 0.021073  4.212 -6.071
17 6.9364730E+06  18.8644 5.116 4.099 0.620000 0.340000 0.009730 0.002474 0.021073  4.099 -5.886
18 6.9381880E+06  18.8615 5.115 3.991 0.620000 0.340000 0.009730 0.002474 0.021073  3.991 -5.662
19 6.9396300E+06  18.8573 5.116 3.877 0.620000 0.340000 0.009730 0.002474 0.021073  3.877 -5.421
20 6.9399390E+06  18.8560 5.116 3.852 0.620000 0.340000 0.009730 0.002474 0.021073  3.852 -5.375
21 6.9414310E+06  18.8482 5.113 3.722 0.620000 0.340000 0.009730 0.002474 0.021073  3.722 -5.227
22 6.9495685E+06  18.8136 5.089 3.559 0.619998 0.340002 0.009727 0.002474 0.021073  3.559 -5.412
23 6.9881115E+06  18.6695 5.083 3.557 0.591172 0.368767 0.008088 0.005577 0.019568  3.557 -5.430
24 7.0230000E+06  18.5391 5.087 3.557 0.587979 0.371952 0.007921 0.005912 0.019413  3.557 -5.424
25 7.0578880E+06  18.4062 5.092 3.557 0.587748 0.372183 0.007909 0.005936 0.019402  3.557 -5.415
26 7.0939395E+06  18.2663 5.096 3.557 0.587748 0.372183 0.007909 0.005936 0.019402  3.557 -5.408
27 7.1260140E+06  18.1398 5.100 3.557 0.587748 0.372183 0.007909 0.005936 0.019402  3.557 -5.401
28 7.1606780E+06  18.0010 5.105 3.557 0.587748 0.372183 0.007909 0.005936 0.019402  3.557 -5.393
29 7.1941455E+06  17.8650 5.109 3.557 0.587748 0.372183 0.007909 0.005936 0.019402  3.557 -5.388
30 7.2282015E+06  17.7245 5.112 3.556 0.587748 0.372183 0.007909 0.005936 0.019402  3.556 -5.382
31 7.2622315E+06  17.5820 5.116 3.556 0.587716 0.372214 0.007908 0.005939 0.019400  3.556 -5.375
32 7.2986525E+06  17.4273 5.120 3.556 0.586766 0.373163 0.007859 0.006038 0.019354  3.556 -5.369
33 7.3392715E+06  17.2523 5.123 3.557 0.584372 0.375551 0.007741 0.006278 0.019241  3.557 -5.362
34 7.3737170E+06  17.1019 5.126 3.557 0.582123 0.377796 0.007630 0.006504 0.019135  3.557 -5.357
35 7.4169090E+06  16.9108 5.129 3.557 0.579112 0.380801 0.007486 0.006800 0.018994  3.557 -5.351
36 7.4619725E+06  16.7086 5.132 3.557 0.575711 0.384195 0.007325 0.007131 0.018837  3.557 -5.345
37 7.5010870E+06  16.5307 5.135 3.557 0.570903 0.388994 0.007098 0.007600 0.018614  3.557 -5.339
38 7.5524055E+06  16.2933 5.139 3.558 0.565736 0.394151 0.006853 0.008104 0.018375  3.558 -5.330
39 7.5969320E+06  16.0830 5.143 3.558 0.560985 0.398893 0.006628 0.008567 0.018155  3.558 -5.321
40 7.6440345E+06  15.8548 5.149 3.560 0.554376 0.405489 0.006314 0.009213 0.017849  3.560 -5.307
41 7.6636605E+06  15.7571 5.153 3.560 0.548980 0.410874 0.006058 0.009740 0.017600  3.560 -5.296
42 7.6857205E+06  15.6440 5.162 3.562 0.542006 0.417834 0.005727 0.010422 0.017277  3.562 -5.283
43 7.6991020E+06  15.5718 5.182 3.563 0.533064 0.426758 0.005302 0.011295 0.016863  3.563 -5.234
44 7.7018280E+06  15.5546 5.216 3.562 0.530135 0.429682 0.005163 0.011582 0.016727  3.562 -5.169
45 7.7072120E+06  15.5168 5.222 3.563 0.528910 0.430904 0.005105 0.011701 0.016671  3.563 -5.160
46 7.7123075E+06  15.4739 5.290 3.565 0.525401 0.434406 0.004937 0.012046 0.016508  3.565 -4.997
47 7.7126500E+06  15.4705 5.288 3.564 0.525272 0.434534 0.004932 0.012058 0.016502  3.564 -5.000
48 7.7126735E+06  15.4702 5.292 3.565 0.525272 0.434535 0.004932 0.012058 0.016502  3.565 -4.999
49 7.7126885E+06  15.4701 5.292 3.565 0.525272 0.434535 0.004932 0.012058 0.016502  3.565 -5.015
50 7.7126945E+06  15.4700 5.292 3.565 0.525272 0.434535 0.004932 0.012058 0.016502  3.565 -4.999
51 7.7127255E+06  15.4697 5.292 3.565 0.525268 0.434538 0.004931 0.012058 0.016502  3.565 -5.000

   15.00 WR

 1 1.1944908E+05  14.9974 4.357 4.486 0.620000 0.340000 0.009730 0.002474 0.021073  4.486 -7.672
 2 1.6508494E+06  14.9622 4.396 4.479 0.620000 0.340000 0.009730 0.002474 0.021073  4.479 -7.606
 3 3.0835105E+06  14.9235 4.436 4.472 0.620000 0.340000 0.009730 0.002474 0.021073  4.472 -7.535
 4 4.3392275E+06  14.8838 4.474 4.465 0.620000 0.340000 0.009730 0.002474 0.021073  4.465 -7.466
 5 5.4459900E+06  14.8427 4.512 4.456 0.620000 0.340000 0.009730 0.002474 0.021073  4.456 -7.398
 6 6.7131945E+06  14.7865 4.560 4.441 0.620000 0.340000 0.009730 0.002474 0.021073  4.441 -7.309
 7 7.8018470E+06  14.7273 4.605 4.420 0.620000 0.340000 0.009730 0.002474 0.021073  4.420 -7.220
 8 8.4691860E+06  14.6839 4.637 4.402 0.620000 0.340000 0.009730 0.002474 0.021073  4.402 -7.156
 9 9.0882010E+06  14.6369 4.669 4.378 0.620000 0.340000 0.009730 0.002474 0.021073  4.378 -7.086
10 9.4464930E+06  14.6058 4.690 4.361 0.620000 0.340000 0.009730 0.002474 0.021073  4.361 -7.038
11 9.6832150E+06  14.5832 4.705 4.352 0.620000 0.340000 0.009730 0.002474 0.021073  4.352 -7.004
12 9.9253810E+06  14.5579 4.741 4.377 0.620000 0.340000 0.009730 0.002474 0.021073  4.377 -6.944
13 9.9376220E+06  14.5564 4.784 4.408 0.620000 0.340000 0.009730 0.002474 0.021073  4.408 -6.876
14 9.9417630E+06  14.5559 4.764 4.386 0.620000 0.340000 0.009730 0.002474 0.021073  4.386 -6.902
15 9.9474480E+06  14.5551 4.791 4.290 0.620000 0.340000 0.009730 0.002474 0.021073  4.290 -6.789
16 9.9528480E+06  14.5540 4.789 4.153 0.620000 0.340000 0.009730 0.002474 0.021073  4.153 -6.630
17 9.9560890E+06  14.5531 4.762 4.020 0.620000 0.340000 0.009730 0.002474 0.021073  4.020 -6.427
18 9.9581800E+06  14.5521 4.724 3.882 0.620000 0.340000 0.009730 0.002474 0.021073  3.882 -6.199
19 9.9595610E+06  14.5510 4.663 3.747 0.620000 0.340000 0.009730 0.002474 0.021073  3.747 -6.058
20 9.9608690E+06  14.5499 4.495 3.595 0.620000 0.340000 0.009730 0.002474 0.021073  3.595 -6.168
21 9.9631140E+06  14.5476 4.811 3.556 0.570562 0.389270 0.006636 0.008073 0.018588  3.556 -5.807
22 9.9750820E+06  14.5289 4.803 3.557 0.568700 0.391129 0.006553 0.008253 0.018498  3.557 -5.817
23 1.0029248E+07  14.4533 4.728 3.561 0.568700 0.391129 0.006553 0.008253 0.018498  3.561 -5.896
24 1.0080199E+07  14.3907 4.709 3.563 0.568700 0.391129 0.006553 0.008253 0.018498  3.563 -5.916
25 1.0127231E+07  14.3336 4.710 3.563 0.568700 0.391129 0.006553 0.008253 0.018498  3.563 -5.915
26 1.0176222E+07  14.2738 4.712 3.563 0.568700 0.391129 0.006553 0.008253 0.018498  3.563 -5.913
27 1.0223254E+07  14.2163 4.712 3.563 0.568700 0.391129 0.006553 0.008253 0.018498  3.563 -5.913
28 1.0274205E+07  14.1540 4.713 3.563 0.568700 0.391129 0.006553 0.008253 0.018498  3.563 -5.912
29 1.0321237E+07  14.0963 4.714 3.563 0.568700 0.391129 0.006553 0.008253 0.018498  3.563 -5.911
30 1.0372188E+07  14.0336 4.715 3.563 0.568700 0.391129 0.006553 0.008253 0.018498  3.563 -5.909
31 1.0417260E+07  13.9780 4.716 3.563 0.568700 0.391129 0.006553 0.008253 0.018498  3.563 -5.908
32 1.0472208E+07  13.9100 4.718 3.563 0.568700 0.391129 0.006553 0.008253 0.018498  3.563 -5.906
33 1.0517190E+07  13.8541 4.719 3.563 0.568700 0.391129 0.006553 0.008253 0.018498  3.563 -5.905
34 1.0576788E+07  13.7797 4.722 3.562 0.568700 0.391129 0.006553 0.008253 0.018498  3.562 -5.902
35 1.0623745E+07  13.7208 4.723 3.562 0.568700 0.391129 0.006553 0.008253 0.018498  3.562 -5.901
36 1.0675415E+07  13.6557 4.725 3.562 0.568700 0.391129 0.006553 0.008253 0.018498  3.562 -5.900
37 1.0735751E+07  13.5793 4.728 3.561 0.568700 0.391129 0.006553 0.008253 0.018498  3.561 -5.896
38 1.0789189E+07  13.5111 4.732 3.561 0.568700 0.391129 0.006553 0.008253 0.018498  3.561 -5.893
39 1.0847018E+07  13.4367 4.736 3.560 0.568700 0.391129 0.006553 0.008253 0.018498  3.560 -5.889
40 1.0909430E+07  13.3554 4.744 3.559 0.568700 0.391129 0.006553 0.008253 0.018498  3.559 -5.881
41 1.0940529E+07  13.3141 4.751 3.559 0.568700 0.391129 0.006553 0.008253 0.018498  3.559 -5.873
42 1.0971748E+07  13.2717 4.766 3.557 0.568700 0.391129 0.006553 0.008253 0.018498  3.557 -5.858
43 1.0987893E+07  13.2486 4.802 3.556 0.568700 0.391129 0.006553 0.008253 0.018498  3.556 -5.820
44 1.0996570E+07  13.2344 4.841 3.555 0.568700 0.391129 0.006553 0.008253 0.018498  3.555 -5.776
45 1.1006195E+07  13.2152 4.956 3.551 0.568682 0.391135 0.006475 0.008340 0.018498  3.551 -5.635
46 1.1012402E+07  13.1995 5.003 3.551 0.568630 0.391182 0.006439 0.008388 0.018493  3.551 -5.570
47 1.1013822E+07  13.1957 5.005 3.551 0.568599 0.391212 0.006431 0.008400 0.018491  3.551 -5.567
48 1.1014346E+07  13.1942 5.010 3.550 0.568567 0.391243 0.006425 0.008411 0.018488  3.550 -5.560
49 1.1014578E+07  13.1936 5.013 3.550 0.568557 0.391253 0.006423 0.008413 0.018487  3.550 -5.556
50 1.1014685E+07  13.1933 5.014 3.550 0.568543 0.391266 0.006421 0.008417 0.018486  3.550 -5.554
51 1.1014796E+07  13.1930 5.017 3.550 0.568534 0.391275 0.006419 0.008419 0.018485  3.550 -5.550

   12.00 WR

 1 9.5007227E+04  11.9995 4.066 4.440 0.620000 0.340000 0.009730 0.002474 0.021073  4.440 -8.329
 2 2.2672178E+06  11.9883 4.106 4.433 0.620000 0.340000 0.009730 0.002474 0.021073  4.433 -8.249
 3 4.2434750E+06  11.9760 4.147 4.427 0.620000 0.340000 0.009730 0.002474 0.021073  4.427 -8.165
 4 6.0079905E+06  11.9626 4.188 4.421 0.620000 0.340000 0.009730 0.002474 0.021073  4.421 -8.080
 5 7.5706450E+06  11.9483 4.228 4.412 0.620000 0.340000 0.009730 0.002474 0.021073  4.412 -7.999
 6 9.2718620E+06  11.9292 4.277 4.399 0.620000 0.340000 0.009730 0.002474 0.021073  4.399 -7.902
 7 1.0697220E+07  11.9093 4.324 4.381 0.620000 0.340000 0.009730 0.002474 0.021073  4.381 -7.810
 8 1.1602323E+07  11.8941 4.357 4.365 0.620000 0.340000 0.009730 0.002474 0.021073  4.365 -7.743
 9 1.2386195E+07  11.8788 4.388 4.346 0.620000 0.340000 0.009730 0.002474 0.021073  4.346 -7.677
10 1.2831908E+07  11.8689 4.409 4.333 0.620000 0.340000 0.009730 0.002474 0.021073  4.333 -7.633
11 1.3144454E+07  11.8612 4.425 4.326 0.620000 0.340000 0.009730 0.002474 0.021073  4.326 -7.595
12 1.3429120E+07  11.8535 4.461 4.351 0.620000 0.340000 0.009730 0.002474 0.021073  4.351 -7.515
13 1.3448496E+07  11.8529 4.506 4.381 0.620000 0.340000 0.009730 0.002474 0.021073  4.381 -7.417
14 1.3453986E+07  11.8527 4.476 4.355 0.620000 0.340000 0.009730 0.002474 0.021073  4.355 -7.482
15 1.3461863E+07  11.8524 4.507 4.271 0.620000 0.340000 0.009730 0.002474 0.021073  4.271 -7.389
16 1.3470247E+07  11.8520 4.502 4.141 0.620000 0.340000 0.009730 0.002474 0.021073  4.141 -7.255
17 1.3475099E+07  11.8517 4.462 4.016 0.620000 0.340000 0.009730 0.002474 0.021073  4.016 -7.099
18 1.3478107E+07  11.8514 4.404 3.888 0.620000 0.340000 0.009730 0.002474 0.021073  3.888 -6.903
19 1.3479971E+07  11.8511 4.323 3.759 0.620000 0.340000 0.009730 0.002474 0.021073  3.759 -6.741
20 1.3481453E+07  11.8508 4.134 3.616 0.620000 0.340000 0.009730 0.002474 0.021073  3.616 -6.695
21 1.3508239E+07  11.8245 4.644 3.553 0.584225 0.375533 0.006637 0.007551 0.019162  3.553 -5.990
22 1.3593661E+07  11.7460 4.526 3.559 0.584225 0.375533 0.006637 0.007551 0.019162  3.559 -6.104
23 1.3665799E+07  11.6953 4.448 3.564 0.584225 0.375533 0.006637 0.007551 0.019162  3.564 -6.186
24 1.3737937E+07  11.6505 4.417 3.567 0.584225 0.375533 0.006637 0.007551 0.019162  3.567 -6.221
25 1.3807325E+07  11.6095 4.409 3.569 0.584225 0.375533 0.006637 0.007551 0.019162  3.569 -6.233
26 1.3877259E+07  11.5685 4.411 3.571 0.584225 0.375533 0.006637 0.007551 0.019162  3.571 -6.232
27 1.3941999E+07  11.5304 4.414 3.571 0.584225 0.375533 0.006637 0.007551 0.019162  3.571 -6.229
28 1.4014208E+07  11.4875 4.418 3.571 0.584225 0.375533 0.006637 0.007551 0.019162  3.571 -6.224
29 1.4078947E+07  11.4487 4.420 3.570 0.584225 0.375533 0.006637 0.007551 0.019162  3.570 -6.222
30 1.4143686E+07  11.4097 4.423 3.570 0.584225 0.375533 0.006637 0.007551 0.019162  3.570 -6.218
31 1.4218385E+07  11.3644 4.426 3.570 0.584225 0.375533 0.006637 0.007551 0.019162  3.570 -6.215
32 1.4285041E+07  11.3236 4.428 3.568 0.584225 0.375533 0.006637 0.007551 0.019162  3.568 -6.211
33 1.4362351E+07  11.2759 4.430 3.568 0.584225 0.375533 0.006637 0.007551 0.019162  3.568 -6.208
34 1.4430512E+07  11.2335 4.433 3.567 0.584225 0.375533 0.006637 0.007551 0.019162  3.567 -6.205
35 1.4510920E+07  11.1830 4.436 3.566 0.584225 0.375533 0.006637 0.007551 0.019162  3.566 -6.201
36 1.4580764E+07  11.1389 4.439 3.566 0.584225 0.375533 0.006637 0.007551 0.019162  3.566 -6.197
37 1.4652967E+07  11.0928 4.443 3.565 0.584225 0.375533 0.006637 0.007551 0.019162  3.565 -6.193
38 1.4786600E+07  11.0062 4.451 3.564 0.584225 0.375533 0.006637 0.007551 0.019162  3.564 -6.183
39 1.4868349E+07  10.9519 4.462 3.562 0.584225 0.375533 0.006637 0.007551 0.019162  3.562 -6.171
40 1.4906104E+07  10.9261 4.470 3.562 0.584225 0.375533 0.006637 0.007551 0.019162  3.562 -6.162
41 1.4944984E+07  10.8989 4.487 3.560 0.584225 0.375533 0.006637 0.007551 0.019162  3.560 -6.145
42 1.4966878E+07  10.8828 4.515 3.558 0.584225 0.375533 0.006637 0.007551 0.019162  3.558 -6.116
43 1.4971591E+07  10.8791 4.537 3.557 0.584225 0.375533 0.006637 0.007551 0.019162  3.557 -6.094
44 1.4991726E+07  10.8615 4.635 3.552 0.584225 0.375533 0.006636 0.007552 0.019162  3.552 -5.998
45 1.5007257E+07  10.8438 4.733 3.548 0.584189 0.375554 0.006538 0.007666 0.019160  3.548 -5.904
46 1.5015483E+07  10.8331 4.766 3.546 0.584128 0.375612 0.006515 0.007699 0.019155  3.546 -5.870
47 1.5017029E+07  10.8310 4.768 3.546 0.584100 0.375639 0.006510 0.007708 0.019152  3.546 -5.869
48 1.5017817E+07  10.8299 4.772 3.546 0.584060 0.375678 0.006504 0.007718 0.019149  3.546 -5.865
49 1.5018477E+07  10.8290 4.777 3.546 0.584024 0.375714 0.006500 0.007726 0.019146  3.546 -5.860
50 1.5018887E+07  10.8284 4.781 3.546 0.583992 0.375746 0.006496 0.007732 0.019143  3.546 -5.856
51 1.5019916E+07  10.8270 4.782 3.546 0.583934 0.375804 0.006492 0.007742 0.019139  3.546 -5.854

    9.00 WR

 1 2.0937102E+05   8.9999 3.663 4.373 0.620000 0.340000 0.009730 0.002474 0.021073  4.373 -9.565
 2 3.9030793E+06   8.9988 3.702 4.367 0.620000 0.340000 0.009730 0.002474 0.021073  4.367 -9.446
 3 7.2267590E+06   8.9974 3.744 4.361 0.620000 0.340000 0.009730 0.002474 0.021073  4.361 -9.327
 4 1.0196076E+07   8.9958 3.787 4.355 0.620000 0.340000 0.009730 0.002474 0.021073  4.355 -9.212
 5 1.2688103E+07   8.9941 3.826 4.347 0.620000 0.340000 0.009730 0.002474 0.021073  4.347 -9.108
 6 1.5483418E+07   8.9915 3.875 4.335 0.620000 0.340000 0.009730 0.002474 0.021073  4.335 -8.981
 7 1.7808956E+07   8.9887 3.922 4.319 0.620000 0.340000 0.009730 0.002474 0.021073  4.319 -8.863
 8 1.9250210E+07   8.9866 3.954 4.304 0.620000 0.340000 0.009730 0.002474 0.021073  4.304 -8.782
 9 2.0528404E+07   8.9842 3.986 4.287 0.620000 0.340000 0.009730 0.002474 0.021073  4.287 -8.702
10 2.1229044E+07   8.9828 4.006 4.277 0.620000 0.340000 0.009730 0.002474 0.021073  4.277 -8.650
11 2.1735208E+07   8.9816 4.024 4.272 0.620000 0.340000 0.009730 0.002474 0.021073  4.272 -8.602
12 2.2144948E+07   8.9805 4.058 4.295 0.620000 0.340000 0.009730 0.002474 0.021073  4.295 -8.503
13 2.2192608E+07   8.9803 4.108 4.328 0.620000 0.340000 0.009730 0.002474 0.021073  4.328 -8.356
14 2.2196688E+07   8.9803 4.076 4.317 0.620000 0.340000 0.009730 0.002474 0.021073  4.317 -8.449
15 2.2216240E+07   8.9802 4.116 4.210 0.620000 0.340000 0.009730 0.002474 0.021073  4.210 -8.327
16 2.2232316E+07   8.9801 4.102 4.090 0.620000 0.340000 0.009730 0.002474 0.021073  4.090 -8.194
17 2.2241786E+07   8.9800 4.052 3.974 0.620000 0.340000 0.009730 0.002474 0.021073  3.974 -8.039
18 2.2247656E+07   8.9800 3.985 3.858 0.620000 0.340000 0.009730 0.002474 0.021073  3.858 -7.837
19 2.2251296E+07   8.9799 3.899 3.739 0.620000 0.340000 0.009730 0.002474 0.021073  3.739 -7.583
20 2.2255388E+07   8.9797 3.688 3.618 0.620000 0.340000 0.009730 0.002474 0.021073  3.618 -7.402
21 2.2295600E+07   8.9633 4.308 3.556 0.597713 0.361980 0.006777 0.006801 0.019829  3.556 -6.313
22 2.2318976E+07   8.9520 4.305 3.556 0.597713 0.361980 0.006777 0.006801 0.019829  3.556 -6.316
23 2.2492112E+07   8.8735 4.237 3.560 0.597713 0.361980 0.006777 0.006801 0.019829  3.560 -6.392
24 2.2625266E+07   8.8264 4.148 3.568 0.597713 0.361980 0.006777 0.006801 0.019829  3.568 -6.511
25 2.2754408E+07   8.7913 4.079 3.574 0.597713 0.361980 0.006777 0.006801 0.019829  3.574 -6.613
26 2.2882458E+07   8.7624 4.040 3.577 0.597713 0.361980 0.006777 0.006801 0.019829  3.577 -6.673
27 2.2995732E+07   8.7392 4.023 3.579 0.597713 0.361980 0.006777 0.006801 0.019829  3.579 -6.701
28 2.3121860E+07   8.7146 4.016 3.581 0.597713 0.361980 0.006777 0.006801 0.019829  3.581 -6.719
29 2.3225578E+07   8.6949 4.015 3.583 0.597713 0.361980 0.006777 0.006801 0.019829  3.583 -6.724
30 2.3337834E+07   8.6738 4.020 3.584 0.597713 0.361980 0.006777 0.006801 0.019829  3.584 -6.723
31 2.3444026E+07   8.6536 4.023 3.584 0.597713 0.361980 0.006777 0.006801 0.019829  3.584 -6.719
32 2.3579180E+07   8.6276 4.027 3.583 0.597713 0.361980 0.006777 0.006801 0.019829  3.583 -6.711
33 2.3692564E+07   8.6054 4.029 3.582 0.597713 0.361980 0.006777 0.006801 0.019829  3.582 -6.705
34 2.3810640E+07   8.5820 4.033 3.582 0.597713 0.361980 0.006777 0.006801 0.019829  3.582 -6.699
35 2.3966944E+07   8.5505 4.037 3.581 0.597713 0.361980 0.006777 0.006801 0.019829  3.581 -6.692
36 2.4076196E+07   8.5281 4.040 3.581 0.597713 0.361980 0.006777 0.006801 0.019829  3.581 -6.685
37 2.4192114E+07   8.5039 4.043 3.580 0.597713 0.361980 0.006777 0.006801 0.019829  3.580 -6.677
38 2.4321944E+07   8.4763 4.048 3.579 0.597713 0.361980 0.006777 0.006801 0.019829  3.579 -6.667
39 2.4451772E+07   8.4479 4.055 3.577 0.597713 0.361980 0.006777 0.006801 0.019829  3.577 -6.653
40 2.4591244E+07   8.4160 4.069 3.575 0.597713 0.361980 0.006777 0.006801 0.019829  3.575 -6.628
41 2.4655204E+07   8.4006 4.080 3.573 0.597713 0.361980 0.006777 0.006801 0.019829  3.573 -6.608
42 2.4721272E+07   8.3837 4.104 3.571 0.597713 0.361980 0.006777 0.006801 0.019829  3.571 -6.571
43 2.4761600E+07   8.3721 4.165 3.564 0.597713 0.361980 0.006777 0.006801 0.019829  3.564 -6.482
44 2.4881514E+07   8.3163 4.432 3.545 0.597583 0.362092 0.006657 0.006950 0.019819  3.545 -6.184
45 2.4884244E+07   8.3145 4.435 3.545 0.597523 0.362152 0.006650 0.006963 0.019814  3.545 -6.181
46 2.4885454E+07   8.3137 4.434 3.545 0.597477 0.362197 0.006646 0.006970 0.019810  3.545 -6.182
47 2.4886636E+07   8.3130 4.430 3.545 0.597408 0.362267 0.006642 0.006980 0.019805  3.545 -6.187
48 2.4889248E+07   8.3112 4.460 3.543 0.595622 0.364056 0.006611 0.007081 0.019733  3.543 -6.160
49 2.4889248E+07   8.3112 4.460 3.543 0.595622 0.364056 0.006611 0.007081 0.019733  3.543 -6.160
50 2.4889248E+07   8.3112 4.460 3.543 0.595622 0.364056 0.006611 0.007081 0.019733  3.543 -6.160
51 2.4889248E+07   8.3112 4.460 3.543 0.595622 0.364056 0.006611 0.007081 0.019733  3.543 -6.160

    7.00 WR

 1 6.9998669E+05   7.0000 3.290 4.309 0.620000 0.340000 0.009730 0.002474 0.021073  4.309-10.962
 2 6.3998785E+06   6.9999 3.324 4.303 0.620000 0.340000 0.009730 0.002474 0.021073  4.303-10.830
 3 1.2141769E+07   6.9998 3.365 4.297 0.620000 0.340000 0.009730 0.002474 0.021073  4.297-10.678
 4 1.7062426E+07   6.9997 3.405 4.290 0.620000 0.340000 0.009730 0.002474 0.021073  4.290-10.537
 5 2.1374380E+07   6.9995 3.444 4.282 0.620000 0.340000 0.009730 0.002474 0.021073  4.282-10.402
 6 2.6027352E+07   6.9993 3.491 4.270 0.620000 0.340000 0.009730 0.002474 0.021073  4.270-10.241
 7 2.9950508E+07   6.9991 3.537 4.254 0.620000 0.340000 0.009730 0.002474 0.021073  4.254-10.088
 8 3.2371840E+07   6.9988 3.569 4.240 0.620000 0.340000 0.009730 0.002474 0.021073  4.240 -9.980
 9 3.4377672E+07   6.9986 3.597 4.225 0.620000 0.340000 0.009730 0.002474 0.021073  4.225 -9.882
10 3.5632104E+07   6.9984 3.618 4.215 0.620000 0.340000 0.009730 0.002474 0.021073  4.215 -9.811
11 3.6394648E+07   6.9983 3.634 4.212 0.620000 0.340000 0.009730 0.002474 0.021073  4.212 -9.755
12 3.7081656E+07   6.9982 3.674 4.237 0.620000 0.340000 0.009730 0.002474 0.021073  4.237 -9.639
13 3.7159844E+07   6.9981 3.719 4.267 0.620000 0.340000 0.009730 0.002474 0.021073  4.267 -9.493
14 3.7169624E+07   6.9981 3.677 4.244 0.620000 0.340000 0.009730 0.002474 0.021073  4.244 -9.632
15 3.7204272E+07   6.9981 3.743 4.162 0.620000 0.340000 0.009730 0.002474 0.021073  4.162 -9.363
16 3.7241872E+07   6.9981 3.732 4.060 0.620000 0.340000 0.009730 0.002474 0.021073  4.060 -9.203
17 3.7265464E+07   6.9981 3.682 3.959 0.620000 0.340000 0.009730 0.002474 0.021073  3.959 -9.040
18 3.7280208E+07   6.9981 3.611 3.855 0.620000 0.340000 0.009730 0.002474 0.021073  3.855 -8.819
19 3.7288848E+07   6.9980 3.536 3.758 0.620000 0.340000 0.009730 0.002474 0.021073  3.758 -8.524
20 3.7300036E+07   6.9980 3.342 3.637 0.620000 0.340000 0.009730 0.002474 0.021073  3.637 -8.151
21 3.7426048E+07   6.9805 3.946 3.569 0.599009 0.360658 0.006756 0.006723 0.019954  3.569 -6.755
22 3.7769528E+07   6.9280 3.857 3.575 0.599009 0.360658 0.006756 0.006723 0.019954  3.575 -6.902
23 3.8027736E+07   6.9026 3.736 3.583 0.599009 0.360658 0.006756 0.006723 0.019954  3.583 -7.116
24 3.8271776E+07   6.8878 3.656 3.595 0.599009 0.360658 0.006756 0.006723 0.019954  3.595 -7.310
25 3.8515816E+07   6.8773 3.615 3.600 0.599009 0.360658 0.006756 0.006723 0.019954  3.600 -7.405
26 3.8716276E+07   6.8698 3.599 3.603 0.599009 0.360658 0.006756 0.006723 0.019954  3.603 -7.450
27 3.8925452E+07   6.8627 3.596 3.605 0.599009 0.360658 0.006756 0.006723 0.019954  3.605 -7.474
28 3.9167924E+07   6.8546 3.605 3.608 0.599009 0.360658 0.006756 0.006723 0.019954  3.608 -7.477
29 3.9351424E+07   6.8484 3.608 3.608 0.599009 0.360658 0.006756 0.006723 0.019954  3.608 -7.469
30 3.9541088E+07   6.8419 3.612 3.607 0.599009 0.360658 0.006756 0.006723 0.019954  3.607 -7.458
31 3.9743772E+07   6.8347 3.616 3.606 0.599009 0.360658 0.006756 0.006723 0.019954  3.606 -7.449
32 4.0005112E+07   6.8253 3.622 3.606 0.599009 0.360658 0.006756 0.006723 0.019954  3.606 -7.437
33 4.0217448E+07   6.8174 3.626 3.606 0.599009 0.360658 0.006756 0.006723 0.019954  3.606 -7.427
34 4.0495120E+07   6.8069 3.631 3.606 0.599009 0.360658 0.006756 0.006723 0.019954  3.606 -7.417
35 4.0707460E+07   6.7986 3.635 3.605 0.599009 0.360658 0.006756 0.006723 0.019954  3.605 -7.405
36 4.1017800E+07   6.7862 3.641 3.603 0.599009 0.360658 0.006756 0.006723 0.019954  3.603 -7.389
37 4.1246472E+07   6.7767 3.645 3.602 0.599009 0.360658 0.006756 0.006723 0.019954  3.602 -7.374
38 4.1475144E+07   6.7668 3.651 3.600 0.599009 0.360658 0.006756 0.006723 0.019954  3.600 -7.352
39 4.1725948E+07   6.7551 3.666 3.598 0.599009 0.360658 0.006756 0.006723 0.019954  3.598 -7.311
40 4.1841764E+07   6.7492 3.679 3.595 0.599009 0.360658 0.006756 0.006723 0.019954  3.595 -7.276
41 4.1955952E+07   6.7426 3.705 3.589 0.599009 0.360658 0.006756 0.006723 0.019954  3.589 -7.197
42 4.2020052E+07   6.7381 3.751 3.583 0.599009 0.360658 0.006756 0.006723 0.019954  3.583 -7.091
43 4.2034944E+07   6.7368 3.784 3.580 0.599009 0.360658 0.006756 0.006723 0.019954  3.580 -7.028
44 4.2057108E+07   6.7349 3.743 3.584 0.599009 0.360658 0.006756 0.006723 0.019954  3.584 -7.106
45 4.2058600E+07   6.7347 3.741 3.584 0.599009 0.360658 0.006756 0.006723 0.019954  3.584 -7.112
46 4.2115428E+07   6.7301 3.793 3.579 0.599009 0.360658 0.006756 0.006723 0.019954  3.579 -7.010
47 4.2157496E+07   6.7253 3.860 3.575 0.599009 0.360658 0.006756 0.006723 0.019954  3.575 -6.895
48 4.2203384E+07   6.7187 3.919 3.571 0.599009 0.360658 0.006756 0.006723 0.019954  3.571 -6.798
49 4.2257648E+07   6.7088 3.987 3.565 0.599009 0.360658 0.006756 0.006723 0.019954  3.565 -6.685
50 4.2299296E+07   6.6990 4.050 3.558 0.599005 0.360659 0.006735 0.006742 0.019954  3.558 -6.586
51 4.2336312E+07   6.6882 4.119 3.553 0.598978 0.360677 0.006676 0.006815 0.019953  3.553 -6.494

    5.00 WR

 1 9.3623219E+05   5.0000 2.755 4.216 0.620000 0.340000 0.009730 0.002474 0.021073  4.216-13.062
 2 1.4318410E+07   5.0000 2.791 4.210 0.620000 0.340000 0.009730 0.002474 0.021073  4.210-12.884
 3 2.7195256E+07   5.0000 2.829 4.203 0.620000 0.340000 0.009730 0.002474 0.021073  4.203-12.699
 4 3.8043712E+07   5.0000 2.866 4.195 0.620000 0.340000 0.009730 0.002474 0.021073  4.195-12.523
 5 4.7138576E+07   5.0000 2.900 4.186 0.620000 0.340000 0.009730 0.002474 0.021073  4.186-12.359
 6 5.7675744E+07   5.0000 2.943 4.173 0.620000 0.340000 0.009730 0.002474 0.021073  4.173-12.150
 7 6.6072760E+07   5.0000 2.981 4.156 0.620000 0.340000 0.009730 0.002474 0.021073  4.156-11.956
 8 7.1450352E+07   5.0000 3.007 4.142 0.620000 0.340000 0.009730 0.002474 0.021073  4.142-11.815
 9 7.6212752E+07   5.0000 3.032 4.125 0.620000 0.340000 0.009730 0.002474 0.021073  4.125-11.675
10 7.8899440E+07   5.0000 3.048 4.116 0.620000 0.340000 0.009730 0.002474 0.021073  4.116-11.587
11 8.0593000E+07   5.0000 3.062 4.113 0.620000 0.340000 0.009730 0.002474 0.021073  4.113-11.526
12 8.2082016E+07   4.9999 3.107 4.138 0.620000 0.340000 0.009730 0.002474 0.021073  4.138-11.446
13 8.2283344E+07   4.9999 3.150 4.169 0.620000 0.340000 0.009730 0.002474 0.021073  4.169-11.370
14 8.2299632E+07   4.9999 3.117 4.151 0.620000 0.340000 0.009730 0.002474 0.021073  4.151-11.447
15 8.2383176E+07   4.9999 3.185 4.097 0.620000 0.340000 0.009730 0.002474 0.021073  4.097-11.055
16 8.2490968E+07   4.9999 3.187 4.040 0.620000 0.340000 0.009730 0.002474 0.021073  4.040-10.853
17 8.2616000E+07   4.9999 3.140 3.941 0.620000 0.340000 0.009730 0.002474 0.021073  3.941-10.552
18 8.2697992E+07   4.9999 3.026 3.806 0.620000 0.340000 0.009730 0.002474 0.021073  3.806-10.034
19 8.2732504E+07   4.9999 2.916 3.709 0.620000 0.340000 0.009730 0.002474 0.021073  3.709 -9.485
20 8.2763976E+07   4.9999 2.802 3.665 0.620000 0.340000 0.009730 0.002474 0.021073  3.665 -9.235
21 8.2775416E+07   4.9999 2.833 3.652 0.619998 0.340000 0.009730 0.002474 0.021073  3.652 -9.066
22 8.2811176E+07   4.9998 3.057 3.622 0.619881 0.340042 0.009277 0.002737 0.021073  3.622 -8.485
23 8.3078536E+07   4.9958 3.446 3.590 0.600375 0.359255 0.006758 0.006587 0.020106  3.590 -7.605
24 8.4088536E+07   4.9779 3.270 3.603 0.600375 0.359255 0.006758 0.006587 0.020106  3.603 -7.988
25 8.5356800E+07   4.9719 3.033 3.630 0.600375 0.359255 0.006758 0.006587 0.020106  3.630 -8.590
26 8.6481408E+07   4.9696 3.000 3.642 0.600375 0.359255 0.006758 0.006587 0.020106  3.642 -8.750
27 8.7026960E+07   4.9686 3.006 3.643 0.600375 0.359255 0.006758 0.006587 0.020106  3.643 -8.752
28 8.7604592E+07   4.9675 3.011 3.641 0.600375 0.359255 0.006758 0.006587 0.020106  3.641 -8.733
29 8.8093360E+07   4.9666 3.016 3.641 0.600375 0.359255 0.006758 0.006587 0.020106  3.641 -8.724
30 8.8591016E+07   4.9657 3.021 3.641 0.600375 0.359255 0.006758 0.006587 0.020106  3.641 -8.715
31 8.9319720E+07   4.9642 3.029 3.641 0.600375 0.359255 0.006758 0.006587 0.020106  3.641 -8.699
32 8.9887936E+07   4.9631 3.034 3.640 0.600375 0.359255 0.006758 0.006587 0.020106  3.640 -8.687
33 9.0656888E+07   4.9615 3.042 3.640 0.600375 0.359255 0.006758 0.006587 0.020106  3.640 -8.669
34 9.1232632E+07   4.9602 3.048 3.639 0.600375 0.359255 0.006758 0.006587 0.020106  3.639 -8.656
35 9.3096912E+07   4.9559 3.065 3.637 0.600375 0.359255 0.006758 0.006587 0.020106  3.637 -8.613
36 9.3556920E+07   4.9547 3.069 3.636 0.600375 0.359255 0.006758 0.006587 0.020106  3.636 -8.598
37 9.4066528E+07   4.9534 3.074 3.635 0.600375 0.359255 0.006758 0.006587 0.020106  3.635 -8.576
38 9.4613768E+07   4.9519 3.081 3.632 0.600375 0.359255 0.006758 0.006587 0.020106  3.632 -8.543
39 9.5291152E+07   4.9498 3.098 3.628 0.600375 0.359255 0.006758 0.006587 0.020106  3.628 -8.478
40 9.5542040E+07   4.9490 3.112 3.626 0.600375 0.359255 0.006758 0.006587 0.020106  3.626 -8.439
41 9.5833064E+07   4.9478 3.144 3.622 0.600375 0.359255 0.006758 0.006587 0.020106  3.622 -8.350
42 9.6005912E+07   4.9468 3.235 3.610 0.600375 0.359255 0.006758 0.006587 0.020106  3.610 -8.101
43 9.6020416E+07   4.9467 3.268 3.605 0.600375 0.359255 0.006758 0.006587 0.020106  3.605 -8.010
44 9.6378816E+07   4.9434 3.325 3.600 0.600375 0.359255 0.006758 0.006587 0.020106  3.600 -7.874
45 9.6534696E+07   4.9409 3.399 3.596 0.600375 0.359255 0.006758 0.006587 0.020106  3.596 -7.725
46 9.6671096E+07   4.9376 3.478 3.588 0.600375 0.359255 0.006758 0.006587 0.020106  3.588 -7.534
47 9.6768520E+07   4.9340 3.549 3.580 0.600375 0.359255 0.006758 0.006587 0.020106  3.580 -7.365
48 9.6846464E+07   4.9300 3.615 3.576 0.600374 0.359255 0.006750 0.006593 0.020106  3.576 -7.240
49 9.6936096E+07   4.9236 3.702 3.570 0.600365 0.359258 0.006710 0.006640 0.020106  3.570 -7.079
50 9.7001568E+07   4.9169 3.776 3.562 0.600327 0.359292 0.006681 0.006678 0.020103  3.562 -6.937
51 9.7076792E+07   4.9060 3.855 3.555 0.592859 0.365367 0.006595 0.006949 0.019914  3.555 -6.791

    4.00   

 1 2.9999430E+06   4.0000 2.390 4.149 0.620000 0.340000 0.009730 0.002474 0.021073
 2 2.3229558E+07   4.0000 2.418 4.144 0.620000 0.340000 0.009730 0.002474 0.021073
 3 4.5909128E+07   4.0000 2.453 4.136 0.620000 0.340000 0.009730 0.002474 0.021073
 4 6.4992364E+07   4.0000 2.487 4.128 0.620000 0.340000 0.009730 0.002474 0.021073
 5 8.1604496E+07   4.0000 2.519 4.118 0.620000 0.340000 0.009730 0.002474 0.021073
 6 1.0062973E+08   4.0000 2.559 4.103 0.620000 0.340000 0.009730 0.002474 0.021073
 7 1.1569579E+08   4.0000 2.592 4.086 0.620000 0.340000 0.009730 0.002474 0.021073
 8 1.2551026E+08   4.0000 2.615 4.071 0.620000 0.340000 0.009730 0.002474 0.021073
 9 1.3407364E+08   4.0000 2.635 4.054 0.620000 0.340000 0.009730 0.002474 0.021073
10 1.3887485E+08   4.0000 2.648 4.044 0.620000 0.340000 0.009730 0.002474 0.021073
11 1.4236845E+08   4.0000 2.664 4.041 0.620000 0.340000 0.009730 0.002474 0.021073
12 1.4515310E+08   4.0000 2.783 4.103 0.620000 0.340000 0.009730 0.002474 0.021073
13 1.4518158E+08   4.0000 2.746 4.094 0.620000 0.340000 0.009730 0.002474 0.021073
14 1.4520192E+08   4.0000 2.728 4.083 0.620000 0.340000 0.009730 0.002474 0.021073
15 1.4541685E+08   4.0000 2.793 4.025 0.620000 0.340000 0.009730 0.002474 0.021073
16 1.4572267E+08   4.0000 2.775 3.957 0.620000 0.340000 0.009730 0.002474 0.021073
17 1.4591805E+08   4.0000 2.726 3.888 0.620000 0.340000 0.009730 0.002474 0.021073
18 1.4603282E+08   4.0000 2.664 3.822 0.620000 0.340000 0.009730 0.002474 0.021073
19 1.4611264E+08   4.0000 2.588 3.755 0.620000 0.340000 0.009730 0.002474 0.021073
20 1.4625357E+08   4.0000 2.404 3.682 0.620000 0.340000 0.009730 0.002474 0.021073
21 1.4687446E+08   3.9984 3.103 3.604 0.600265 0.359328 0.006730 0.006518 0.020183
22 1.4717382E+08   3.9964 3.090 3.606 0.600262 0.359332 0.006730 0.006518 0.020183
23 1.4888869E+08   3.9894 2.820 3.632 0.600262 0.359332 0.006730 0.006518 0.020183
24 1.5032693E+08   3.9873 2.634 3.650 0.600262 0.359332 0.006730 0.006518 0.020183
25 1.5154466E+08   3.9862 2.583 3.658 0.600262 0.359332 0.006730 0.006518 0.020183
26 1.5282309E+08   3.9851 2.576 3.662 0.600262 0.359332 0.006730 0.006518 0.020183
27 1.5394811E+08   3.9842 2.584 3.661 0.600262 0.359332 0.006730 0.006518 0.020183
28 1.5503632E+08   3.9832 2.589 3.661 0.600262 0.359332 0.006730 0.006518 0.020183
29 1.5611328E+08   3.9823 2.594 3.661 0.600262 0.359332 0.006730 0.006518 0.020183
30 1.5723166E+08   3.9813 2.599 3.661 0.600262 0.359332 0.006730 0.006518 0.020183
31 1.5847430E+08   3.9802 2.606 3.660 0.600262 0.359332 0.006730 0.006518 0.020183
32 1.5972482E+08   3.9790 2.612 3.660 0.600262 0.359332 0.006730 0.006518 0.020183
33 1.6127853E+08   3.9776 2.620 3.660 0.600262 0.359332 0.006730 0.006518 0.020183
34 1.6279365E+08   3.9761 2.628 3.659 0.600262 0.359332 0.006730 0.006518 0.020183
35 1.6449874E+08   3.9743 2.638 3.659 0.600262 0.359332 0.006730 0.006518 0.020183
36 1.6636730E+08   3.9724 2.648 3.658 0.600262 0.359332 0.006730 0.006518 0.020183
37 1.6877898E+08   3.9697 2.661 3.657 0.600262 0.359332 0.006730 0.006518 0.020183
38 1.7020501E+08   3.9681 2.671 3.655 0.600262 0.359332 0.006730 0.006518 0.020183
39 1.7159174E+08   3.9664 2.682 3.653 0.600262 0.359332 0.006730 0.006518 0.020183
40 1.7470062E+08   3.9624 2.714 3.649 0.600262 0.359332 0.006730 0.006518 0.020183
41 1.7513787E+08   3.9618 2.732 3.646 0.600262 0.359332 0.006730 0.006518 0.020183
42 1.7563389E+08   3.9610 2.776 3.641 0.600262 0.359332 0.006730 0.006518 0.020183
43 1.7593539E+08   3.9603 2.909 3.624 0.600262 0.359332 0.006730 0.006518 0.020183
44 1.7691035E+08   3.9572 3.002 3.616 0.600262 0.359332 0.006730 0.006518 0.020183
45 1.7723053E+08   3.9555 3.102 3.605 0.600262 0.359332 0.006730 0.006518 0.020183
46 1.7749246E+08   3.9533 3.206 3.598 0.600262 0.359332 0.006730 0.006518 0.020183
47 1.7769621E+08   3.9508 3.311 3.588 0.600262 0.359332 0.006729 0.006518 0.020183
48 1.7787085E+08   3.9475 3.421 3.578 0.600256 0.359333 0.006701 0.006549 0.020183
49 1.7801638E+08   3.9434 3.525 3.571 0.600243 0.359342 0.006674 0.006581 0.020182
50 1.7813571E+08   3.9384 3.619 3.563 0.600168 0.359414 0.006655 0.006609 0.020177
51 1.7824981E+08   3.9313 3.729 3.548 0.599510 0.360073 0.006638 0.006655 0.020148

    3.00   

 1 4.9999050E+06   3.0000 1.898 4.061 0.620000 0.340000 0.009730 0.002474 0.021073
 2 5.3809776E+07   3.0000 1.924 4.054 0.620000 0.340000 0.009730 0.002474 0.021073
 3 1.0050521E+08   3.0000 1.954 4.046 0.620000 0.340000 0.009730 0.002474 0.021073
 4 1.4300154E+08   3.0000 1.983 4.036 0.620000 0.340000 0.009730 0.002474 0.021073
 5 1.7969578E+08   3.0000 2.010 4.026 0.620000 0.340000 0.009730 0.002474 0.021073
 6 2.2120701E+08   3.0000 2.041 4.010 0.620000 0.340000 0.009730 0.002474 0.021073
 7 2.5639366E+08   3.0000 2.066 3.991 0.620000 0.340000 0.009730 0.002474 0.021073
 8 2.7931130E+08   3.0000 2.083 3.974 0.620000 0.340000 0.009730 0.002474 0.021073
 9 2.9905216E+08   3.0000 2.096 3.956 0.620000 0.340000 0.009730 0.002474 0.021073
10 3.1059514E+08   3.0000 2.105 3.945 0.620000 0.340000 0.009730 0.002474 0.021073
11 3.1834109E+08   3.0000 2.119 3.942 0.620000 0.340000 0.009730 0.002474 0.021073
12 3.2528256E+08   3.0000 2.261 4.009 0.620000 0.340000 0.009730 0.002474 0.021073
13 3.2536422E+08   3.0000 2.208 3.995 0.620000 0.340000 0.009730 0.002474 0.021073
14 3.2541632E+08   3.0000 2.207 3.984 0.620000 0.340000 0.009730 0.002474 0.021073
15 3.2582774E+08   3.0000 2.255 3.945 0.620000 0.340000 0.009730 0.002474 0.021073
16 3.2654973E+08   3.0000 2.243 3.898 0.620000 0.340000 0.009730 0.002474 0.021073
17 3.2713136E+08   3.0000 2.210 3.850 0.620000 0.340000 0.009730 0.002474 0.021073
18 3.2751238E+08   3.0000 2.164 3.802 0.620000 0.340000 0.009730 0.002474 0.021073
19 3.2781325E+08   3.0000 2.100 3.757 0.620000 0.340000 0.009730 0.002474 0.021073
20 3.2845501E+08   3.0000 1.884 3.701 0.619999 0.340000 0.009730 0.002474 0.021073
21 3.3070874E+08   2.9985 2.717 3.619 0.600329 0.359197 0.006704 0.006430 0.020299
22 3.3146086E+08   2.9971 2.624 3.626 0.600329 0.359197 0.006704 0.006430 0.020299
23 3.3577424E+08   2.9947 2.101 3.674 0.600329 0.359197 0.006704 0.006430 0.020299
24 3.3972259E+08   2.9940 2.054 3.679 0.600329 0.359197 0.006704 0.006430 0.020299
25 3.4339866E+08   2.9934 2.062 3.679 0.600329 0.359197 0.006704 0.006430 0.020299
26 3.4734704E+08   2.9927 2.069 3.679 0.600329 0.359197 0.006704 0.006430 0.020299
27 3.5075078E+08   2.9921 2.075 3.679 0.600329 0.359197 0.006704 0.006430 0.020299
28 3.5415456E+08   2.9915 2.082 3.679 0.600329 0.359197 0.006704 0.006430 0.020299
29 3.5728602E+08   2.9909 2.087 3.678 0.600329 0.359197 0.006704 0.006430 0.020299
30 3.6126022E+08   2.9902 2.095 3.678 0.600329 0.359197 0.006704 0.006430 0.020299
31 3.6412758E+08   2.9896 2.101 3.678 0.600329 0.359197 0.006704 0.006430 0.020299
32 3.6878336E+08   2.9887 2.110 3.678 0.600329 0.359197 0.006704 0.006430 0.020299
33 3.7375536E+08   2.9876 2.121 3.677 0.600329 0.359197 0.006704 0.006430 0.020299
34 3.7861818E+08   2.9866 2.132 3.677 0.600329 0.359197 0.006704 0.006430 0.020299
35 3.8754509E+08   2.9845 2.154 3.675 0.600329 0.359197 0.006704 0.006430 0.020299
36 3.9114976E+08   2.9837 2.164 3.675 0.600329 0.359197 0.006704 0.006430 0.020299
37 3.9764525E+08   2.9820 2.182 3.673 0.600329 0.359197 0.006704 0.006430 0.020299
38 4.0041658E+08   2.9812 2.193 3.672 0.600329 0.359197 0.006704 0.006430 0.020299
39 4.0401930E+08   2.9802 2.211 3.670 0.600329 0.359197 0.006704 0.006430 0.020299
40 4.1067430E+08   2.9781 2.253 3.665 0.600329 0.359197 0.006704 0.006430 0.020299
41 4.1198493E+08   2.9776 2.279 3.663 0.600329 0.359197 0.006704 0.006430 0.020299
42 4.1356838E+08   2.9770 2.335 3.658 0.600329 0.359197 0.006704 0.006430 0.020299
43 4.1426915E+08   2.9765 2.505 3.640 0.600329 0.359197 0.006704 0.006430 0.020299
44 4.1807658E+08   2.9727 2.630 3.629 0.600329 0.359197 0.006704 0.006430 0.020299
45 4.1901978E+08   2.9708 2.780 3.618 0.600329 0.359197 0.006704 0.006430 0.020299
46 4.1964858E+08   2.9684 2.921 3.604 0.600328 0.359197 0.006704 0.006430 0.020299
47 4.2012019E+08   2.9654 3.051 3.594 0.600328 0.359198 0.006702 0.006431 0.020299
48 4.2059181E+08   2.9604 3.194 3.580 0.600324 0.359199 0.006679 0.006455 0.020299
49 4.2106342E+08   2.9513 3.339 3.568 0.600316 0.359204 0.006662 0.006476 0.020299
50 4.2161363E+08   2.9324 3.489 3.551 0.600295 0.359224 0.006653 0.006489 0.020298
51 4.2224243E+08   2.8951 3.614 3.540 0.600273 0.359245 0.006649 0.006494 0.020296

    2.50   

 1 5.3998975E+06   2.5000 1.576 4.002 0.620000 0.340000 0.009730 0.002474 0.021073
 2 8.7029984E+07   2.5000 1.599 3.996 0.620000 0.340000 0.009730 0.002474 0.021073
 3 1.6517650E+08   2.5000 1.626 3.987 0.620000 0.340000 0.009730 0.002474 0.021073
 4 2.3066238E+08   2.5000 1.650 3.977 0.620000 0.340000 0.009730 0.002474 0.021073
 5 2.9227152E+08   2.5000 1.674 3.966 0.620000 0.340000 0.009730 0.002474 0.021073
 6 3.6360454E+08   2.5000 1.700 3.949 0.620000 0.340000 0.009730 0.002474 0.021073
 7 4.2373878E+08   2.5000 1.720 3.929 0.620000 0.340000 0.009730 0.002474 0.021073
 8 4.6410896E+08   2.5000 1.731 3.912 0.620000 0.340000 0.009730 0.002474 0.021073
 9 4.9769974E+08   2.5000 1.739 3.894 0.620000 0.340000 0.009730 0.002474 0.021073
10 5.1912378E+08   2.5000 1.746 3.883 0.620000 0.340000 0.009730 0.002474 0.021073
11 5.3237286E+08   2.5000 1.757 3.880 0.620000 0.340000 0.009730 0.002474 0.021073
12 5.4503533E+08   2.5000 1.914 3.949 0.620000 0.340000 0.009730 0.002474 0.021073
13 5.4524250E+08   2.5000 1.856 3.931 0.620000 0.340000 0.009730 0.002474 0.021073
14 5.4537594E+08   2.5000 1.874 3.920 0.620000 0.340000 0.009730 0.002474 0.021073
15 5.4595072E+08   2.5000 1.899 3.895 0.620000 0.340000 0.009730 0.002474 0.021073
16 5.4725222E+08   2.5000 1.891 3.860 0.620000 0.340000 0.009730 0.002474 0.021073
17 5.4849811E+08   2.5000 1.867 3.823 0.620000 0.340000 0.009730 0.002474 0.021073
18 5.4939795E+08   2.5000 1.832 3.790 0.620000 0.340000 0.009730 0.002474 0.021073
19 5.5043616E+08   2.5000 1.748 3.754 0.620000 0.340000 0.009730 0.002474 0.021073
20 5.5188973E+08   2.5000 1.546 3.713 0.619997 0.340000 0.009730 0.002474 0.021073
21 5.5787699E+08   2.4979 2.522 3.623 0.603883 0.355567 0.006716 0.006205 0.020519
22 5.5926483E+08   2.4969 2.263 3.645 0.603883 0.355567 0.006716 0.006205 0.020519
23 5.6825651E+08   2.4957 1.791 3.683 0.603883 0.355567 0.006716 0.006205 0.020519
24 5.7682982E+08   2.4950 1.799 3.682 0.603883 0.355567 0.006716 0.006205 0.020519
25 5.8445453E+08   2.4944 1.806 3.682 0.603883 0.355567 0.006716 0.006205 0.020519
26 5.9267027E+08   2.4937 1.815 3.682 0.603883 0.355567 0.006716 0.006205 0.020519
27 5.9975283E+08   2.4931 1.823 3.682 0.603883 0.355567 0.006716 0.006205 0.020519
28 6.0772211E+08   2.4924 1.832 3.682 0.603883 0.355567 0.006716 0.006205 0.020519
29 6.1437683E+08   2.4917 1.840 3.682 0.603883 0.355567 0.006716 0.006205 0.020519
30 6.2217901E+08   2.4910 1.850 3.681 0.603883 0.355567 0.006716 0.006205 0.020519
31 6.2791584E+08   2.4904 1.857 3.681 0.603883 0.355567 0.006716 0.006205 0.020519
32 6.3709485E+08   2.4895 1.868 3.681 0.603883 0.355567 0.006716 0.006205 0.020519
33 6.4687962E+08   2.4884 1.882 3.680 0.603883 0.355567 0.006716 0.006205 0.020519
34 6.6118592E+08   2.4868 1.903 3.680 0.603883 0.355567 0.006716 0.006205 0.020519
35 6.6975104E+08   2.4858 1.916 3.679 0.603883 0.355567 0.006716 0.006205 0.020519
36 6.7574662E+08   2.4850 1.927 3.678 0.603883 0.355567 0.006716 0.006205 0.020519
37 6.8516736E+08   2.4838 1.945 3.677 0.603883 0.355567 0.006716 0.006205 0.020519
38 6.9777011E+08   2.4819 1.972 3.675 0.603883 0.355567 0.006716 0.006205 0.020519
39 7.0094534E+08   2.4814 1.990 3.674 0.603883 0.355567 0.006716 0.006205 0.020519
40 7.0573728E+08   2.4805 2.027 3.670 0.603883 0.355567 0.006716 0.006205 0.020519
41 7.1614080E+08   2.4786 2.080 3.666 0.603883 0.355567 0.006716 0.006205 0.020519
42 7.1779149E+08   2.4781 2.147 3.660 0.603883 0.355567 0.006716 0.006205 0.020519
43 7.1875770E+08   2.4777 2.342 3.641 0.603883 0.355567 0.006716 0.006205 0.020519
44 7.2394822E+08   2.4740 2.432 3.635 0.603883 0.355567 0.006716 0.006205 0.020519
45 7.2552147E+08   2.4721 2.549 3.624 0.603883 0.355567 0.006716 0.006205 0.020519
46 7.2657030E+08   2.4702 2.655 3.615 0.603883 0.355567 0.006716 0.006205 0.020519
47 7.2729139E+08   2.4683 2.749 3.606 0.603883 0.355567 0.006716 0.006205 0.020519
48 7.2788134E+08   2.4660 2.856 3.598 0.603883 0.355567 0.006716 0.006205 0.020519
49 7.2837299E+08   2.4632 2.952 3.592 0.603883 0.355567 0.006716 0.006205 0.020519
50 7.2876627E+08   2.4599 3.062 3.580 0.603882 0.355567 0.006715 0.006205 0.020519
51 7.2894656E+08   2.4577 3.162 3.571 0.603882 0.355568 0.006712 0.006207 0.020519

    2.00   

 1 8.0798465E+06   2.0000 1.177 3.929 0.620000 0.340000 0.009730 0.002474 0.021073
 2 1.7103262E+08   2.0000 1.197 3.923 0.620000 0.340000 0.009730 0.002474 0.021073
 3 3.1868826E+08   2.0000 1.221 3.914 0.620000 0.340000 0.009730 0.002474 0.021073
 4 4.4743677E+08   2.0000 1.242 3.904 0.620000 0.340000 0.009730 0.002474 0.021073
 5 5.6390464E+08   2.0000 1.261 3.893 0.620000 0.340000 0.009730 0.002474 0.021073
 6 7.0027904E+08   2.0000 1.283 3.876 0.620000 0.340000 0.009730 0.002474 0.021073
 7 8.1687597E+08   2.0000 1.297 3.856 0.620000 0.340000 0.009730 0.002474 0.021073
 8 8.9319309E+08   2.0000 1.303 3.839 0.620000 0.340000 0.009730 0.002474 0.021073
 9 9.6161530E+08   2.0000 1.307 3.824 0.620000 0.340000 0.009730 0.002474 0.021073
10 1.0028265E+09   2.0000 1.311 3.815 0.620000 0.340000 0.009730 0.002474 0.021073
11 1.0317952E+09   2.0000 1.323 3.813 0.620000 0.340000 0.009730 0.002474 0.021073
12 1.0560924E+09   2.0000 1.488 3.874 0.620000 0.340000 0.009730 0.002474 0.021073
13 1.0566340E+09   2.0000 1.442 3.852 0.620000 0.340000 0.009730 0.002474 0.021073
14 1.0569418E+09   2.0000 1.460 3.844 0.620000 0.340000 0.009730 0.002474 0.021073
15 1.0581925E+09   2.0000 1.472 3.826 0.620000 0.340000 0.009730 0.002474 0.021073
16 1.0608862E+09   2.0000 1.466 3.806 0.620000 0.340000 0.009730 0.002474 0.021073
17 1.0654881E+09   2.0000 1.440 3.783 0.620000 0.340000 0.009730 0.002474 0.021073
18 1.0691921E+09   2.0000 1.388 3.762 0.620000 0.340000 0.009730 0.002474 0.021073
19 1.0719297E+09   2.0000 1.301 3.742 0.620000 0.340000 0.009730 0.002474 0.021073
20 1.0754753E+09   2.0000 1.177 3.718 0.619977 0.340000 0.009730 0.002474 0.021073
21 1.0778100E+09   2.0000 1.228 3.704 0.619568 0.340177 0.009693 0.002478 0.021073
22 1.0789147E+09   2.0000 1.283 3.697 0.618976 0.340690 0.009241 0.002760 0.021073
23 1.0800193E+09   2.0000 1.350 3.692 0.617960 0.341547 0.008167 0.004010 0.021073
24 1.0809030E+09   2.0000 1.410 3.689 0.617270 0.342172 0.007706 0.004575 0.021072
25 1.0817868E+09   2.0000 1.470 3.685 0.616596 0.342801 0.007391 0.004961 0.021072
26 1.0826703E+09   1.9999 1.533 3.681 0.616020 0.343349 0.007189 0.005209 0.021070
27 1.0835540E+09   1.9999 1.596 3.677 0.614536 0.344814 0.007054 0.005392 0.021020
28 1.0842170E+09   1.9998 1.642 3.674 0.613135 0.346209 0.006983 0.005505 0.020968
29 1.0851005E+09   1.9998 1.703 3.670 0.611051 0.348288 0.006906 0.005646 0.020893
30 1.0859843E+09   1.9997 1.765 3.666 0.609572 0.349764 0.006861 0.005737 0.020842
31 1.0868678E+09   1.9996 1.829 3.662 0.608161 0.351175 0.006823 0.005818 0.020794
32 1.0877297E+09   1.9995 1.890 3.657 0.607147 0.352189 0.006797 0.005874 0.020760
33 1.0884763E+09   1.9993 1.944 3.653 0.606550 0.352786 0.006783 0.005906 0.020741
34 1.0895964E+09   1.9991 2.024 3.647 0.606397 0.352939 0.006779 0.005914 0.020736
35 1.0903430E+09   1.9988 2.072 3.643 0.606395 0.352940 0.006779 0.005914 0.020736
36 1.0912765E+09   1.9985 2.137 3.639 0.606395 0.352940 0.006779 0.005914 0.020736
37 1.0918365E+09   1.9983 2.189 3.636 0.606395 0.352940 0.006779 0.005914 0.020736
38 1.0927699E+09   1.9977 2.243 3.631 0.606395 0.352940 0.006779 0.005914 0.020736
39 1.0991841E+09   1.9947 2.305 3.625 0.606395 0.352940 0.006779 0.005914 0.020736
40 1.1000608E+09   1.9939 2.366 3.621 0.606395 0.352940 0.006779 0.005914 0.020736
41 1.1008599E+09   1.9931 2.424 3.617 0.606395 0.352940 0.006779 0.005914 0.020736
42 1.1016567E+09   1.9920 2.487 3.612 0.606395 0.352940 0.006779 0.005914 0.020736
43 1.1023764E+09   1.9908 2.545 3.608 0.606395 0.352940 0.006779 0.005914 0.020736
44 1.1030452E+09   1.9894 2.605 3.603 0.606395 0.352940 0.006779 0.005914 0.020736
45 1.1036925E+09   1.9876 2.664 3.597 0.606395 0.352940 0.006779 0.005914 0.020736
46 1.1043016E+09   1.9856 2.725 3.594 0.606395 0.352940 0.006779 0.005914 0.020736
47 1.1048580E+09   1.9832 2.785 3.590 0.606395 0.352940 0.006779 0.005914 0.020736
48 1.1054095E+09   1.9803 2.845 3.584 0.606395 0.352940 0.006779 0.005914 0.020736
49 1.1059131E+09   1.9769 2.905 3.576 0.606395 0.352940 0.006779 0.005914 0.020736
50 1.1063807E+09   1.9728 2.966 3.570 0.606395 0.352940 0.006779 0.005914 0.020736
51 1.1067910E+09   1.9683 3.025 3.565 0.606395 0.352940 0.006779 0.005914 0.020736

    1.70   

 1 1.3679740E+07   1.7000 0.881 3.872 0.620000 0.340000 0.009730 0.002474 0.021073
 2 2.7554931E+08   1.7000 0.898 3.868 0.620000 0.340000 0.009730 0.002474 0.021073
 3 5.1945274E+08   1.7000 0.922 3.861 0.620000 0.340000 0.009730 0.002474 0.021073
 4 7.3625574E+08   1.7000 0.943 3.853 0.620000 0.340000 0.009730 0.002474 0.021073
 5 9.2848774E+08   1.7000 0.961 3.843 0.620000 0.340000 0.009730 0.002474 0.021073
 6 1.1563423E+09   1.7000 0.979 3.829 0.620000 0.340000 0.009730 0.002474 0.021073
 7 1.3437494E+09   1.7000 0.991 3.816 0.620000 0.340000 0.009730 0.002474 0.021073
 8 1.4680890E+09   1.7000 0.994 3.806 0.620000 0.340000 0.009730 0.002474 0.021073
 9 1.5817226E+09   1.7000 0.996 3.796 0.620000 0.340000 0.009730 0.002474 0.021073
10 1.6517176E+09   1.7000 0.999 3.791 0.620000 0.340000 0.009730 0.002474 0.021073
11 1.6983809E+09   1.7000 1.011 3.790 0.620000 0.340000 0.009730 0.002474 0.021073
12 1.7378166E+09   1.7000 1.176 3.824 0.620000 0.340000 0.009730 0.002474 0.021073
13 1.7388550E+09   1.7000 1.141 3.810 0.620000 0.340000 0.009730 0.002474 0.021073
14 1.7406781E+09   1.7000 1.160 3.799 0.620000 0.340000 0.009730 0.002474 0.021073
15 1.7452483E+09   1.7000 1.160 3.790 0.620000 0.340000 0.009730 0.002474 0.021073
16 1.7571320E+09   1.7000 1.143 3.775 0.620000 0.340000 0.009730 0.002474 0.021073
17 1.7663779E+09   1.7000 1.108 3.761 0.620000 0.340000 0.009730 0.002474 0.021073
18 1.7725498E+09   1.7000 1.050 3.746 0.620000 0.340000 0.009730 0.002474 0.021073
19 1.7777727E+09   1.7000 0.973 3.732 0.620000 0.340000 0.009730 0.002474 0.021073
20 1.7833837E+09   1.7000 0.927 3.717 0.619903 0.340000 0.009730 0.002474 0.021073
21 1.7881591E+09   1.7000 0.975 3.703 0.619183 0.340424 0.009677 0.002481 0.021073
22 1.7910243E+09   1.7000 1.044 3.700 0.617938 0.341569 0.008984 0.003035 0.021073
23 1.7929821E+09   1.7000 1.095 3.697 0.616896 0.342517 0.008299 0.003856 0.021073
24 1.7957661E+09   1.7000 1.171 3.690 0.615140 0.344180 0.007600 0.004712 0.021072
25 1.7974996E+09   1.6999 1.219 3.688 0.614281 0.345009 0.007376 0.004985 0.021072
26 1.7998109E+09   1.6999 1.286 3.685 0.613570 0.345700 0.007227 0.005168 0.021071
27 1.8021221E+09   1.6998 1.349 3.681 0.612804 0.346450 0.007103 0.005321 0.021067
28 1.8044334E+09   1.6998 1.409 3.678 0.611801 0.347445 0.007036 0.005408 0.021042
29 1.8067447E+09   1.6997 1.469 3.674 0.610418 0.348820 0.006973 0.005499 0.021003
30 1.8090559E+09   1.6996 1.526 3.671 0.609521 0.349714 0.006941 0.005551 0.020977
31 1.8118872E+09   1.6994 1.593 3.666 0.608982 0.350252 0.006923 0.005580 0.020962
32 1.8148168E+09   1.6992 1.655 3.663 0.608887 0.350347 0.006920 0.005586 0.020959
33 1.8172580E+09   1.6990 1.724 3.659 0.608819 0.350415 0.006918 0.005589 0.020957
34 1.8187228E+09   1.6988 1.774 3.656 0.608689 0.350544 0.006914 0.005596 0.020953
35 1.8211642E+09   1.6985 1.834 3.650 0.608689 0.350544 0.006914 0.005596 0.020953
36 1.8240936E+09   1.6979 1.904 3.645 0.608689 0.350544 0.006914 0.005596 0.020953
37 1.8358383E+09   1.6958 1.960 3.642 0.608689 0.350544 0.006914 0.005596 0.020953
38 1.8376675E+09   1.6953 2.021 3.638 0.608689 0.350544 0.006914 0.005596 0.020953
39 1.8395789E+09   1.6946 2.083 3.633 0.608689 0.350544 0.006914 0.005596 0.020953
40 1.8412850E+09   1.6938 2.145 3.628 0.608689 0.350544 0.006914 0.005596 0.020953
41 1.8429418E+09   1.6928 2.211 3.623 0.608689 0.350544 0.006914 0.005596 0.020953
42 1.8443388E+09   1.6918 2.268 3.618 0.608689 0.350544 0.006914 0.005596 0.020953
43 1.8456100E+09   1.6906 2.328 3.614 0.608689 0.350544 0.006914 0.005596 0.020953
44 1.8468017E+09   1.6893 2.389 3.610 0.608689 0.350544 0.006914 0.005596 0.020953
45 1.8478908E+09   1.6877 2.452 3.605 0.608689 0.350544 0.006914 0.005596 0.020953
46 1.8488970E+09   1.6858 2.513 3.600 0.608689 0.350544 0.006914 0.005596 0.020953
47 1.8497548E+09   1.6838 2.574 3.595 0.608689 0.350544 0.006914 0.005596 0.020953
48 1.8505303E+09   1.6815 2.636 3.592 0.608689 0.350544 0.006914 0.005596 0.020953
49 1.8512579E+09   1.6788 2.697 3.587 0.608689 0.350544 0.006914 0.005596 0.020953
50 1.8519694E+09   1.6755 2.759 3.581 0.608689 0.350544 0.006914 0.005596 0.020953
51 1.8525901E+09   1.6717 2.820 3.572 0.608689 0.350544 0.006914 0.005596 0.020953

    1.50   

 1 6.4228780E+07   1.5000 0.640 3.835 0.620000 0.340000 0.009730 0.002474 0.021073
 2 4.1154352E+08   1.5000 0.662 3.833 0.620000 0.340000 0.009730 0.002474 0.021073
 3 7.7234739E+08   1.5000 0.688 3.829 0.620000 0.340000 0.009730 0.002474 0.021073
 4 1.0911777E+09   1.5000 0.710 3.824 0.620000 0.340000 0.009730 0.002474 0.021073
 5 1.3834289E+09   1.5000 0.728 3.818 0.620000 0.340000 0.009730 0.002474 0.021073
 6 1.7182513E+09   1.5000 0.746 3.809 0.620000 0.340000 0.009730 0.002474 0.021073
 7 2.0060280E+09   1.5000 0.756 3.798 0.620000 0.340000 0.009730 0.002474 0.021073
 8 2.1913825E+09   1.5000 0.759 3.791 0.620000 0.340000 0.009730 0.002474 0.021073
 9 2.3617807E+09   1.5000 0.760 3.783 0.620000 0.340000 0.009730 0.002474 0.021073
10 2.4601464E+09   1.5000 0.762 3.779 0.620000 0.340000 0.009730 0.002474 0.021073
11 2.5295201E+09   1.5000 0.774 3.778 0.620000 0.340000 0.009730 0.002474 0.021073
12 2.5889165E+09   1.5000 0.937 3.802 0.620000 0.340000 0.009730 0.002474 0.021073
13 2.5913869E+09   1.5000 0.919 3.791 0.620000 0.340000 0.009730 0.002474 0.021073
14 2.6033078E+09   1.5000 0.927 3.780 0.620000 0.340000 0.009730 0.002474 0.021073
15 2.6215941E+09   1.5000 0.925 3.774 0.620000 0.340000 0.009730 0.002474 0.021073
16 2.6444918E+09   1.5000 0.909 3.763 0.620000 0.340000 0.009730 0.002474 0.021073
17 2.6579835E+09   1.5000 0.875 3.751 0.620000 0.340000 0.009730 0.002474 0.021073
18 2.6665498E+09   1.5000 0.835 3.741 0.620000 0.340000 0.009730 0.002474 0.021073
19 2.6745677E+09   1.5000 0.785 3.730 0.620000 0.340000 0.009730 0.002474 0.021073
20 2.6847867E+09   1.5000 0.747 3.715 0.619877 0.340000 0.009730 0.002474 0.021073
21 2.6954445E+09   1.5000 0.802 3.703 0.618745 0.340721 0.009676 0.002481 0.021073
22 2.7025851E+09   1.5000 0.878 3.699 0.616857 0.342528 0.008977 0.003050 0.021073
23 2.7077010E+09   1.5000 0.936 3.696 0.615007 0.344280 0.008206 0.003978 0.021073
24 2.7144791E+09   1.5000 1.010 3.691 0.612861 0.346359 0.007661 0.004645 0.021072
25 2.7206692E+09   1.4999 1.077 3.687 0.611389 0.347800 0.007406 0.004956 0.021072
26 2.7284068E+09   1.4998 1.151 3.684 0.610445 0.348728 0.007275 0.005117 0.021071
27 2.7338230E+09   1.4997 1.208 3.681 0.609907 0.349259 0.007209 0.005198 0.021070
28 2.7423342E+09   1.4995 1.278 3.678 0.609573 0.349588 0.007171 0.005244 0.021070
29 2.7481375E+09   1.4994 1.342 3.674 0.609475 0.349686 0.007160 0.005258 0.021070
30 2.7554299E+09   1.4991 1.413 3.670 0.609273 0.349884 0.007138 0.005284 0.021070
31 2.7612588E+09   1.4989 1.493 3.665 0.609273 0.349884 0.007138 0.005284 0.021070
32 2.7656842E+09   1.4986 1.547 3.662 0.609273 0.349884 0.007138 0.005284 0.021070
33 2.7725274E+09   1.4981 1.616 3.659 0.609273 0.349884 0.007138 0.005284 0.021070
34 2.7814615E+09   1.4974 1.694 3.654 0.609273 0.349884 0.007138 0.005284 0.021070
35 2.7838989E+09   1.4971 1.752 3.649 0.609273 0.349884 0.007138 0.005284 0.021070
36 2.7872479E+09   1.4966 1.821 3.644 0.609273 0.349884 0.007138 0.005284 0.021070
37 2.7891569E+09   1.4962 1.888 3.640 0.609273 0.349884 0.007138 0.005284 0.021070
38 2.7904878E+09   1.4959 1.954 3.636 0.609273 0.349884 0.007138 0.005284 0.021070
39 2.7914757E+09   1.4957 2.023 3.630 0.609273 0.349884 0.007138 0.005284 0.021070
40 2.7921236E+09   1.4955 2.093 3.624 0.609273 0.349884 0.007138 0.005284 0.021070
41 2.7927432E+09   1.4952 2.167 3.619 0.609273 0.349884 0.007138 0.005284 0.021070
42 2.7930519E+09   1.4950 2.230 3.615 0.609273 0.349884 0.007138 0.005284 0.021070
43 2.7934282E+09   1.4947 2.295 3.611 0.609273 0.349884 0.007138 0.005284 0.021070
44 2.7939379E+09   1.4942 2.365 3.606 0.609273 0.349884 0.007138 0.005284 0.021070
45 2.7942408E+09   1.4938 2.434 3.600 0.609273 0.349884 0.007138 0.005284 0.021070
46 2.7945669E+09   1.4933 2.500 3.595 0.609273 0.349884 0.007138 0.005284 0.021070
47 2.7948191E+09   1.4928 2.567 3.591 0.609273 0.349884 0.007138 0.005284 0.021070
48 2.7951237E+09   1.4919 2.635 3.586 0.609273 0.349884 0.007138 0.005284 0.021070
49 2.7954217E+09   1.4908 2.706 3.579 0.609273 0.349884 0.007138 0.005284 0.021070
50 2.7955738E+09   1.4901 2.775 3.570 0.609273 0.349884 0.007138 0.005284 0.021070
51 2.7958095E+09   1.4888 2.839 3.564 0.609273 0.349884 0.007138 0.005284 0.021070

    1.25
    
 1 5.9109424E+07   1.2500 0.278 3.797 0.620000 0.340000 0.009730 0.002474 0.021073 
 2 7.0744723E+08   1.2500 0.307 3.797 0.620000 0.340000 0.009730 0.002474 0.021073 
 3 1.4596561E+09   1.2500 0.337 3.796 0.620000 0.340000 0.009730 0.002474 0.021073 
 4 2.2835379E+09   1.2500 0.366 3.794 0.620000 0.340000 0.009730 0.002474 0.021073 
 5 2.8455017E+09   1.2500 0.388 3.791 0.620000 0.340000 0.009730 0.002474 0.021073 
 6 3.4545994E+09   1.2500 0.410 3.786 0.620000 0.340000 0.009730 0.002474 0.021073 
 7 3.9806382E+09   1.2500 0.422 3.778 0.620000 0.340000 0.009730 0.002474 0.021073 
 8 4.3128730E+09   1.2500 0.427 3.773 0.620000 0.340000 0.009730 0.002474 0.021073 
 9 4.6153457E+09   1.2500 0.430 3.767 0.620000 0.340000 0.009730 0.002474 0.021073 
10 4.7983406E+09   1.2500 0.435 3.764 0.620000 0.340000 0.009730 0.002474 0.021073 
11 4.9164129E+09   1.2500 0.446 3.763 0.620000 0.340000 0.009730 0.002474 0.021073 
12 5.0292818E+09   1.2500 0.601 3.781 0.620000 0.340000 0.009730 0.002474 0.021073 
13 5.0364780E+09   1.2500 0.599 3.773 0.620000 0.340000 0.009730 0.002474 0.021073 
14 5.0701609E+09   1.2500 0.605 3.768 0.620000 0.340000 0.009730 0.002474 0.021073 
15 5.1342070E+09   1.2500 0.611 3.762 0.620000 0.340000 0.009730 0.002474 0.021073 
16 5.1645855E+09   1.2500 0.609 3.758 0.620000 0.340000 0.009730 0.002474 0.021073 
17 5.2164628E+09   1.2500 0.591 3.747 0.620000 0.340000 0.009730 0.002474 0.021073 
18 5.2452966E+09   1.2500 0.568 3.738 0.620000 0.340000 0.009730 0.002474 0.021073 
19 5.2700293E+09   1.2500 0.541 3.728 0.620000 0.340000 0.009730 0.002474 0.021073 
20 5.3040369E+09   1.2500 0.518 3.715 0.619905 0.340000 0.009730 0.002474 0.021073 
21 5.3102203E+09   1.2500 0.518 3.713 0.619836 0.340001 0.009730 0.002474 0.021073 
22 5.3296973E+09   1.2500 0.528 3.707 0.619484 0.340037 0.009729 0.002474 0.021073 
23 5.3446605E+09   1.2500 0.544 3.704 0.619117 0.340217 0.009728 0.002474 0.021073 
24 5.3558830E+09   1.2500 0.558 3.702 0.618798 0.340461 0.009725 0.002474 0.021073 
25 5.3648609E+09   1.2500 0.570 3.701 0.618485 0.340736 0.009720 0.002475 0.021073 
26 5.3747369E+09   1.2500 0.584 3.700 0.618078 0.341119 0.009708 0.002476 0.021073 
27 5.3855104E+09   1.2500 0.599 3.698 0.617590 0.341599 0.009683 0.002480 0.021073 
28 5.3962839E+09   1.2500 0.615 3.697 0.617136 0.342055 0.009646 0.002490 0.021073 
29 5.4070579E+09   1.2500 0.632 3.696 0.616545 0.342650 0.009576 0.002517 0.021073 
30 5.4140605E+09   1.2500 0.643 3.696 0.616148 0.343048 0.009515 0.002551 0.021073 
31 5.4221138E+09   1.2499 0.654 3.695 0.615812 0.343384 0.009454 0.002592 0.021073 
32 5.4289418E+09   1.2499 0.665 3.695 0.615440 0.343753 0.009378 0.002652 0.021073 
33 5.4380452E+09   1.2499 0.681 3.694 0.614728 0.344453 0.009214 0.002807 0.021073 
34 5.4448732E+09   1.2499 0.694 3.694 0.614280 0.344891 0.009103 0.002924 0.021073 
35 5.4517007E+09   1.2498 0.707 3.694 0.613678 0.345478 0.008951 0.003096 0.021073 
36 5.4585288E+09   1.2498 0.721 3.693 0.613237 0.345906 0.008843 0.003224 0.021073 
37 5.4653563E+09   1.2498 0.735 3.693 0.612752 0.346379 0.008728 0.003361 0.021073 
38 5.4721843E+09   1.2498 0.750 3.692 0.612071 0.347044 0.008579 0.003542 0.021073 
39 5.4790118E+09   1.2497 0.765 3.692 0.611649 0.347456 0.008493 0.003646 0.021073 
40 5.4840187E+09   1.2497 0.777 3.691 0.611254 0.347842 0.008418 0.003738 0.021073 
41 5.4892421E+09   1.2497 0.790 3.691 0.610944 0.348147 0.008362 0.003807 0.021073 
42 5.4941752E+09   1.2497 0.802 3.691 0.610399 0.348681 0.008269 0.003920 0.021073 
43 5.4991084E+09   1.2496 0.816 3.690 0.610054 0.349020 0.008213 0.003988 0.021073 
44 5.5056855E+09   1.2496 0.830 3.688 0.609657 0.349411 0.008153 0.004062 0.021073 
45 5.5097964E+09   1.2496 0.843 3.687 0.609316 0.349747 0.008103 0.004122 0.021073 
46 5.5147295E+09   1.2496 0.858 3.687 0.608926 0.350131 0.008049 0.004188 0.021073 
47 5.5194163E+09   1.2495 0.872 3.686 0.608657 0.350396 0.008013 0.004232 0.021073 
48 5.5231898E+09   1.2495 0.888 3.686 0.608239 0.350809 0.007960 0.004297 0.021073 
49 5.5273482E+09   1.2495 0.900 3.686 0.608095 0.350950 0.007942 0.004319 0.021073 
50 5.5315062E+09   1.2494 0.912 3.685 0.607938 0.351105 0.007923 0.004342 0.021073 
51 5.5338824E+09   1.2494 0.927 3.685 0.607550 0.351489 0.007877 0.004398 0.021073 

    1.00   

 1 4.4192176E+07   1.0000-0.213 3.740 0.620000 0.340000 0.009730 0.002474 0.021073
 2 9.0093574E+08   1.0000-0.165 3.748 0.620000 0.340000 0.009730 0.002474 0.021073
 3 1.7457219E+09   1.0000-0.142 3.750 0.620000 0.340000 0.009730 0.002474 0.021073
 4 2.5613775E+09   1.0000-0.119 3.751 0.620000 0.340000 0.009730 0.002474 0.021073
 5 3.3184806E+09   1.0000-0.097 3.753 0.620000 0.340000 0.009730 0.002474 0.021073
 6 4.2623109E+09   1.0000-0.068 3.755 0.620000 0.340000 0.009730 0.002474 0.021073
 7 5.1117578E+09   1.0000-0.042 3.756 0.620000 0.340000 0.009730 0.002474 0.021073
 8 5.6813594E+09   1.0000-0.025 3.756 0.620000 0.340000 0.009730 0.002474 0.021073
 9 6.2356234E+09   1.0000-0.008 3.756 0.620000 0.340000 0.009730 0.002474 0.021073
10 6.5987620E+09   1.0000 0.004 3.756 0.620000 0.340000 0.009730 0.002474 0.021073
11 6.9557847E+09   1.0000 0.016 3.756 0.620000 0.340000 0.009730 0.002474 0.021073
12 7.4073334E+09   1.0000 0.034 3.756 0.620000 0.340000 0.009730 0.002474 0.021073
13 9.5149240E+09   1.0000 0.148 3.756 0.620000 0.340000 0.009730 0.002474 0.021073
14 1.0116606E+10   1.0000 0.190 3.753 0.620000 0.340000 0.009730 0.002474 0.021073
15 1.0311301E+10   1.0000 0.205 3.751 0.620000 0.340000 0.009730 0.002474 0.021073
16 1.0956225E+10   1.0000 0.257 3.741 0.620000 0.340000 0.009730 0.002474 0.021073
17 1.1230014E+10   1.0000 0.273 3.730 0.620000 0.340000 0.009730 0.002474 0.021073
18 1.1339530E+10   1.0000 0.275 3.720 0.620000 0.340000 0.009730 0.002474 0.021073
19 1.1449045E+10   1.0000 0.285 3.708 0.620000 0.340000 0.009730 0.002474 0.021073
20 1.1503803E+10   1.0000 0.306 3.702 0.619644 0.340006 0.009730 0.002474 0.021073
21 1.1613318E+10   1.0000 0.402 3.693 0.617187 0.341748 0.009723 0.002475 0.021073
22 1.1680397E+10   0.9999 0.486 3.689 0.614003 0.344945 0.009639 0.002496 0.021073
23 1.1738303E+10   0.9998 0.568 3.685 0.610322 0.348624 0.009299 0.002761 0.021073
24 1.1788201E+10   0.9996 0.655 3.684 0.606683 0.352221 0.008836 0.003297 0.021073
25 1.1832554E+10   0.9994 0.740 3.680 0.604456 0.354425 0.008599 0.003587 0.021073
26 1.1869701E+10   0.9992 0.827 3.677 0.602721 0.356145 0.008442 0.003779 0.021073
27 1.1899744E+10   0.9989 0.912 3.675 0.601698 0.357160 0.008359 0.003880 0.021073
28 1.1925782E+10   0.9986 0.997 3.672 0.601112 0.357742 0.008314 0.003936 0.021073
29 1.1947917E+10   0.9983 1.083 3.668 0.600930 0.357923 0.008300 0.003952 0.021073
30 1.1966729E+10   0.9979 1.169 3.664 0.600928 0.357926 0.008300 0.003952 0.021073
31 1.1982723E+10   0.9974 1.256 3.660 0.600928 0.357926 0.008300 0.003952 0.021073
32 1.1996698E+10   0.9968 1.343 3.655 0.600928 0.357926 0.008300 0.003952 0.021073
33 1.2010195E+10   0.9961 1.428 3.649 0.600928 0.357926 0.008300 0.003952 0.021073
34 1.2035650E+10   0.9943 1.514 3.644 0.600928 0.357926 0.008300 0.003952 0.021073
35 1.2044434E+10   0.9933 1.603 3.639 0.600928 0.357926 0.008300 0.003952 0.021073
36 1.2051711E+10   0.9922 1.688 3.633 0.600928 0.357926 0.008300 0.003952 0.021073
37 1.2058042E+10   0.9909 1.775 3.626 0.600928 0.357926 0.008300 0.003952 0.021073
38 1.2063303E+10   0.9894 1.861 3.621 0.600928 0.357926 0.008300 0.003952 0.021073
39 1.2067647E+10   0.9877 1.946 3.615 0.600928 0.357926 0.008300 0.003952 0.021073
40 1.2071497E+10   0.9856 2.033 3.609 0.600928 0.357926 0.008300 0.003952 0.021073
41 1.2074763E+10   0.9830 2.120 3.602 0.600928 0.357926 0.008300 0.003952 0.021073
42 1.2077511E+10   0.9801 2.206 3.596 0.600928 0.357926 0.008300 0.003952 0.021073
43 1.2079830E+10   0.9767 2.292 3.589 0.600928 0.357926 0.008300 0.003952 0.021073
44 1.2081857E+10   0.9725 2.378 3.582 0.600928 0.357926 0.008300 0.003952 0.021073
45 1.2083604E+10   0.9674 2.464 3.574 0.600928 0.357926 0.008300 0.003952 0.021073
46 1.2085108E+10   0.9613 2.551 3.567 0.600928 0.357926 0.008300 0.003952 0.021073
47 1.2086374E+10   0.9541 2.637 3.559 0.600928 0.357926 0.008300 0.003952 0.021073
48 1.2087502E+10   0.9450 2.723 3.553 0.600928 0.357926 0.008300 0.003952 0.021073
49 1.2088491E+10   0.9339 2.810 3.545 0.600928 0.357926 0.008300 0.003952 0.021073
50 1.2089367E+10   0.9198 2.896 3.536 0.600928 0.357926 0.008300 0.003952 0.021073
51 1.2090135E+10   0.9022 2.982 3.527 0.600928 0.357926 0.008300 0.003952 0.021073

    0.90   

 1 4.6889108E+07   0.9000-0.423 3.713 0.620000 0.340000 0.009730 0.002474 0.021073
 2 1.3655858E+09   0.9000-0.384 3.719 0.620000 0.340000 0.009730 0.002474 0.021073
 3 2.6902303E+09   0.9000-0.359 3.722 0.620000 0.340000 0.009730 0.002474 0.021073
 4 4.0148749E+09   0.9000-0.332 3.725 0.620000 0.340000 0.009730 0.002474 0.021073
 5 5.2874798E+09   0.9000-0.305 3.728 0.620000 0.340000 0.009730 0.002474 0.021073
 6 6.9054387E+09   0.9000-0.268 3.731 0.620000 0.340000 0.009730 0.002474 0.021073
 7 8.3999217E+09   0.9000-0.231 3.734 0.620000 0.340000 0.009730 0.002474 0.021073
 8 9.5112038E+09   0.9000-0.202 3.736 0.620000 0.340000 0.009730 0.002474 0.021073
 9 1.0487216E+10   0.9000-0.175 3.738 0.620000 0.340000 0.009730 0.002474 0.021073
10 1.1170080E+10   0.9000-0.156 3.738 0.620000 0.340000 0.009730 0.002474 0.021073
11 1.1753618E+10   0.9000-0.139 3.739 0.620000 0.340000 0.009730 0.002474 0.021073
12 1.2905627E+10   0.9000-0.098 3.741 0.620000 0.340000 0.009730 0.002474 0.021073
13 1.5006477E+10   0.9000 0.001 3.740 0.620000 0.340000 0.009730 0.002474 0.021073
14 1.5786524E+10   0.9000 0.048 3.737 0.620000 0.340000 0.009730 0.002474 0.021073
15 1.6183980E+10   0.9000 0.075 3.734 0.620000 0.340000 0.009730 0.002474 0.021073
16 1.6555999E+10   0.9000 0.102 3.729 0.620000 0.340000 0.009730 0.002474 0.021073
17 1.6881595E+10   0.9000 0.128 3.721 0.620000 0.340000 0.009730 0.002474 0.021073
18 1.7041850E+10   0.9000 0.142 3.713 0.620000 0.340000 0.009730 0.002474 0.021073
19 1.7144057E+10   0.9000 0.155 3.706 0.620000 0.340000 0.009730 0.002474 0.021073
20 1.7229562E+10   0.9000 0.175 3.699 0.619971 0.340000 0.009730 0.002474 0.021073
21 1.7290635E+10   0.8999 0.201 3.695 0.619402 0.340035 0.009730 0.002474 0.021073
22 1.7290635E+10   0.8999 0.201 3.695 0.619402 0.340035 0.009730 0.002474 0.021073
23 1.7290635E+10   0.8999 0.201 3.695 0.619402 0.340035 0.009730 0.002474 0.021073
24 1.7290635E+10   0.8999 0.201 3.695 0.619402 0.340035 0.009730 0.002474 0.021073
25 1.7290635E+10   0.8999 0.201 3.695 0.619402 0.340035 0.009730 0.002474 0.021073
26 1.7290635E+10   0.8999 0.201 3.695 0.619402 0.340035 0.009730 0.002474 0.021073
27 1.7290635E+10   0.8999 0.201 3.695 0.619402 0.340035 0.009730 0.002474 0.021073
28 1.7290635E+10   0.8999 0.201 3.695 0.619402 0.340035 0.009730 0.002474 0.021073
29 1.7290635E+10   0.8999 0.201 3.695 0.619402 0.340035 0.009730 0.002474 0.021073
30 1.7290635E+10   0.8999 0.201 3.695 0.619402 0.340035 0.009730 0.002474 0.021073
31 1.7290635E+10   0.8999 0.201 3.695 0.619402 0.340035 0.009730 0.002474 0.021073
32 1.7290635E+10   0.8999 0.201 3.695 0.619402 0.340035 0.009730 0.002474 0.021073
33 1.7290635E+10   0.8999 0.201 3.695 0.619402 0.340035 0.009730 0.002474 0.021073
34 1.7290635E+10   0.8999 0.201 3.695 0.619402 0.340035 0.009730 0.002474 0.021073
35 1.7290635E+10   0.8999 0.201 3.695 0.619402 0.340035 0.009730 0.002474 0.021073
36 1.7290635E+10   0.8999 0.201 3.695 0.619402 0.340035 0.009730 0.002474 0.021073
37 1.7290635E+10   0.8999 0.201 3.695 0.619402 0.340035 0.009730 0.002474 0.021073
38 1.7290635E+10   0.8999 0.201 3.695 0.619402 0.340035 0.009730 0.002474 0.021073
39 1.7290635E+10   0.8999 0.201 3.695 0.619402 0.340035 0.009730 0.002474 0.021073
40 1.7290635E+10   0.8999 0.201 3.695 0.619402 0.340035 0.009730 0.002474 0.021073
41 1.7290635E+10   0.8999 0.201 3.695 0.619402 0.340035 0.009730 0.002474 0.021073
42 1.7290635E+10   0.8999 0.201 3.695 0.619402 0.340035 0.009730 0.002474 0.021073
43 1.7290635E+10   0.8999 0.201 3.695 0.619402 0.340035 0.009730 0.002474 0.021073
44 1.7290635E+10   0.8999 0.201 3.695 0.619402 0.340035 0.009730 0.002474 0.021073
45 1.7290635E+10   0.8999 0.201 3.695 0.619402 0.340035 0.009730 0.002474 0.021073
46 1.7290635E+10   0.8999 0.201 3.695 0.619402 0.340035 0.009730 0.002474 0.021073
47 1.7290635E+10   0.8999 0.201 3.695 0.619402 0.340035 0.009730 0.002474 0.021073
48 1.7290635E+10   0.8999 0.201 3.695 0.619402 0.340035 0.009730 0.002474 0.021073
49 1.7290635E+10   0.8999 0.201 3.695 0.619402 0.340035 0.009730 0.002474 0.021073
50 1.7290635E+10   0.8999 0.201 3.695 0.619402 0.340035 0.009730 0.002474 0.021073
51 1.7290635E+10   0.8999 0.201 3.695 0.619402 0.340035 0.009730 0.002474 0.021073

    0.80   

 1 3.9999240E+07   0.8000-0.657 3.679 0.620000 0.340000 0.009730 0.002474 0.021073
 2 2.0178399E+09   0.8000-0.629 3.681 0.620000 0.340000 0.009730 0.002474 0.021073
 3 4.1802836E+09   0.8000-0.603 3.685 0.620000 0.340000 0.009730 0.002474 0.021073
 4 6.3427272E+09   0.8000-0.573 3.690 0.620000 0.340000 0.009730 0.002474 0.021073
 5 8.4354145E+09   0.8000-0.541 3.695 0.620000 0.340000 0.009730 0.002474 0.021073
 6 1.1155908E+10   0.8000-0.497 3.701 0.620000 0.340000 0.009730 0.002474 0.021073
 7 1.3876402E+10   0.8000-0.448 3.707 0.620000 0.340000 0.009730 0.002474 0.021073
 8 1.5829577E+10   0.8000-0.409 3.711 0.620000 0.340000 0.009730 0.002474 0.021073
 9 1.7712996E+10   0.8000-0.368 3.715 0.620000 0.340000 0.009730 0.002474 0.021073
10 1.9038364E+10   0.8000-0.336 3.718 0.620000 0.340000 0.009730 0.002474 0.021073
11 2.0054712E+10   0.8000-0.311 3.719 0.620000 0.340000 0.009730 0.002474 0.021073
12 2.1812449E+10   0.8000-0.260 3.722 0.620000 0.340000 0.009730 0.002474 0.021073
13 2.4339094E+10   0.8000-0.160 3.723 0.620000 0.340000 0.009730 0.002474 0.021073
14 2.4732387E+10   0.8000-0.141 3.722 0.620000 0.340000 0.009730 0.002474 0.021073
15 2.5356569E+10   0.8000-0.107 3.721 0.620000 0.340000 0.009730 0.002474 0.021073
16 2.6019017E+10   0.8000-0.064 3.716 0.620000 0.340000 0.009730 0.002474 0.021073
17 2.6420498E+10   0.8000-0.031 3.710 0.620000 0.340000 0.009730 0.002474 0.021073
18 2.6638905E+10   0.8000-0.008 3.705 0.620000 0.340000 0.009730 0.002474 0.021073
19 2.6809776E+10   0.8000 0.018 3.698 0.620000 0.340000 0.009730 0.002474 0.021073
20 2.6979750E+10   0.7999 0.062 3.690 0.619928 0.340000 0.009730 0.002474 0.021073
21 2.7100619E+10   0.7999 0.117 3.686 0.618812 0.340287 0.009730 0.002474 0.021073
22 2.7100619E+10   0.7999 0.117 3.686 0.618812 0.340287 0.009730 0.002474 0.021073
23 2.7100619E+10   0.7999 0.117 3.686 0.618812 0.340287 0.009730 0.002474 0.021073
24 2.7100619E+10   0.7999 0.117 3.686 0.618812 0.340287 0.009730 0.002474 0.021073
25 2.7100619E+10   0.7999 0.117 3.686 0.618812 0.340287 0.009730 0.002474 0.021073
26 2.7100619E+10   0.7999 0.117 3.686 0.618812 0.340287 0.009730 0.002474 0.021073
27 2.7100619E+10   0.7999 0.117 3.686 0.618812 0.340287 0.009730 0.002474 0.021073
28 2.7100619E+10   0.7999 0.117 3.686 0.618812 0.340287 0.009730 0.002474 0.021073
29 2.7100619E+10   0.7999 0.117 3.686 0.618812 0.340287 0.009730 0.002474 0.021073
30 2.7100619E+10   0.7999 0.117 3.686 0.618812 0.340287 0.009730 0.002474 0.021073
31 2.7100619E+10   0.7999 0.117 3.686 0.618812 0.340287 0.009730 0.002474 0.021073
32 2.7100619E+10   0.7999 0.117 3.686 0.618812 0.340287 0.009730 0.002474 0.021073
33 2.7100619E+10   0.7999 0.117 3.686 0.618812 0.340287 0.009730 0.002474 0.021073
34 2.7100619E+10   0.7999 0.117 3.686 0.618812 0.340287 0.009730 0.002474 0.021073
35 2.7100619E+10   0.7999 0.117 3.686 0.618812 0.340287 0.009730 0.002474 0.021073
36 2.7100619E+10   0.7999 0.117 3.686 0.618812 0.340287 0.009730 0.002474 0.021073
37 2.7100619E+10   0.7999 0.117 3.686 0.618812 0.340287 0.009730 0.002474 0.021073
38 2.7100619E+10   0.7999 0.117 3.686 0.618812 0.340287 0.009730 0.002474 0.021073
39 2.7100619E+10   0.7999 0.117 3.686 0.618812 0.340287 0.009730 0.002474 0.021073
40 2.7100619E+10   0.7999 0.117 3.686 0.618812 0.340287 0.009730 0.002474 0.021073
41 2.7100619E+10   0.7999 0.117 3.686 0.618812 0.340287 0.009730 0.002474 0.021073
42 2.7100619E+10   0.7999 0.117 3.686 0.618812 0.340287 0.009730 0.002474 0.021073
43 2.7100619E+10   0.7999 0.117 3.686 0.618812 0.340287 0.009730 0.002474 0.021073
44 2.7100619E+10   0.7999 0.117 3.686 0.618812 0.340287 0.009730 0.002474 0.021073
45 2.7100619E+10   0.7999 0.117 3.686 0.618812 0.340287 0.009730 0.002474 0.021073
46 2.7100619E+10   0.7999 0.117 3.686 0.618812 0.340287 0.009730 0.002474 0.021073
47 2.7100619E+10   0.7999 0.117 3.686 0.618812 0.340287 0.009730 0.002474 0.021073
48 2.7100619E+10   0.7999 0.117 3.686 0.618812 0.340287 0.009730 0.002474 0.021073
49 2.7100619E+10   0.7999 0.117 3.686 0.618812 0.340287 0.009730 0.002474 0.021073
50 2.7100619E+10   0.7999 0.117 3.686 0.618812 0.340287 0.009730 0.002474 0.021073
51 2.7100619E+10   0.7999 0.117 3.686 0.618812 0.340287 0.009730 0.002474 0.021073
