Modeles avec overshooting et nouvelles opacites, Z=0.004, 1 X Mdot, Charbonnel e

  21   51

  120.00 WR

 1 4.0003043E+04 119.9888 6.222 4.747 0.744000 0.252000 0.000973 0.000247 0.002107  4.747 -6.119
 2 6.8532600E+05 119.2126 6.260 4.729 0.744000 0.252000 0.000973 0.000247 0.002107  4.729 -5.773
 3 1.0761115E+06 118.3557 6.284 4.716 0.744000 0.252000 0.000973 0.000247 0.002107  4.716 -5.552
 4 1.4188688E+06 117.0544 6.305 4.696 0.744000 0.252000 0.000973 0.000247 0.002107  4.696 -5.304
 5 1.7359193E+06 114.9124 6.324 4.666 0.744000 0.252000 0.000973 0.000247 0.002107  4.666 -5.043
 6 2.0186939E+06 111.4400 6.341 4.620 0.744000 0.252000 0.000973 0.000247 0.002107  4.620 -4.800
 7 2.2824455E+06 106.2802 6.358 4.539 0.744000 0.252000 0.000972 0.000247 0.002107  4.539 -4.658
 8 2.4555500E+06 102.5560 6.372 4.468 0.712394 0.283717 0.000053 0.002856 0.000358  4.468 -4.690
 9 2.6185903E+06  99.5279 6.387 4.380 0.666497 0.329649 0.000057 0.003081 0.000094  4.380 -4.786
10 2.7197875E+06  97.9839 6.399 4.284 0.643311 0.352837 0.000058 0.003099 0.000072  4.284 -4.825
11 2.7872525E+06  96.7901 6.407 4.169 0.621935 0.374214 0.000058 0.003105 0.000064  4.169 -4.625
12 2.8348293E+06  94.9179 6.413 4.085 0.592981 0.403168 0.000058 0.003108 0.000061  4.085 -4.242
13 2.8590463E+06  93.6914 6.428 4.168 0.569696 0.426454 0.000058 0.003108 0.000060  4.168 -4.593
14 2.8600875E+06  93.6707 6.434 4.233 0.569332 0.426818 0.000058 0.003108 0.000060  4.233 -4.745
15 2.8616783E+06  93.6313 6.436 4.115 0.568646 0.427503 0.000058 0.003108 0.000060  4.115 -4.362
16 2.8620645E+06  93.6060 6.435 4.060 0.568303 0.427846 0.000058 0.003108 0.000060  4.060 -4.098
17 2.8622565E+06  93.5782 6.435 4.011 0.567947 0.428202 0.000058 0.003108 0.000060  4.011 -3.695
18 2.8624270E+06  93.5223 6.434 3.962 0.567244 0.428905 0.000058 0.003108 0.000060  3.962 -3.348
19 2.8625688E+06  93.3672 6.434 3.916 0.565519 0.430630 0.000058 0.003108 0.000060  3.916 -2.812
20 2.8633348E+06  89.8355 6.443 3.857 0.506106 0.490044 0.000059 0.003109 0.000059  3.857 -2.154
21 2.8658308E+06  80.4909 6.485 3.915 0.292003 0.704149 0.000067 0.003101 0.000054  3.915 -2.624
22 2.8727173E+06  77.8897 6.491 4.321 0.214323 0.781831 0.000072 0.003095 0.000052  4.430 -4.398
23 2.8826825E+06  77.4911 6.490 4.315 0.214227 0.781926 0.000072 0.003095 0.000052  4.441 -4.398
24 2.8927595E+06  77.0880 6.489 4.314 0.214098 0.782055 0.000072 0.003095 0.000052  4.440 -4.398
25 2.9028363E+06  76.6849 6.488 4.324 0.213883 0.782270 0.000071 0.003096 0.000052  4.437 -4.398
26 2.9137530E+06  76.2482 6.487 4.312 0.213512 0.782642 0.000071 0.003096 0.000052  4.438 -4.398
27 2.9242500E+06  75.8284 6.486 4.325 0.213154 0.782999 0.000070 0.003098 0.000052  4.436 -4.398
28 2.9355865E+06  75.3749 6.485 4.314 0.212061 0.784092 0.000069 0.003101 0.000052  4.441 -4.398
29 2.9473430E+06  74.9046 6.484 4.314 0.211306 0.784846 0.000068 0.003102 0.000052  4.442 -4.398
30 2.9590995E+06  74.4344 6.483 4.312 0.210817 0.785336 0.000067 0.003102 0.000052  4.440 -4.398
31 2.9717755E+06  73.9273 6.482 4.311 0.209883 0.786270 0.000067 0.003103 0.000052  4.439 -4.398
32 2.9849848E+06  73.3989 6.481 4.323 0.208692 0.787460 0.000066 0.003104 0.000052  4.436 -4.398
33 2.9987020E+06  72.8502 6.480 4.316 0.207387 0.788765 0.000066 0.003104 0.000052  4.427 -4.398
34 3.0136945E+06  72.2505 6.480 4.302 0.205898 0.790254 0.000066 0.003105 0.000052  4.402 -4.398
35 3.0290630E+06  71.6358 6.479 4.279 0.204245 0.791907 0.000064 0.003107 0.000052  4.366 -4.398
36 3.0458390E+06  70.9647 6.479 4.254 0.202022 0.794129 0.000063 0.003109 0.000052  4.328 -4.398
37 3.0646433E+06  70.2125 6.479 4.216 0.200274 0.795876 0.000058 0.003114 0.000052  4.272 -4.398
38 3.0833208E+06  69.4654 6.479 4.172 0.198976 0.797173 0.000050 0.003127 0.000053  4.208 -4.398
39 3.1056135E+06  68.5737 6.481 4.048 0.197630 0.798517 0.000039 0.003144 0.000053  4.048 -4.398
40 3.1311220E+06  65.7285 6.488 4.274 0.161510 0.834638 0.000045 0.003131 0.000056  4.346 -4.398
41 3.1405708E+06  65.3505 6.493 4.321 0.129232 0.866916 0.000048 0.003129 0.000055  4.468 -4.398
42 3.1493638E+06  64.9988 6.496 4.388 0.122523 0.873625 0.000048 0.003128 0.000055  4.539 -4.398
43 3.1542715E+06  64.8025 6.510 4.586 0.069950 0.926200 0.000056 0.003119 0.000053  4.882 -4.398
44 3.1559580E+06  61.2725 6.510 4.143 0.000000 0.000596 0.039103 0.000000 0.848791  5.142 -2.528
45 3.1664408E+06  42.0337 6.349 4.291 0.000000 0.000000 0.038981 0.000000 0.847126  5.211 -2.940
46 3.1668370E+06  41.5856 6.349 4.324 0.000000 0.000000 0.038981 0.000000 0.847126  5.358 -2.953
47 3.1668373E+06  41.5851 6.354 4.325 0.000000 0.000000 0.038981 0.000000 0.847126  5.357 -2.953
48 3.1668375E+06  41.5848 6.360 4.325 0.000000 0.000000 0.038981 0.000000 0.847126  5.353 -2.953
49 3.1668378E+06  41.5847 6.364 4.323 0.000000 0.000000 0.038981 0.000000 0.847126  5.336 -2.953
50 3.1668378E+06  41.5846 6.368 4.321 0.000000 0.000000 0.038981 0.000000 0.847126  5.316 -2.953
51 3.1668378E+06  41.5845 6.378 4.315 0.000000 0.000000 0.038981 0.000000 0.847126  5.270 -2.953

   85.00 WR

 1 2.4401855E+04  84.9989 5.970 4.729 0.744000 0.252000 0.000973 0.000247 0.002107  4.729 -6.688
 2 8.2156063E+05  84.7298 6.018 4.711 0.744000 0.252000 0.000973 0.000247 0.002107  4.711 -6.329
 3 1.2661213E+06  84.4628 6.048 4.700 0.744000 0.252000 0.000973 0.000247 0.002107  4.700 -6.124
 4 1.6692908E+06  84.0702 6.075 4.685 0.744000 0.252000 0.000973 0.000247 0.002107  4.685 -5.908
 5 2.0289604E+06  83.4638 6.101 4.661 0.744000 0.252000 0.000973 0.000247 0.002107  4.661 -5.650
 6 2.3469338E+06  82.4842 6.124 4.629 0.744000 0.252000 0.000973 0.000247 0.002107  4.629 -5.396
 7 2.6346568E+06  80.9269 6.145 4.581 0.744000 0.252000 0.000973 0.000247 0.002107  4.581 -5.162
 8 2.8295660E+06  79.3420 6.161 4.522 0.744000 0.252000 0.000973 0.000247 0.002107  4.522 -5.037
 9 3.0058195E+06  77.6413 6.177 4.420 0.744000 0.252000 0.000973 0.000247 0.002107  4.420 -5.019
10 3.1185883E+06  76.6108 6.188 4.305 0.744000 0.252000 0.000973 0.000247 0.002107  4.305 -5.050
11 3.2532795E+06  71.0896 6.200 3.862 0.733069 0.262946 0.000663 0.000966 0.001699  3.862 -3.228
12 3.2648585E+06  66.1647 6.203 3.920 0.651407 0.344714 0.000084 0.002868 0.000302  3.920 -3.637
13 3.2718853E+06  65.0217 6.216 3.974 0.636527 0.359603 0.000074 0.002945 0.000226  3.974 -3.994
14 3.2728708E+06  64.9181 6.223 3.961 0.636509 0.359621 0.000074 0.002946 0.000226  3.961 -3.896
15 3.2730820E+06  64.8825 6.224 3.940 0.636507 0.359622 0.000074 0.002946 0.000226  3.940 -3.728
16 3.2733353E+06  64.8183 6.225 3.912 0.636507 0.359622 0.000074 0.002946 0.000226  3.912 -3.515
17 3.2735760E+06  64.7220 6.225 3.891 0.636507 0.359622 0.000074 0.002946 0.000226  3.891 -3.368
18 3.2740423E+06  64.4500 6.224 3.867 0.636507 0.359622 0.000074 0.002946 0.000226  3.867 -3.172
19 3.2759060E+06  63.4650 6.224 3.843 0.588653 0.407495 0.000053 0.003112 0.000063  3.843 -2.986
20 3.2785840E+06  57.7781 6.275 3.814 0.451564 0.544584 0.000051 0.003118 0.000060  3.814 -2.497
21 3.2812870E+06  53.5945 6.303 3.972 0.251193 0.744958 0.000060 0.003109 0.000055  3.972 -3.337
22 3.2875605E+06  53.2673 6.303 4.090 0.244044 0.752107 0.000061 0.003108 0.000055  4.090 -4.398
23 3.2986315E+06  52.8244 6.306 4.348 0.200211 0.795942 0.000068 0.003099 0.000054  4.513 -4.398
24 3.3099795E+06  52.3705 6.305 4.352 0.192331 0.803822 0.000070 0.003097 0.000054  4.561 -4.398
25 3.3215938E+06  51.9059 6.303 4.365 0.191053 0.805100 0.000070 0.003097 0.000054  4.582 -4.398
26 3.3336380E+06  51.4241 6.301 4.375 0.190567 0.805586 0.000069 0.003098 0.000053  4.597 -4.398
27 3.3457255E+06  50.9406 6.299 4.384 0.190249 0.805904 0.000069 0.003099 0.000053  4.613 -4.398
28 3.3581228E+06  50.4447 6.296 4.397 0.190057 0.806095 0.000068 0.003101 0.000053  4.634 -4.398
29 3.3711350E+06  49.9242 6.293 4.419 0.189863 0.806289 0.000065 0.003104 0.000053  4.670 -4.398
30 3.3846678E+06  49.3829 6.289 4.453 0.186056 0.810095 0.000060 0.003111 0.000053  4.726 -4.398
31 3.3987210E+06  48.8208 6.284 4.481 0.184649 0.811500 0.000050 0.003125 0.000054  4.774 -4.398
32 3.4143355E+06  48.1962 6.278 4.511 0.183496 0.812651 0.000038 0.003144 0.000054  4.825 -4.398
33 3.4304708E+06  47.5507 6.272 4.531 0.182120 0.814027 0.000040 0.003140 0.000055  4.860 -4.398
34 3.4467935E+06  46.8978 6.267 4.547 0.178025 0.818123 0.000043 0.003134 0.000056  4.888 -4.398
35 3.4658093E+06  46.1372 6.267 4.595 0.144726 0.851423 0.000050 0.003124 0.000057  4.968 -4.398
36 3.4827848E+06  45.4582 6.272 4.668 0.031452 0.964700 0.000063 0.003110 0.000051  5.081 -4.398
37 3.5004130E+06  44.7530 6.267 4.746 0.000000 0.238792 0.348601 0.000001 0.406961  5.177 -4.398
38 3.5198500E+06  43.9755 6.263 4.746 0.000000 0.238792 0.348601 0.000001 0.406961  5.179 -4.398
39 3.5435505E+06  42.0979 6.243 4.243 0.000000 0.237042 0.370630 0.000000 0.386729  5.181 -2.915
40 3.5719670E+06  24.9639 5.946 4.415 0.000000 0.070037 0.195436 0.000000 0.727679  5.187 -3.493
41 3.5856558E+06  21.4071 5.859 4.463 0.000000 0.054706 0.167880 0.000000 0.770033  5.193 -3.667
42 3.5998043E+06  18.8370 5.790 4.505 0.000000 0.040173 0.139121 0.000000 0.812278  5.207 -3.810
43 3.6072015E+06  17.7764 5.777 4.536 0.000000 0.033182 0.124232 0.000000 0.833211  5.237 -3.875
44 3.6100308E+06  17.4088 5.818 4.570 0.000000 0.030492 0.118328 0.000000 0.841298  5.290 -3.897
45 3.6119503E+06  17.1702 5.844 4.592 0.000000 0.028781 0.114523 0.000000 0.846433  5.327 -3.913
46 3.6124360E+06  17.1111 5.882 4.610 0.000000 0.028352 0.113563 0.000000 0.847717  5.359 -3.917
47 3.6124408E+06  17.1105 5.895 4.613 0.000000 0.028347 0.113553 0.000000 0.847730  5.362 -3.917
48 3.6124415E+06  17.1104 5.900 4.614 0.000000 0.028347 0.113551 0.000000 0.847732  5.363 -3.917
49 3.6124420E+06  17.1104 5.904 4.615 0.000000 0.028346 0.113551 0.000000 0.847733  5.364 -3.917
50 3.6124423E+06  17.1103 5.909 4.617 0.000000 0.028346 0.113550 0.000000 0.847734  5.366 -3.917
51 3.6124428E+06  17.1103 5.923 4.619 0.000000 0.028346 0.113549 0.000000 0.847735  5.368 -3.917

   60.00 WR

 1 2.5001900E+04  59.9994 5.693 4.703 0.744000 0.252000 0.000973 0.000247 0.002107  4.703 -7.060
 2 9.9825163E+05  59.8692 5.750 4.687 0.744000 0.252000 0.000973 0.000247 0.002107  4.687 -6.756
 3 1.5381726E+06  59.7541 5.784 4.677 0.744000 0.252000 0.000973 0.000247 0.002107  4.677 -6.586
 4 2.0210748E+06  59.5968 5.817 4.664 0.744000 0.252000 0.000973 0.000247 0.002107  4.664 -6.394
 5 2.4431805E+06  59.3787 5.848 4.647 0.744000 0.252000 0.000973 0.000247 0.002107  4.647 -6.183
 6 2.8243018E+06  59.0463 5.878 4.621 0.744000 0.252000 0.000973 0.000247 0.002107  4.621 -5.948
 7 3.1519658E+06  58.5602 5.905 4.587 0.744000 0.252000 0.000973 0.000247 0.002107  4.587 -5.722
 8 3.3758605E+06  58.0443 5.925 4.551 0.744000 0.252000 0.000973 0.000247 0.002107  4.551 -5.558
 9 3.5798515E+06  57.3745 5.943 4.495 0.744000 0.252000 0.000973 0.000247 0.002107  4.495 -5.422
10 3.7048783E+06  56.8626 5.956 4.445 0.744000 0.252000 0.000973 0.000247 0.002107  4.445 -5.363
11 3.8621470E+06  56.1441 5.976 4.367 0.744000 0.252000 0.000973 0.000247 0.002107  4.367 -5.321
12 3.8754175E+06  56.0802 5.985 4.388 0.744000 0.252000 0.000973 0.000247 0.002107  4.388 -5.308
13 3.8765640E+06  56.0744 5.993 4.408 0.744000 0.252000 0.000973 0.000247 0.002107  4.408 -5.296
14 3.8775470E+06  56.0694 5.999 4.428 0.744000 0.252000 0.000973 0.000247 0.002107  4.428 -5.288
15 3.8807730E+06  56.0526 6.010 4.298 0.744000 0.252000 0.000973 0.000247 0.002107  4.298 -5.265
16 3.8816795E+06  56.0472 6.013 4.205 0.744000 0.252000 0.000973 0.000247 0.002107  4.205 -5.179
17 3.8823303E+06  56.0419 6.014 4.110 0.744000 0.252000 0.000973 0.000247 0.002107  4.110 -4.970
18 3.8827740E+06  56.0346 6.016 4.012 0.744000 0.252000 0.000973 0.000247 0.002107  4.012 -4.612
19 3.8830795E+06  56.0216 6.016 3.919 0.744000 0.252000 0.000973 0.000247 0.002107  3.919 -4.163
20 3.8843388E+06  55.7878 6.020 3.823 0.744000 0.252000 0.000973 0.000247 0.002107  3.823 -3.614
21 3.8866233E+06  55.0148 6.042 3.796 0.743439 0.252561 0.000966 0.000264 0.002098  3.796 -3.371
22 3.8942343E+06  51.3735 6.054 3.796 0.728889 0.267121 0.000852 0.000555 0.001915  3.796 -3.327
23 3.9070163E+06  46.0812 6.053 3.813 0.568588 0.427511 0.000137 0.002611 0.000524  3.813 -3.433
24 3.9202470E+06  42.9907 6.049 3.928 0.473782 0.522333 0.000095 0.002801 0.000361  3.928 -4.124
25 3.9337745E+06  42.4237 6.048 4.024 0.461285 0.534833 0.000092 0.002821 0.000344  4.024 -4.599
26 3.9499873E+06  42.1127 6.048 4.053 0.454509 0.541609 0.000090 0.002831 0.000334  4.053 -4.720
27 3.9607813E+06  41.9087 6.047 4.057 0.452215 0.543904 0.000089 0.002835 0.000331  4.057 -4.738
28 3.9755520E+06  41.6480 6.047 4.063 0.449657 0.546462 0.000088 0.002839 0.000327  4.063 -4.758
29 3.9891865E+06  41.4596 6.047 4.132 0.434166 0.561956 0.000084 0.002863 0.000306  4.132 -4.982
30 4.0045253E+06  41.3047 6.048 4.141 0.426603 0.569520 0.000081 0.002874 0.000295  4.141 -5.005
31 4.0192960E+06  41.1545 6.048 4.130 0.425874 0.570249 0.000081 0.002875 0.000294  4.130 -4.976
32 4.0357710E+06  40.9630 6.048 4.103 0.425561 0.570562 0.000081 0.002876 0.000294  4.103 -4.896
33 4.0528140E+06  40.7688 6.048 4.126 0.416120 0.580005 0.000078 0.002890 0.000281  4.126 -4.965
34 4.0701130E+06  40.5757 6.048 4.116 0.410838 0.585288 0.000077 0.002899 0.000274  4.116 -4.937
35 4.0893603E+06  40.3483 6.049 4.109 0.403724 0.592402 0.000075 0.002910 0.000264  4.109 -4.919
36 4.1092950E+06  40.0601 6.049 4.062 0.403280 0.592846 0.000074 0.002910 0.000263  4.062 -4.754
37 4.1307170E+06  39.4614 6.047 4.055 0.376407 0.619724 0.000066 0.002953 0.000225  4.131 -4.398
38 4.1551723E+06  38.4899 6.044 4.017 0.371592 0.624540 0.000064 0.002967 0.000213  4.017 -4.584
39 4.1869205E+06  36.2028 6.033 3.901 0.351845 0.644300 0.000064 0.003060 0.000107  3.901 -4.002
40 4.2227460E+06  30.6441 6.023 3.837 0.337747 0.658399 0.000051 0.003103 0.000080  3.837 -3.674
41 4.2337800E+06  28.7619 6.033 3.877 0.320420 0.675726 0.000042 0.003126 0.000067  3.877 -4.398
42 4.2452915E+06  28.0679 6.030 4.409 0.000000 0.996155 0.000078 0.003093 0.000045  5.138 -3.598
43 4.2520965E+06  26.4814 6.014 4.431 0.000000 0.996158 0.000088 0.003080 0.000042  5.144 -3.664
44 4.2545330E+06  25.9204 6.045 4.452 0.000000 0.086952 0.183929 0.000047 0.722329  5.292 -3.464
45 4.2562960E+06  25.3333 6.061 4.469 0.000000 0.072983 0.186754 0.000001 0.733427  5.315 -3.490
46 4.2567450E+06  25.1893 6.096 4.485 0.000000 0.071125 0.183806 0.000000 0.738165  5.343 -3.497
47 4.2567465E+06  25.1887 6.103 4.487 0.000000 0.071106 0.183776 0.000000 0.738213  5.345 -3.497
48 4.2567470E+06  25.1886 6.109 4.488 0.000000 0.071100 0.183766 0.000000 0.738229  5.347 -3.497
49 4.2567475E+06  25.1885 6.112 4.489 0.000000 0.071098 0.183763 0.000000 0.738234  5.347 -3.497
50 4.2567475E+06  25.1884 6.115 4.491 0.000000 0.071096 0.183760 0.000000 0.738239  5.348 -3.497
51 4.2567480E+06  25.1884 6.129 4.487 0.000000 0.071093 0.183755 0.000000 0.738247  5.326 -3.497

   40.00 WR

 1 4.0003043E+04  39.9993 5.335 4.662 0.744000 0.252000 0.000973 0.000247 0.002107  4.662 -7.308
 2 1.3410446E+06  39.9132 5.401 4.648 0.744000 0.252000 0.000973 0.000247 0.002107  4.648 -7.092
 3 2.0677838E+06  39.8452 5.442 4.641 0.744000 0.252000 0.000973 0.000247 0.002107  4.641 -6.967
 4 2.6798290E+06  39.7669 5.479 4.630 0.744000 0.252000 0.000973 0.000247 0.002107  4.630 -6.823
 5 3.2222835E+06  39.6690 5.516 4.615 0.744000 0.252000 0.000973 0.000247 0.002107  4.615 -6.665
 6 3.7099635E+06  39.5382 5.551 4.594 0.744000 0.252000 0.000973 0.000247 0.002107  4.594 -6.479
 7 4.1160465E+06  39.3716 5.584 4.568 0.744000 0.252000 0.000973 0.000247 0.002107  4.568 -6.300
 8 4.3954515E+06  39.2052 5.608 4.541 0.744000 0.252000 0.000973 0.000247 0.002107  4.541 -6.155
 9 4.6394975E+06  39.0042 5.631 4.507 0.744000 0.252000 0.000973 0.000247 0.002107  4.507 -6.020
10 4.7877750E+06  38.8477 5.646 4.480 0.744000 0.252000 0.000973 0.000247 0.002107  4.480 -5.940
11 4.9479925E+06  38.6450 5.664 4.450 0.744000 0.252000 0.000973 0.000247 0.002107  4.450 -5.864
12 4.9944755E+06  38.5810 5.680 4.472 0.744000 0.252000 0.000973 0.000247 0.002107  4.472 -5.868
13 4.9970130E+06  38.5775 5.694 4.493 0.744000 0.252000 0.000973 0.000247 0.002107  4.493 -5.876
14 4.9981755E+06  38.5760 5.701 4.504 0.744000 0.252000 0.000973 0.000247 0.002107  4.504 -5.885
15 5.0018935E+06  38.5705 5.723 4.421 0.744000 0.252000 0.000973 0.000247 0.002107  4.421 -5.734
16 5.0031655E+06  38.5679 5.734 4.359 0.744000 0.252000 0.000973 0.000247 0.002107  4.359 -5.679
17 5.0042790E+06  38.5655 5.741 4.294 0.744000 0.252000 0.000973 0.000247 0.002107  4.294 -5.632
18 5.0052170E+06  38.5631 5.747 4.232 0.744000 0.252000 0.000973 0.000247 0.002107  4.232 -5.567
19 5.0061255E+06  38.5604 5.753 4.169 0.744000 0.252000 0.000973 0.000247 0.002107  4.169 -5.471
20 5.0070915E+06  38.5565 5.760 4.105 0.744000 0.252000 0.000973 0.000247 0.002107  4.105 -5.333
21 5.0107625E+06  38.5214 5.772 3.952 0.744000 0.252000 0.000973 0.000247 0.002107  3.952 -4.849
22 5.0205700E+06  38.3516 5.774 3.916 0.744000 0.252000 0.000973 0.000247 0.002107  3.916 -4.717
23 5.0372445E+06  37.9732 5.773 3.877 0.744000 0.252000 0.000973 0.000247 0.002107  3.877 -4.578
24 5.0541875E+06  37.4584 5.772 3.849 0.744000 0.252000 0.000973 0.000247 0.002107  3.849 -4.476
25 5.0704580E+06  36.8758 5.770 3.834 0.744000 0.252000 0.000973 0.000247 0.002107  3.834 -4.426
26 5.0880305E+06  36.1874 5.769 3.823 0.744000 0.252000 0.000973 0.000247 0.002107  3.823 -4.392
27 5.1049520E+06  35.4833 5.768 3.818 0.744000 0.252000 0.000973 0.000247 0.002107  3.818 -4.376
28 5.1231750E+06  34.7137 5.767 3.817 0.743999 0.252000 0.000973 0.000247 0.002107  3.817 -4.375
29 5.1416325E+06  33.9391 5.766 3.818 0.743999 0.252001 0.000972 0.000247 0.002107  3.818 -4.381
30 5.1599600E+06  33.2068 5.765 3.826 0.706872 0.289155 0.000758 0.000780 0.001754  3.826 -4.410
31 5.1799535E+06  32.4622 5.764 3.836 0.692568 0.303464 0.000713 0.000909 0.001666  3.836 -4.447
32 5.1998450E+06  32.0730 5.765 3.974 0.621073 0.374987 0.000501 0.001524 0.001246  3.974 -4.940
33 5.2195290E+06  31.8295 5.765 3.952 0.617784 0.378276 0.000491 0.001552 0.001227  3.952 -4.864
34 5.2425935E+06  31.4398 5.764 3.902 0.617615 0.378446 0.000490 0.001554 0.001226  3.902 -4.683
35 5.2643130E+06  30.9382 5.763 3.882 0.615376 0.380685 0.000485 0.001570 0.001216  3.882 -4.612
36 5.2902990E+06  30.4604 5.763 3.943 0.588089 0.407978 0.000412 0.001768 0.001090  3.943 -4.840
37 5.3152025E+06  30.0787 5.763 3.916 0.580608 0.415461 0.000391 0.001825 0.001055  3.916 -4.727
38 5.3447405E+06  29.5017 5.762 3.885 0.573603 0.422467 0.000371 0.001878 0.001023  3.885 -4.625
39 5.3900380E+06  29.0048 5.763 3.975 0.512968 0.483115 0.000195 0.002338 0.000743  3.975 -4.953
40 5.4088700E+06  28.6478 5.761 3.872 0.510183 0.485900 0.000186 0.002359 0.000730  3.872 -4.580
41 5.4225440E+06  28.2779 5.760 3.862 0.482321 0.513767 0.000101 0.002576 0.000602  3.862 -4.498
42 5.4364475E+06  27.8098 5.755 3.817 0.469935 0.526153 0.000057 0.002677 0.000556  3.817 -4.406
43 5.4441125E+06  27.5092 5.748 3.812 0.463694 0.532396 0.000057 0.002690 0.000540  3.812 -4.411
44 5.4468600E+06  27.4082 5.707 3.788 0.453940 0.542170 0.000059 0.002825 0.000383  3.788 -4.452
45 5.4487475E+06  27.3042 5.815 3.783 0.427716 0.568419 0.000061 0.002997 0.000183  3.783 -4.110
46 5.4493355E+06  27.2568 5.826 3.783 0.427716 0.568419 0.000061 0.002997 0.000183  3.783 -4.077
47 5.4493555E+06  27.2551 5.827 3.783 0.427716 0.568419 0.000061 0.002997 0.000183  3.783 -4.074
48 5.4493580E+06  27.2550 5.827 3.783 0.427716 0.568419 0.000061 0.002997 0.000183  3.783 -4.074
49 5.4493590E+06  27.2548 5.826 3.783 0.427715 0.568420 0.000061 0.002997 0.000183  3.783 -4.075
50 5.4493600E+06  27.2548 5.826 3.783 0.427715 0.568420 0.000061 0.002997 0.000183  3.783 -4.075
51 5.4493615E+06  27.2547 5.825 3.783 0.427715 0.568420 0.000061 0.002997 0.000183  3.783 -4.078

   25.00 WR

 1 4.0003043E+04  24.9996 4.861 4.603 0.744000 0.252000 0.000973 0.000247 0.002107  4.603 -7.573
 2 2.0724104E+06  24.9341 4.934 4.589 0.744000 0.252000 0.000973 0.000247 0.002107  4.589 -7.430
 3 3.1789763E+06  24.8888 4.980 4.583 0.744000 0.252000 0.000973 0.000247 0.002107  4.583 -7.346
 4 4.1099795E+06  24.8421 5.024 4.574 0.744000 0.252000 0.000973 0.000247 0.002107  4.574 -7.253
 5 4.9089715E+06  24.7920 5.066 4.562 0.744000 0.252000 0.000973 0.000247 0.002107  4.562 -7.152
 6 5.6050755E+06  24.7360 5.106 4.546 0.744000 0.252000 0.000973 0.000247 0.002107  4.546 -7.039
 7 6.1857035E+06  24.6752 5.144 4.526 0.744000 0.252000 0.000973 0.000247 0.002107  4.526 -6.922
 8 6.5803945E+06  24.6222 5.172 4.506 0.744000 0.252000 0.000973 0.000247 0.002107  4.506 -6.826
 9 6.9229300E+06  24.5649 5.199 4.482 0.744000 0.252000 0.000973 0.000247 0.002107  4.482 -6.731
10 7.1318765E+06  24.5230 5.216 4.464 0.744000 0.252000 0.000973 0.000247 0.002107  4.464 -6.669
11 7.2757415E+06  24.4905 5.229 4.452 0.744000 0.252000 0.000973 0.000247 0.002107  4.452 -6.627
12 7.4051990E+06  24.4589 5.251 4.469 0.744000 0.252000 0.000973 0.000247 0.002107  4.469 -6.616
13 7.4123410E+06  24.4572 5.277 4.496 0.744000 0.252000 0.000973 0.000247 0.002107  4.496 -6.626
14 7.4163365E+06  24.4563 5.281 4.483 0.744000 0.252000 0.000973 0.000247 0.002107  4.483 -6.590
15 7.4182945E+06  24.4557 5.297 4.448 0.744000 0.252000 0.000973 0.000247 0.002107  4.448 -6.502
16 7.4200835E+06  24.4551 5.309 4.407 0.744000 0.252000 0.000973 0.000247 0.002107  4.407 -6.429
17 7.4215470E+06  24.4545 5.317 4.369 0.744000 0.252000 0.000973 0.000247 0.002107  4.369 -6.377
18 7.4230110E+06  24.4538 5.325 4.328 0.744000 0.252000 0.000973 0.000247 0.002107  4.328 -6.323
19 7.4243120E+06  24.4532 5.333 4.292 0.744000 0.252000 0.000973 0.000247 0.002107  4.292 -6.275
20 7.4259385E+06  24.4522 5.344 4.252 0.744000 0.252000 0.000973 0.000247 0.002107  4.252 -6.215
21 7.4291910E+06  24.4500 5.359 4.210 0.744000 0.252000 0.000973 0.000247 0.002107  4.210 -6.138
22 7.4446995E+06  24.4381 5.366 4.195 0.744000 0.252000 0.000973 0.000247 0.002107  4.195 -6.106
23 7.4700805E+06  24.4178 5.367 4.185 0.744000 0.252000 0.000973 0.000247 0.002107  4.185 -6.089
24 7.4965195E+06  24.3958 5.369 4.176 0.744000 0.252000 0.000973 0.000247 0.002107  4.176 -6.073
25 7.5230640E+06  24.3731 5.370 4.171 0.744000 0.252000 0.000973 0.000247 0.002107  4.171 -6.062
26 7.5499595E+06  24.3493 5.372 4.164 0.744000 0.252000 0.000973 0.000247 0.002107  4.164 -6.048
27 7.5774665E+06  24.3243 5.374 4.156 0.744000 0.252000 0.000973 0.000247 0.002107  4.156 -6.033
28 7.6027730E+06  24.3005 5.375 4.149 0.744000 0.252000 0.000973 0.000247 0.002107  4.149 -6.019
29 7.6313800E+06  24.2725 5.377 4.140 0.744000 0.252000 0.000973 0.000247 0.002107  4.140 -6.002
30 7.6577870E+06  24.2456 5.378 4.132 0.744000 0.252000 0.000973 0.000247 0.002107  4.132 -5.984
31 7.6885945E+06  24.2127 5.380 4.119 0.744000 0.252000 0.000973 0.000247 0.002107  4.119 -5.958
32 7.7161015E+06  24.1816 5.381 4.108 0.744000 0.252000 0.000973 0.000247 0.002107  4.108 -5.935
33 7.7480095E+06  24.1431 5.383 4.094 0.744000 0.252000 0.000973 0.000247 0.002107  4.094 -5.905
34 7.7821180E+06  24.0986 5.384 4.075 0.744000 0.252000 0.000973 0.000247 0.002107  4.075 -5.863
35 7.8140040E+06  24.0528 5.386 4.056 0.744000 0.252000 0.000973 0.000247 0.002107  4.056 -5.821
36 7.8502855E+06  23.9940 5.387 4.030 0.744000 0.252000 0.000973 0.000247 0.002107  4.030 -5.760
37 7.8906170E+06  23.9162 5.389 3.991 0.744000 0.252000 0.000973 0.000247 0.002107  3.991 -5.667
38 7.9284575E+06  23.8234 5.390 3.944 0.744000 0.252000 0.000973 0.000247 0.002107  3.944 -5.552
39 7.9728220E+06  23.6699 5.390 3.869 0.744000 0.252000 0.000973 0.000247 0.002107  3.869 -5.377
40 8.0186220E+06  23.4451 5.389 3.812 0.744000 0.252000 0.000973 0.000247 0.002107  3.812 -5.268
41 8.0387960E+06  23.3320 5.386 3.789 0.744000 0.252000 0.000973 0.000247 0.002107  3.789 -5.236
42 8.0587400E+06  23.2142 5.382 3.774 0.744000 0.252000 0.000973 0.000247 0.002107  3.774 -5.222
43 8.0691875E+06  23.1516 5.372 3.764 0.743999 0.252000 0.000973 0.000247 0.002107  3.764 -5.229
44 8.0739915E+06  23.1247 5.404 3.744 0.611676 0.384377 0.000471 0.001582 0.001237  3.744 -5.136
45 8.0780775E+06  23.0934 5.441 3.744 0.607783 0.388272 0.000461 0.001617 0.001211  3.744 -5.048
46 8.0789390E+06  23.0852 5.456 3.744 0.607210 0.388845 0.000460 0.001620 0.001209  3.744 -5.005
47 8.0789670E+06  23.0850 5.452 3.744 0.607072 0.388983 0.000460 0.001621 0.001208  3.744 -5.022
48 8.0789790E+06  23.0848 5.453 3.744 0.607067 0.388989 0.000460 0.001621 0.001208  3.744 -5.020
49 8.0789875E+06  23.0848 5.450 3.744 0.606962 0.389093 0.000460 0.001622 0.001208  3.744 -5.027
50 8.0789975E+06  23.0847 5.450 3.744 0.606949 0.389107 0.000460 0.001622 0.001208  3.744 -5.027
51 8.0790165E+06  23.0845 5.452 3.744 0.606940 0.389115 0.000460 0.001622 0.001208  3.744 -5.022

   20.00 WR

 1 3.8772949E+04  19.9993 4.614 4.569 0.744000 0.252000 0.000973 0.000247 0.002107  4.569 -7.794
 2 2.6804905E+06  19.9499 4.690 4.555 0.744000 0.252000 0.000973 0.000247 0.002107  4.555 -7.670
 3 4.0724080E+06  19.9174 4.737 4.550 0.744000 0.252000 0.000973 0.000247 0.002107  4.550 -7.593
 4 5.2678435E+06  19.8840 4.783 4.541 0.744000 0.252000 0.000973 0.000247 0.002107  4.541 -7.514
 5 6.2736115E+06  19.8501 4.826 4.530 0.744000 0.252000 0.000973 0.000247 0.002107  4.530 -7.429
 6 7.1307770E+06  19.8147 4.867 4.516 0.744000 0.252000 0.000973 0.000247 0.002107  4.516 -7.341
 7 7.8639815E+06  19.7774 4.907 4.497 0.744000 0.252000 0.000973 0.000247 0.002107  4.497 -7.246
 8 8.3391390E+06  19.7481 4.935 4.480 0.744000 0.252000 0.000973 0.000247 0.002107  4.480 -7.174
 9 8.7616300E+06  19.7172 4.963 4.459 0.744000 0.252000 0.000973 0.000247 0.002107  4.459 -7.100
10 9.0155200E+06  19.6958 4.981 4.444 0.744000 0.252000 0.000973 0.000247 0.002107  4.444 -7.050
11 9.2542410E+06  19.6732 5.001 4.433 0.744000 0.252000 0.000973 0.000247 0.002107  4.433 -7.002
12 9.3545880E+06  19.6631 5.022 4.457 0.744000 0.252000 0.000973 0.000247 0.002107  4.457 -6.996
13 9.3619600E+06  19.6624 5.049 4.481 0.744000 0.252000 0.000973 0.000247 0.002107  4.481 -6.985
14 9.3648190E+06  19.6621 5.046 4.480 0.744000 0.252000 0.000973 0.000247 0.002107  4.480 -6.987
15 9.3687240E+06  19.6616 5.059 4.439 0.744000 0.252000 0.000973 0.000247 0.002107  4.439 -6.908
16 9.3713870E+06  19.6613 5.073 4.398 0.744000 0.252000 0.000973 0.000247 0.002107  4.398 -6.837
17 9.3736950E+06  19.6609 5.083 4.356 0.744000 0.252000 0.000973 0.000247 0.002107  4.356 -6.780
18 9.3756480E+06  19.6606 5.091 4.316 0.744000 0.252000 0.000973 0.000247 0.002107  4.316 -6.728
19 9.3776000E+06  19.6602 5.100 4.275 0.744000 0.252000 0.000973 0.000247 0.002107  4.275 -6.670
20 9.3799080E+06  19.6596 5.115 4.233 0.744000 0.252000 0.000973 0.000247 0.002107  4.233 -6.596
21 9.3895530E+06  19.6567 5.140 4.192 0.744000 0.252000 0.000973 0.000247 0.002107  4.192 -6.496
22 9.4089660E+06  19.6505 5.141 4.193 0.744000 0.252000 0.000973 0.000247 0.002107  4.193 -6.495
23 9.4431140E+06  19.6393 5.143 4.180 0.744000 0.252000 0.000973 0.000247 0.002107  4.180 -6.473
24 9.4785740E+06  19.6271 5.145 4.173 0.744000 0.252000 0.000973 0.000247 0.002107  4.173 -6.457
25 9.5114090E+06  19.6155 5.148 4.169 0.744000 0.252000 0.000973 0.000247 0.002107  4.169 -6.447
26 9.5481530E+06  19.6022 5.150 4.162 0.744000 0.252000 0.000973 0.000247 0.002107  4.162 -6.432
27 9.5818790E+06  19.5895 5.152 4.156 0.744000 0.252000 0.000973 0.000247 0.002107  4.156 -6.418
28 9.6185890E+06  19.5752 5.155 4.149 0.744000 0.252000 0.000973 0.000247 0.002107  4.149 -6.402
29 9.6553230E+06  19.5603 5.157 4.141 0.744000 0.252000 0.000973 0.000247 0.002107  4.141 -6.384
30 9.6936040E+06  19.5441 5.160 4.132 0.744000 0.252000 0.000973 0.000247 0.002107  4.132 -6.363
31 9.7278070E+06  19.5289 5.162 4.122 0.744000 0.252000 0.000973 0.000247 0.002107  4.122 -6.343
32 9.7666620E+06  19.5108 5.164 4.111 0.744000 0.252000 0.000973 0.000247 0.002107  4.111 -6.318
33 9.8097460E+06  19.4893 5.167 4.095 0.744000 0.252000 0.000973 0.000247 0.002107  4.095 -6.284
34 9.8475800E+06  19.4688 5.169 4.080 0.744000 0.252000 0.000973 0.000247 0.002107  4.080 -6.250
35 9.8937090E+06  19.4412 5.171 4.056 0.744000 0.252000 0.000973 0.000247 0.002107  4.056 -6.197
36 9.9406890E+06  19.4089 5.174 4.027 0.744000 0.252000 0.000973 0.000247 0.002107  4.027 -6.131
37 9.9918500E+06  19.3667 5.176 3.985 0.744000 0.252000 0.000973 0.000247 0.002107  3.985 -6.036
38 1.0037984E+07  19.3179 5.178 3.931 0.744000 0.252000 0.000973 0.000247 0.002107  3.931 -5.914
39 1.0091215E+07  19.2373 5.178 3.833 0.744000 0.252000 0.000973 0.000247 0.002107  3.833 -5.723
40 1.0142709E+07  19.1248 5.160 3.616 0.743998 0.252001 0.000972 0.000248 0.002107  3.616 -5.681
41 1.0164716E+07  19.0788 5.162 3.615 0.743997 0.252003 0.000969 0.000248 0.002107  3.615 -5.679
42 1.0187272E+07  19.0314 5.164 3.613 0.743996 0.252006 0.000957 0.000252 0.002107  3.613 -5.676
43 1.0200559E+07  19.0035 5.159 3.611 0.739346 0.256654 0.000868 0.000383 0.002056  3.611 -5.689
44 1.0208981E+07  18.9844 5.200 3.609 0.656592 0.339432 0.000550 0.001217 0.001545  3.609 -5.614
45 1.0213413E+07  18.9716 5.270 3.608 0.649467 0.346560 0.000529 0.001280 0.001501  3.608 -5.460
46 1.0214054E+07  18.9694 5.279 3.608 0.649040 0.346987 0.000528 0.001284 0.001498  3.608 -5.443
47 1.0214302E+07  18.9685 5.278 3.608 0.648857 0.347171 0.000528 0.001285 0.001497  3.608 -5.446
48 1.0214361E+07  18.9683 5.281 3.608 0.648848 0.347180 0.000528 0.001285 0.001497  3.608 -5.439
49 1.0214390E+07  18.9682 5.282 3.608 0.648848 0.347180 0.000528 0.001285 0.001497  3.608 -5.438
50 1.0214412E+07  18.9681 5.282 3.608 0.648848 0.347180 0.000528 0.001285 0.001497  3.608 -5.438
51 1.0214461E+07  18.9679 5.282 3.608 0.648848 0.347180 0.000528 0.001285 0.001497  3.608 -5.438

   15.00 WR

 1 3.1976891E+05  14.9986 4.278 4.516 0.744000 0.252000 0.000973 0.000247 0.002107  4.516 -8.290
 2 3.8960760E+06  14.9775 4.352 4.507 0.744000 0.252000 0.000973 0.000247 0.002107  4.507 -8.169
 3 5.8747490E+06  14.9627 4.401 4.502 0.744000 0.252000 0.000973 0.000247 0.002107  4.502 -8.087
 4 7.5796525E+06  14.9474 4.448 4.494 0.744000 0.252000 0.000973 0.000247 0.002107  4.494 -8.007
 5 8.9973140E+06  14.9321 4.492 4.484 0.744000 0.252000 0.000973 0.000247 0.002107  4.484 -7.930
 6 1.0190197E+07  14.9168 4.535 4.471 0.744000 0.252000 0.000973 0.000247 0.002107  4.471 -7.856
 7 1.1220251E+07  14.9011 4.576 4.455 0.744000 0.252000 0.000973 0.000247 0.002107  4.455 -7.779
 8 1.1880270E+07  14.8894 4.605 4.439 0.744000 0.252000 0.000973 0.000247 0.002107  4.439 -7.724
 9 1.2447079E+07  14.8780 4.632 4.421 0.744000 0.252000 0.000973 0.000247 0.002107  4.421 -7.668
10 1.2782630E+07  14.8704 4.650 4.410 0.744000 0.252000 0.000973 0.000247 0.002107  4.410 -7.630
11 1.3021371E+07  14.8646 4.665 4.403 0.744000 0.252000 0.000973 0.000247 0.002107  4.403 -7.600
12 1.3221748E+07  14.8594 4.688 4.422 0.744000 0.252000 0.000973 0.000247 0.002107  4.422 -7.563
13 1.3241721E+07  14.8589 4.723 4.451 0.744000 0.252000 0.000973 0.000247 0.002107  4.451 -7.513
14 1.3246246E+07  14.8587 4.708 4.438 0.744000 0.252000 0.000973 0.000247 0.002107  4.438 -7.533
15 1.3253613E+07  14.8585 4.737 4.375 0.744000 0.252000 0.000973 0.000247 0.002107  4.375 -7.448
16 1.3259456E+07  14.8583 4.753 4.304 0.744000 0.252000 0.000973 0.000247 0.002107  4.304 -7.377
17 1.3264029E+07  14.8581 4.764 4.236 0.744000 0.252000 0.000973 0.000247 0.002107  4.236 -7.293
18 1.3267839E+07  14.8578 4.770 4.169 0.744000 0.252000 0.000973 0.000247 0.002107  4.169 -7.193
19 1.3271903E+07  14.8575 4.788 4.102 0.744000 0.252000 0.000973 0.000247 0.002107  4.102 -7.039
20 1.3281074E+07  14.8564 4.820 4.030 0.744000 0.252000 0.000973 0.000247 0.002107  4.030 -6.826
21 1.3287681E+07  14.8554 4.830 4.048 0.744000 0.252000 0.000973 0.000247 0.002107  4.048 -6.843
22 1.3315579E+07  14.8522 4.831 4.126 0.744000 0.252000 0.000973 0.000247 0.002107  4.126 -6.993
23 1.3370244E+07  14.8466 4.833 4.117 0.744000 0.252000 0.000973 0.000247 0.002107  4.117 -6.972
24 1.3425407E+07  14.8404 4.838 4.102 0.744000 0.252000 0.000973 0.000247 0.002107  4.102 -6.936
25 1.3476328E+07  14.8343 4.842 4.094 0.744000 0.252000 0.000973 0.000247 0.002107  4.094 -6.911
26 1.3531492E+07  14.8273 4.846 4.084 0.744000 0.252000 0.000973 0.000247 0.002107  4.084 -6.884
27 1.3586656E+07  14.8199 4.850 4.074 0.744000 0.252000 0.000973 0.000247 0.002107  4.074 -6.856
28 1.3639698E+07  14.8123 4.853 4.064 0.744000 0.252000 0.000973 0.000247 0.002107  4.064 -6.829
29 1.3694246E+07  14.8039 4.857 4.053 0.744000 0.252000 0.000973 0.000247 0.002107  4.053 -6.797
30 1.3749739E+07  14.7947 4.860 4.040 0.744000 0.252000 0.000973 0.000247 0.002107  4.040 -6.763
31 1.3808463E+07  14.7841 4.864 4.025 0.744000 0.252000 0.000973 0.000247 0.002107  4.025 -6.725
32 1.3868850E+07  14.7721 4.867 4.008 0.744000 0.252000 0.000973 0.000247 0.002107  4.008 -6.680
33 1.3929238E+07  14.7587 4.871 3.988 0.744000 0.252000 0.000973 0.000247 0.002107  3.988 -6.630
34 1.3982077E+07  14.7456 4.873 3.968 0.744000 0.252000 0.000973 0.000247 0.002107  3.968 -6.581
35 1.4043377E+07  14.7281 4.876 3.940 0.744000 0.252000 0.000973 0.000247 0.002107  3.940 -6.513
36 1.4108822E+07  14.7058 4.878 3.900 0.744000 0.252000 0.000973 0.000247 0.002107  3.900 -6.423
37 1.4176085E+07  14.6767 4.879 3.838 0.744000 0.252000 0.000973 0.000247 0.002107  3.838 -6.300
38 1.4244425E+07  14.6356 4.839 3.631 0.744000 0.252000 0.000973 0.000247 0.002107  3.631 -6.204
39 1.4320061E+07  14.5874 4.856 3.611 0.743994 0.252005 0.000958 0.000251 0.002107  3.611 -6.189
40 1.4382898E+07  14.5463 4.865 3.610 0.743989 0.252009 0.000934 0.000264 0.002107  3.610 -6.178
41 1.4410861E+07  14.5275 4.871 3.609 0.743985 0.252011 0.000913 0.000281 0.002107  3.609 -6.170
42 1.4440276E+07  14.5074 4.881 3.608 0.743975 0.252015 0.000863 0.000334 0.002107  3.608 -6.157
43 1.4459267E+07  14.4938 4.896 3.606 0.738406 0.257575 0.000741 0.000530 0.002054  3.606 -6.137
44 1.4459297E+07  14.4938 4.896 3.606 0.738371 0.257610 0.000740 0.000531 0.002054  3.606 -6.137
45 1.4461972E+07  14.4918 4.912 3.605 0.730526 0.265454 0.000674 0.000669 0.001990  3.605 -6.119
46 1.4463630E+07  14.4905 4.929 3.602 0.716669 0.279317 0.000634 0.000796 0.001901  3.602 -6.088
47 1.4476059E+07  14.4807 4.946 3.601 0.694073 0.301923 0.000575 0.000985 0.001767  3.601 -6.068
48 1.4477140E+07  14.4797 4.962 3.600 0.686932 0.309067 0.000557 0.001043 0.001727  3.600 -6.046
49 1.4478191E+07  14.4787 4.980 3.599 0.685518 0.310481 0.000553 0.001055 0.001718  3.599 -6.018
50 1.4479696E+07  14.4772 4.996 3.599 0.684487 0.311513 0.000551 0.001063 0.001713  3.599 -5.990
51 1.4484687E+07  14.4718 5.030 3.597 0.682034 0.313967 0.000545 0.001083 0.001698  3.597 -5.940

   12.00 WR

 1 4.6889109E+05  11.9995 3.999 4.475 0.744000 0.252000 0.000973 0.000247 0.002107  4.475 -8.918
 2 5.4216790E+06  11.9924 4.072 4.466 0.744000 0.252000 0.000973 0.000247 0.002107  4.466 -8.771
 3 8.2296015E+06  11.9871 4.122 4.460 0.744000 0.252000 0.000973 0.000247 0.002107  4.460 -8.670
 4 1.0541903E+07  11.9816 4.169 4.454 0.744000 0.252000 0.000973 0.000247 0.002107  4.454 -8.577
 5 1.2485556E+07  11.9759 4.214 4.444 0.744000 0.252000 0.000973 0.000247 0.002107  4.444 -8.493
 6 1.4083439E+07  11.9702 4.257 4.432 0.744000 0.252000 0.000973 0.000247 0.002107  4.432 -8.416
 7 1.5477730E+07  11.9644 4.299 4.417 0.744000 0.252000 0.000973 0.000247 0.002107  4.417 -8.340
 8 1.6351372E+07  11.9601 4.328 4.403 0.744000 0.252000 0.000973 0.000247 0.002107  4.403 -8.286
 9 1.7108528E+07  11.9560 4.356 4.387 0.744000 0.252000 0.000973 0.000247 0.002107  4.387 -8.234
10 1.7564570E+07  11.9532 4.375 4.377 0.744000 0.252000 0.000973 0.000247 0.002107  4.377 -8.198
11 1.7873578E+07  11.9512 4.390 4.373 0.744000 0.252000 0.000973 0.000247 0.002107  4.373 -8.167
12 1.8125388E+07  11.9494 4.412 4.392 0.744000 0.252000 0.000973 0.000247 0.002107  4.392 -8.112
13 1.8157036E+07  11.9491 4.436 4.416 0.744000 0.252000 0.000973 0.000247 0.002107  4.416 -8.055
14 1.8158840E+07  11.9491 4.426 4.409 0.744000 0.252000 0.000973 0.000247 0.002107  4.409 -8.078
15 1.8176880E+07  11.9489 4.468 4.285 0.744000 0.252000 0.000973 0.000247 0.002107  4.285 -7.986
16 1.8187702E+07  11.9488 4.472 4.156 0.744000 0.252000 0.000973 0.000247 0.002107  4.156 -7.849
17 1.8194832E+07  11.9487 4.445 3.991 0.744000 0.252000 0.000973 0.000247 0.002107  3.991 -7.576
18 1.8198272E+07  11.9485 4.410 3.833 0.744000 0.252000 0.000973 0.000247 0.002107  3.833 -7.245
19 1.8199624E+07  11.9484 4.372 3.735 0.744000 0.252000 0.000973 0.000247 0.002107  3.735 -7.082
20 1.8201472E+07  11.9483 4.264 3.642 0.743999 0.252000 0.000973 0.000247 0.002107  3.642 -7.057
21 1.8229724E+07  11.9416 4.530 3.610 0.709556 0.286431 0.000594 0.000913 0.001827  3.610 -6.628
22 1.8273174E+07  11.9320 4.493 3.613 0.709556 0.286431 0.000594 0.000913 0.001827  3.613 -6.678
23 1.8359736E+07  11.9153 4.447 3.617 0.709556 0.286431 0.000594 0.000913 0.001827  3.617 -6.744
24 1.8441752E+07  11.9011 4.435 3.624 0.709556 0.286431 0.000594 0.000913 0.001827  3.624 -6.769
25 1.8461390E+07  11.8975 4.558 3.664 0.709556 0.286431 0.000594 0.000913 0.001827  3.664 -6.634
26 1.8469248E+07  11.8964 4.581 3.960 0.709556 0.286431 0.000594 0.000913 0.001827  3.960 -7.185
27 1.8667350E+07  11.8912 4.563 4.126 0.709556 0.286431 0.000594 0.000913 0.001827  4.126 -7.586
28 1.8745124E+07  11.8892 4.567 4.128 0.709556 0.286431 0.000594 0.000913 0.001827  4.128 -7.580
29 1.8830288E+07  11.8869 4.571 4.132 0.709556 0.286431 0.000594 0.000913 0.001827  4.132 -7.575
30 1.8898112E+07  11.8851 4.575 4.135 0.709556 0.286431 0.000594 0.000913 0.001827  4.135 -7.572
31 1.8979784E+07  11.8829 4.579 4.138 0.709556 0.286431 0.000594 0.000913 0.001827  4.138 -7.568
32 1.9053670E+07  11.8809 4.582 4.141 0.709556 0.286431 0.000594 0.000913 0.001827  4.141 -7.566
33 1.9139316E+07  11.8786 4.586 4.144 0.709556 0.286431 0.000594 0.000913 0.001827  4.144 -7.561
34 1.9221670E+07  11.8763 4.590 4.146 0.709556 0.286431 0.000594 0.000913 0.001827  4.146 -7.557
35 1.9311862E+07  11.8738 4.594 4.149 0.709556 0.286431 0.000594 0.000913 0.001827  4.149 -7.551
36 1.9389240E+07  11.8716 4.597 4.149 0.709556 0.286431 0.000594 0.000913 0.001827  4.149 -7.545
37 1.9481988E+07  11.8689 4.600 4.148 0.709556 0.286431 0.000594 0.000913 0.001827  4.148 -7.535
38 1.9578844E+07  11.8660 4.604 4.144 0.709556 0.286431 0.000594 0.000913 0.001827  4.144 -7.521
39 1.9656328E+07  11.8636 4.606 4.133 0.709556 0.286431 0.000594 0.000913 0.001827  4.133 -7.498
40 1.9740272E+07  11.8608 4.607 4.105 0.709556 0.286431 0.000594 0.000913 0.001827  4.105 -7.444
41 1.9780952E+07  11.8593 4.606 4.076 0.709556 0.286431 0.000594 0.000913 0.001827  4.076 -7.390
42 1.9823000E+07  11.8573 4.597 3.994 0.709556 0.286431 0.000594 0.000913 0.001827  3.994 -7.230
43 1.9844452E+07  11.8554 4.486 3.709 0.709556 0.286431 0.000594 0.000913 0.001827  3.709 -6.820
44 1.9846600E+07  11.8551 4.329 3.633 0.709556 0.286431 0.000594 0.000913 0.001827  3.633 -6.940
45 1.9847678E+07  11.8549 4.556 3.610 0.709556 0.286431 0.000594 0.000913 0.001827  3.610 -6.586
46 1.9848108E+07  11.8548 4.597 3.608 0.709556 0.286431 0.000594 0.000913 0.001827  3.608 -6.537
47 1.9862204E+07  11.8507 4.638 3.604 0.709556 0.286431 0.000594 0.000913 0.001827  3.604 -6.486
48 1.9867232E+07  11.8489 4.681 3.602 0.709556 0.286432 0.000591 0.000914 0.001827  3.602 -6.431
49 1.9873352E+07  11.8465 4.723 3.599 0.709554 0.286432 0.000583 0.000924 0.001827  3.599 -6.378
50 1.9881004E+07  11.8430 4.765 3.596 0.709552 0.286435 0.000577 0.000931 0.001826  3.596 -6.325
51 1.9890558E+07  11.8382 4.807 3.594 0.706650 0.289337 0.000570 0.000956 0.001808  3.594 -6.270

    9.00 WR

 1 5.9998856E+05   9.0000 3.620 4.418 0.744000 0.252000 0.000973 0.000247 0.002107  4.418-10.090
 2 8.5099780E+06   8.9992 3.691 4.408 0.744000 0.252000 0.000973 0.000247 0.002107  4.408 -9.896
 3 1.2962676E+07   8.9985 3.740 4.403 0.744000 0.252000 0.000973 0.000247 0.002107  4.403 -9.759
 4 1.6708929E+07   8.9978 3.787 4.396 0.744000 0.252000 0.000973 0.000247 0.002107  4.396 -9.637
 5 1.9846176E+07   8.9969 3.833 4.387 0.744000 0.252000 0.000973 0.000247 0.002107  4.387 -9.525
 6 2.2424692E+07   8.9961 3.875 4.375 0.744000 0.252000 0.000973 0.000247 0.002107  4.375 -9.426
 7 2.4561190E+07   8.9952 3.915 4.361 0.744000 0.252000 0.000973 0.000247 0.002107  4.361 -9.337
 8 2.5899808E+07   8.9945 3.943 4.348 0.744000 0.252000 0.000973 0.000247 0.002107  4.348 -9.274
 9 2.7100482E+07   8.9938 3.971 4.334 0.744000 0.252000 0.000973 0.000247 0.002107  4.334 -9.214
10 2.7787300E+07   8.9934 3.989 4.326 0.744000 0.252000 0.000973 0.000247 0.002107  4.326 -9.173
11 2.8256208E+07   8.9931 4.003 4.322 0.744000 0.252000 0.000973 0.000247 0.002107  4.322 -9.136
12 2.8658922E+07   8.9927 4.027 4.341 0.744000 0.252000 0.000973 0.000247 0.002107  4.341 -9.059
13 2.8714868E+07   8.9927 4.063 4.369 0.744000 0.252000 0.000973 0.000247 0.002107  4.369 -8.938
14 2.8720110E+07   8.9927 4.034 4.358 0.744000 0.252000 0.000973 0.000247 0.002107  4.358 -9.023
15 2.8749508E+07   8.9927 4.091 4.245 0.744000 0.252000 0.000973 0.000247 0.002107  4.245 -8.914
16 2.8771192E+07   8.9926 4.099 4.127 0.744000 0.252000 0.000973 0.000247 0.002107  4.127 -8.768
17 2.8783628E+07   8.9926 4.081 4.010 0.744000 0.252000 0.000973 0.000247 0.002107  4.010 -8.559
18 2.8790776E+07   8.9926 4.049 3.893 0.744000 0.252000 0.000973 0.000247 0.002107  3.893 -8.289
19 2.8795096E+07   8.9925 4.000 3.773 0.744000 0.252000 0.000973 0.000247 0.002107  3.773 -7.984
20 2.8799052E+07   8.9925 3.854 3.656 0.744000 0.252000 0.000973 0.000247 0.002107  3.656 -7.812
21 2.8874560E+07   8.9856 4.237 3.614 0.735597 0.260370 0.000619 0.000763 0.001963  3.614 -7.024
22 2.8969236E+07   8.9768 4.225 3.615 0.735597 0.260370 0.000619 0.000763 0.001963  3.615 -7.045
23 2.9126276E+07   8.9632 4.207 3.616 0.735597 0.260370 0.000619 0.000763 0.001963  3.616 -7.073
24 2.9290454E+07   8.9497 4.191 3.617 0.735597 0.260370 0.000619 0.000763 0.001963  3.617 -7.099
25 2.9432148E+07   8.9387 4.178 3.618 0.735597 0.260370 0.000619 0.000763 0.001963  3.618 -7.121
26 2.9563976E+07   8.9290 4.166 3.619 0.735597 0.260370 0.000619 0.000763 0.001963  3.619 -7.141
27 2.9695110E+07   8.9197 4.155 3.620 0.735597 0.260370 0.000619 0.000763 0.001963  3.620 -7.159
28 2.9826244E+07   8.9108 4.146 3.621 0.735597 0.260370 0.000619 0.000763 0.001963  3.621 -7.176
29 2.9962064E+07   8.9019 4.138 3.622 0.735597 0.260370 0.000619 0.000763 0.001963  3.622 -7.192
30 3.0069780E+07   8.8951 4.133 3.623 0.735597 0.260370 0.000619 0.000763 0.001963  3.623 -7.202
31 3.0182180E+07   8.8881 4.129 3.624 0.735597 0.260370 0.000619 0.000763 0.001963  3.624 -7.212
32 3.0314498E+07   8.8801 4.127 3.626 0.735597 0.260370 0.000619 0.000763 0.001963  3.626 -7.221
33 3.0446904E+07   8.8722 4.131 3.630 0.735597 0.260370 0.000619 0.000763 0.001963  3.630 -7.227
34 3.0568444E+07   8.8649 4.211 3.675 0.735597 0.260370 0.000619 0.000763 0.001963  3.675 -7.226
35 3.0695490E+07   8.8626 4.226 3.906 0.735597 0.260370 0.000619 0.000763 0.001963  3.906 -7.880
36 3.0821286E+07   8.8611 4.232 3.927 0.735597 0.260370 0.000619 0.000763 0.001963  3.927 -7.928
37 3.0972804E+07   8.8594 4.238 3.946 0.735597 0.260370 0.000619 0.000763 0.001963  3.946 -7.966
38 3.1124840E+07   8.8577 4.243 3.953 0.735597 0.260370 0.000619 0.000763 0.001963  3.953 -7.973
39 3.1250310E+07   8.8563 4.245 3.935 0.735597 0.260370 0.000619 0.000763 0.001963  3.935 -7.918
40 3.1383808E+07   8.8544 4.241 3.879 0.735597 0.260370 0.000619 0.000763 0.001963  3.879 -7.762
41 3.1476360E+07   8.8519 4.204 3.690 0.735597 0.260370 0.000619 0.000763 0.001963  3.690 -7.278
42 3.1500360E+07   8.8505 4.170 3.622 0.735597 0.260370 0.000619 0.000763 0.001963  3.622 -7.142
43 3.1542148E+07   8.8470 4.263 3.614 0.735597 0.260370 0.000619 0.000763 0.001963  3.614 -6.988
44 3.1633224E+07   8.8334 4.502 3.593 0.733514 0.262455 0.000607 0.000803 0.001934  3.593 -6.650
45 3.1638664E+07   8.8322 4.515 3.593 0.731921 0.264049 0.000603 0.000821 0.001920  3.593 -6.634
46 3.1638724E+07   8.8321 4.515 3.593 0.731919 0.264051 0.000603 0.000821 0.001920  3.593 -6.634
47 3.1639986E+07   8.8319 4.520 3.593 0.731177 0.264794 0.000601 0.000828 0.001915  3.593 -6.627
48 3.1642500E+07   8.8312 4.555 3.591 0.729348 0.266623 0.000596 0.000845 0.001901  3.591 -6.585
49 3.1645324E+07   8.8305 4.562 3.591 0.728944 0.267028 0.000596 0.000849 0.001898  3.591 -6.576
50 3.1647388E+07   8.8299 4.563 3.591 0.728659 0.267314 0.000595 0.000851 0.001897  3.591 -6.575
51 3.1648826E+07   8.8296 4.560 3.591 0.728507 0.267466 0.000595 0.000852 0.001896  3.591 -6.580

    7.00 WR

 1 4.9999050E+05   7.0000 3.271 4.367 0.744000 0.252000 0.000973 0.000247 0.002107  4.367-11.470
 2 1.4069580E+07   6.9999 3.344 4.354 0.744000 0.252000 0.000973 0.000247 0.002107  4.354-11.190
 3 2.1177132E+07   6.9999 3.392 4.349 0.744000 0.252000 0.000973 0.000247 0.002107  4.349-11.020
 4 2.7195496E+07   6.9998 3.439 4.342 0.744000 0.252000 0.000973 0.000247 0.002107  4.342-10.860
 5 3.2019026E+07   6.9997 3.481 4.332 0.744000 0.252000 0.000973 0.000247 0.002107  4.332-10.720
 6 3.6068504E+07   6.9996 3.522 4.321 0.744000 0.252000 0.000973 0.000247 0.002107  4.321-10.590
 7 3.9455772E+07   6.9995 3.561 4.307 0.744000 0.252000 0.000973 0.000247 0.002107  4.307-10.480
 8 4.1585064E+07   6.9995 3.588 4.294 0.744000 0.252000 0.000973 0.000247 0.002107  4.294-10.400
 9 4.3402224E+07   6.9994 3.614 4.281 0.744000 0.252000 0.000973 0.000247 0.002107  4.281-10.320
10 4.4487296E+07   6.9993 3.631 4.273 0.744000 0.252000 0.000973 0.000247 0.002107  4.273-10.270
11 4.5192592E+07   6.9993 3.645 4.270 0.744000 0.252000 0.000973 0.000247 0.002107  4.270-10.220
12 4.5792360E+07   6.9993 3.668 4.288 0.744000 0.252000 0.000973 0.000247 0.002107  4.288-10.140
13 4.5897904E+07   6.9993 3.701 4.316 0.744000 0.252000 0.000973 0.000247 0.002107  4.316-10.010
14 4.5905104E+07   6.9993 3.673 4.305 0.744000 0.252000 0.000973 0.000247 0.002107  4.305-10.110
15 4.5962872E+07   6.9992 3.744 4.202 0.744000 0.252000 0.000973 0.000247 0.002107  4.202 -9.903
16 4.6011272E+07   6.9992 3.750 4.095 0.744000 0.252000 0.000973 0.000247 0.002107  4.095 -9.730
17 4.6039376E+07   6.9992 3.727 3.987 0.744000 0.252000 0.000973 0.000247 0.002107  3.987 -9.505
18 4.6055064E+07   6.9992 3.690 3.880 0.744000 0.252000 0.000973 0.000247 0.002107  3.880 -9.211
19 4.6064624E+07   6.9992 3.640 3.769 0.744000 0.252000 0.000973 0.000247 0.002107  3.769 -8.829
20 4.6074640E+07   6.9992 3.516 3.663 0.743999 0.252000 0.000973 0.000247 0.002107  3.663 -8.500
21 4.6240112E+07   6.9951 3.885 3.622 0.739625 0.256327 0.000628 0.000718 0.002004  3.622 -7.588
22 4.6425192E+07   6.9905 3.872 3.623 0.739625 0.256327 0.000628 0.000718 0.002004  3.623 -7.617
23 4.6758576E+07   6.9829 3.852 3.625 0.739625 0.256327 0.000628 0.000718 0.002004  3.625 -7.661
24 4.7036024E+07   6.9771 3.837 3.627 0.739625 0.256327 0.000628 0.000718 0.002004  3.627 -7.694
25 4.7289952E+07   6.9721 3.825 3.628 0.739625 0.256327 0.000628 0.000718 0.002004  3.628 -7.721
26 4.7537140E+07   6.9675 3.815 3.630 0.739625 0.256327 0.000628 0.000718 0.002004  3.630 -7.746
27 4.7784416E+07   6.9632 3.805 3.631 0.739625 0.256327 0.000628 0.000718 0.002004  3.631 -7.769
28 4.7994876E+07   6.9597 3.798 3.632 0.739625 0.256327 0.000628 0.000718 0.002004  3.632 -7.787
29 4.8228672E+07   6.9560 3.792 3.634 0.739625 0.256327 0.000628 0.000718 0.002004  3.634 -7.807
30 4.8424996E+07   6.9530 3.787 3.635 0.739625 0.256327 0.000628 0.000718 0.002004  3.635 -7.822
31 4.8615656E+07   6.9501 3.786 3.637 0.739625 0.256327 0.000628 0.000718 0.002004  3.637 -7.833
32 4.8841620E+07   6.9469 3.787 3.639 0.739625 0.256327 0.000628 0.000718 0.002004  3.639 -7.845
33 4.9092440E+07   6.9433 3.796 3.644 0.739625 0.256327 0.000628 0.000718 0.002004  3.644 -7.853
34 4.9336484E+07   6.9400 3.866 3.718 0.739625 0.256327 0.000628 0.000718 0.002004  3.718 -8.065
35 4.9524600E+07   6.9390 3.879 3.794 0.739625 0.256327 0.000628 0.000718 0.002004  3.794 -8.354
36 4.9780032E+07   6.9381 3.891 3.830 0.739625 0.256327 0.000628 0.000718 0.002004  3.830 -8.470
37 5.0072880E+07   6.9371 3.901 3.853 0.739625 0.256327 0.000628 0.000718 0.002004  3.853 -8.532
38 5.0263232E+07   6.9366 3.905 3.849 0.739625 0.256327 0.000628 0.000718 0.002004  3.849 -8.508
39 5.0475552E+07   6.9358 3.906 3.826 0.739625 0.256327 0.000628 0.000718 0.002004  3.826 -8.417
40 5.0695192E+07   6.9347 3.892 3.729 0.739625 0.256327 0.000628 0.000718 0.002004  3.729 -8.054
41 5.0780996E+07   6.9336 3.827 3.647 0.739625 0.256327 0.000628 0.000718 0.002004  3.647 -7.810
42 5.0881356E+07   6.9317 3.851 3.630 0.739625 0.256327 0.000628 0.000718 0.002004  3.630 -7.685
43 5.0946572E+07   6.9301 3.948 3.619 0.739625 0.256327 0.000628 0.000718 0.002004  3.619 -7.473
44 5.0951644E+07   6.9299 3.972 3.617 0.739625 0.256327 0.000628 0.000718 0.002004  3.617 -7.429
45 5.1030648E+07   6.9273 4.014 3.615 0.739625 0.256327 0.000628 0.000718 0.002004  3.615 -7.353
46 5.1052968E+07   6.9262 4.056 3.613 0.739625 0.256327 0.000628 0.000718 0.002004  3.613 -7.282
47 5.1079748E+07   6.9247 4.101 3.610 0.739625 0.256327 0.000628 0.000718 0.002004  3.610 -7.207
48 5.1103680E+07   6.9230 4.143 3.606 0.739625 0.256327 0.000628 0.000718 0.002004  3.606 -7.137
49 5.1124196E+07   6.9214 4.184 3.602 0.738948 0.257006 0.000625 0.000730 0.001994  3.602 -7.066
50 5.1141292E+07   6.9198 4.226 3.597 0.736764 0.259192 0.000616 0.000763 0.001968  3.597 -6.998
51 5.1155512E+07   6.9182 4.265 3.594 0.734744 0.261214 0.000609 0.000790 0.001947  3.594 -6.941

    5.00 WR

 1 1.5879698E+06   5.0000 2.792 4.291 0.744000 0.252000 0.000973 0.000247 0.002107  4.291-13.630
 2 2.8264012E+07   5.0000 2.862 4.278 0.744000 0.252000 0.000973 0.000247 0.002107  4.278-13.260
 3 4.2766876E+07   5.0000 2.909 4.271 0.744000 0.252000 0.000973 0.000247 0.002107  4.271-13.030
 4 5.4623144E+07   5.0000 2.952 4.264 0.744000 0.252000 0.000973 0.000247 0.002107  4.264-12.830
 5 6.4478908E+07   5.0000 2.994 4.254 0.744000 0.252000 0.000973 0.000247 0.002107  4.254-12.630
 6 7.2468048E+07   5.0000 3.032 4.242 0.744000 0.252000 0.000973 0.000247 0.002107  4.242-12.450
 7 7.9073808E+07   5.0000 3.067 4.227 0.744000 0.252000 0.000973 0.000247 0.002107  4.227-12.290
 8 8.3329472E+07   5.0000 3.092 4.214 0.744000 0.252000 0.000973 0.000247 0.002107  4.214-12.170
 9 8.6855184E+07   5.0000 3.115 4.201 0.744000 0.252000 0.000973 0.000247 0.002107  4.201-12.060
10 8.8978064E+07   5.0000 3.130 4.193 0.744000 0.252000 0.000973 0.000247 0.002107  4.193-11.990
11 9.0371104E+07   5.0000 3.144 4.191 0.744000 0.252000 0.000973 0.000247 0.002107  4.191-11.930
12 9.1509864E+07   5.0000 3.169 4.209 0.744000 0.252000 0.000973 0.000247 0.002107  4.209-11.870
13 9.1726608E+07   5.0000 3.196 4.236 0.744000 0.252000 0.000973 0.000247 0.002107  4.236-11.800
14 9.1738416E+07   5.0000 3.170 4.225 0.744000 0.252000 0.000973 0.000247 0.002107  4.225-11.890
15 9.1892224E+07   5.0000 3.249 4.137 0.744000 0.252000 0.000973 0.000247 0.002107  4.137-11.440
16 9.2041584E+07   5.0000 3.248 4.044 0.744000 0.252000 0.000973 0.000247 0.002107  4.044-11.170
17 9.2120960E+07   5.0000 3.220 3.954 0.744000 0.252000 0.000973 0.000247 0.002107  3.954-10.880
18 9.2166128E+07   5.0000 3.179 3.864 0.744000 0.252000 0.000973 0.000247 0.002107  3.864-10.520
19 9.2193824E+07   5.0000 3.129 3.774 0.744000 0.252000 0.000973 0.000247 0.002107  3.774-10.070
20 9.2229880E+07   5.0000 3.011 3.681 0.744000 0.252000 0.000973 0.000247 0.002107  3.681 -9.590
21 9.2707224E+07   4.9987 3.406 3.639 0.739455 0.256472 0.000630 0.000705 0.002016  3.639 -8.543
22 9.3218584E+07   4.9974 3.388 3.640 0.739455 0.256472 0.000630 0.000705 0.002016  3.640 -8.584
23 9.3984272E+07   4.9955 3.367 3.642 0.739455 0.256472 0.000630 0.000705 0.002016  3.642 -8.636
24 9.4674008E+07   4.9940 3.350 3.643 0.739455 0.256472 0.000630 0.000705 0.002016  3.643 -8.678
25 9.5310512E+07   4.9927 3.334 3.644 0.739455 0.256472 0.000630 0.000705 0.002016  3.644 -8.717
26 9.5908760E+07   4.9916 3.322 3.646 0.739455 0.256472 0.000630 0.000705 0.002016  3.646 -8.749
27 9.6400184E+07   4.9907 3.312 3.647 0.739455 0.256472 0.000630 0.000705 0.002016  3.647 -8.780
28 9.6977072E+07   4.9898 3.302 3.650 0.739455 0.256472 0.000630 0.000705 0.002016  3.650 -8.816
29 9.7422560E+07   4.9892 3.295 3.652 0.739455 0.256472 0.000630 0.000705 0.002016  3.652 -8.843
30 9.7875816E+07   4.9885 3.291 3.654 0.739455 0.256472 0.000630 0.000705 0.002016  3.654 -8.870
31 9.8360184E+07   4.9879 3.288 3.656 0.739455 0.256472 0.000630 0.000705 0.002016  3.656 -8.892
32 9.8950464E+07   4.9872 3.289 3.659 0.739455 0.256472 0.000630 0.000705 0.002016  3.659 -8.910
33 9.9414552E+07   4.9866 3.294 3.661 0.739455 0.256472 0.000630 0.000705 0.002016  3.661 -8.917
34 1.0093596E+08   4.9848 3.358 3.685 0.739455 0.256472 0.000630 0.000705 0.002016  3.685 -8.967
35 1.0125361E+08   4.9845 3.376 3.705 0.739455 0.256472 0.000630 0.000705 0.002016  3.705 -9.072
36 1.0158609E+08   4.9842 3.385 3.717 0.739455 0.256472 0.000630 0.000705 0.002016  3.717 -9.125
37 1.0195079E+08   4.9840 3.393 3.727 0.739455 0.256472 0.000630 0.000705 0.002016  3.727 -9.172
38 1.0241544E+08   4.9837 3.400 3.730 0.739455 0.256472 0.000630 0.000705 0.002016  3.730 -9.180
39 1.0307196E+08   4.9832 3.404 3.719 0.739455 0.256472 0.000630 0.000705 0.002016  3.719 -9.099
40 1.0346459E+08   4.9828 3.366 3.671 0.739455 0.256472 0.000630 0.000705 0.002016  3.671 -8.857
41 1.0363435E+08   4.9826 3.346 3.658 0.739455 0.256472 0.000630 0.000705 0.002016  3.658 -8.799
42 1.0382676E+08   4.9822 3.359 3.649 0.739455 0.256472 0.000630 0.000705 0.002016  3.649 -8.706
43 1.0395748E+08   4.9819 3.470 3.638 0.739455 0.256472 0.000630 0.000705 0.002016  3.638 -8.418
44 1.0397015E+08   4.9818 3.529 3.633 0.739455 0.256472 0.000630 0.000705 0.002016  3.633 -8.279
45 1.0422144E+08   4.9806 3.610 3.626 0.739455 0.256472 0.000630 0.000705 0.002016  3.626 -8.087
46 1.0429727E+08   4.9798 3.681 3.621 0.739454 0.256472 0.000630 0.000705 0.002016  3.621 -7.927
47 1.0436363E+08   4.9788 3.757 3.614 0.739454 0.256472 0.000630 0.000705 0.002016  3.614 -7.762
48 1.0442051E+08   4.9776 3.834 3.609 0.739443 0.256485 0.000629 0.000706 0.002016  3.609 -7.606
49 1.0446829E+08   4.9762 3.911 3.604 0.737456 0.258474 0.000621 0.000738 0.001990  3.604 -7.466
50 1.0450621E+08   4.9746 3.987 3.595 0.735648 0.260284 0.000615 0.000762 0.001971  3.595 -7.319
51 1.0453700E+08   4.9728 4.061 3.588 0.733436 0.262497 0.000610 0.000782 0.001955  3.588 -7.185

    4.00   

 1 1.8139655E+06   4.0000 2.461 4.237 0.744000 0.252000 0.000973 0.000247 0.002107
 2 4.5969596E+07   4.0000 2.529 4.223 0.744000 0.252000 0.000973 0.000247 0.002107
 3 6.9549616E+07   4.0000 2.574 4.216 0.744000 0.252000 0.000973 0.000247 0.002107
 4 8.8999952E+07   4.0000 2.616 4.208 0.744000 0.252000 0.000973 0.000247 0.002107
 5 1.0539327E+08   4.0000 2.657 4.198 0.744000 0.252000 0.000973 0.000247 0.002107
 6 1.1860204E+08   4.0000 2.693 4.185 0.744000 0.252000 0.000973 0.000247 0.002107
 7 1.2945354E+08   4.0000 2.726 4.170 0.744000 0.252000 0.000973 0.000247 0.002107
 8 1.3642717E+08   4.0000 2.749 4.156 0.744000 0.252000 0.000973 0.000247 0.002107
 9 1.4234022E+08   4.0000 2.769 4.142 0.744000 0.252000 0.000973 0.000247 0.002107
10 1.4576006E+08   4.0000 2.784 4.134 0.744000 0.252000 0.000973 0.000247 0.002107
11 1.4808915E+08   4.0000 2.796 4.132 0.744000 0.252000 0.000973 0.000247 0.002107
12 1.4987906E+08   4.0000 2.821 4.149 0.744000 0.252000 0.000973 0.000247 0.002107
13 1.5030986E+08   4.0000 2.842 4.175 0.744000 0.252000 0.000973 0.000247 0.002107
14 1.5033069E+08   4.0000 2.825 4.164 0.744000 0.252000 0.000973 0.000247 0.002107
15 1.5060914E+08   4.0000 2.902 4.090 0.744000 0.252000 0.000973 0.000247 0.002107
16 1.5090650E+08   4.0000 2.899 4.012 0.744000 0.252000 0.000973 0.000247 0.002107
17 1.5107642E+08   4.0000 2.871 3.931 0.744000 0.252000 0.000973 0.000247 0.002107
18 1.5117098E+08   4.0000 2.827 3.851 0.744000 0.252000 0.000973 0.000247 0.002107
19 1.5122565E+08   4.0000 2.778 3.778 0.744000 0.252000 0.000973 0.000247 0.002107
20 1.5130917E+08   4.0000 2.645 3.697 0.744000 0.252000 0.000973 0.000247 0.002107
21 1.5236158E+08   3.9985 3.090 3.648 0.736504 0.259399 0.000620 0.000743 0.001992
22 1.5327678E+08   3.9971 3.068 3.650 0.736504 0.259399 0.000620 0.000743 0.001992
23 1.5477914E+08   3.9950 3.036 3.653 0.736504 0.259399 0.000620 0.000743 0.001992
24 1.5609077E+08   3.9933 3.012 3.656 0.736504 0.259399 0.000620 0.000743 0.001992
25 1.5727101E+08   3.9920 2.988 3.658 0.736504 0.259399 0.000620 0.000743 0.001992
26 1.5823626E+08   3.9910 2.968 3.660 0.736504 0.259399 0.000620 0.000743 0.001992
27 1.5926835E+08   3.9900 2.948 3.662 0.736504 0.259399 0.000620 0.000743 0.001992
28 1.6008363E+08   3.9892 2.934 3.664 0.736504 0.259399 0.000620 0.000743 0.001992
29 1.6097706E+08   3.9884 2.923 3.665 0.736504 0.259399 0.000620 0.000743 0.001992
30 1.6184654E+08   3.9877 2.916 3.668 0.736504 0.259399 0.000620 0.000743 0.001992
31 1.6257138E+08   3.9871 2.913 3.670 0.736504 0.259399 0.000620 0.000743 0.001992
32 1.6363314E+08   3.9863 2.918 3.674 0.736504 0.259399 0.000620 0.000743 0.001992
33 1.6504928E+08   3.9851 2.945 3.682 0.736504 0.259399 0.000620 0.000743 0.001992
34 1.6575810E+08   3.9845 2.970 3.691 0.736504 0.259399 0.000620 0.000743 0.001992
35 1.6746738E+08   3.9830 3.025 3.724 0.736504 0.259399 0.000620 0.000743 0.001992
36 1.6818174E+08   3.9823 3.041 3.742 0.736504 0.259399 0.000620 0.000743 0.001992
37 1.6903651E+08   3.9816 3.056 3.762 0.736504 0.259399 0.000620 0.000743 0.001992
38 1.7059118E+08   3.9803 3.081 3.796 0.736504 0.259399 0.000620 0.000743 0.001992
39 1.7124056E+08   3.9798 3.084 3.789 0.736504 0.259399 0.000620 0.000743 0.001992
40 1.7198714E+08   3.9791 3.080 3.756 0.736504 0.259399 0.000620 0.000743 0.001992
41 1.7228942E+08   3.9788 3.067 3.723 0.736504 0.259399 0.000620 0.000743 0.001992
42 1.7260430E+08   3.9784 3.026 3.688 0.736504 0.259399 0.000620 0.000743 0.001992
43 1.7281965E+08   3.9782 3.010 3.661 0.736504 0.259399 0.000620 0.000743 0.001992
44 1.7300646E+08   3.9779 3.112 3.650 0.736504 0.259399 0.000620 0.000743 0.001992
45 1.7316701E+08   3.9776 3.224 3.641 0.736504 0.259399 0.000620 0.000743 0.001992
46 1.7337438E+08   3.9769 3.336 3.635 0.736504 0.259399 0.000620 0.000743 0.001992
47 1.7356291E+08   3.9759 3.458 3.626 0.736503 0.259400 0.000619 0.000744 0.001992
48 1.7369299E+08   3.9748 3.565 3.616 0.736501 0.259403 0.000609 0.000755 0.001992
49 1.7381854E+08   3.9732 3.696 3.606 0.736486 0.259417 0.000603 0.000763 0.001991
50 1.7391018E+08   3.9713 3.802 3.597 0.736377 0.259527 0.000599 0.000772 0.001986
51 1.7399416E+08   3.9687 3.911 3.586 0.735528 0.260377 0.000596 0.000783 0.001977

    3.00   

 1 9.9423113E+05   3.0000 2.016 4.165 0.744000 0.252000 0.000973 0.000247 0.002107
 2 8.9784184E+07   3.0000 2.080 4.148 0.744000 0.252000 0.000973 0.000247 0.002107
 3 1.3583950E+08   3.0000 2.124 4.141 0.744000 0.252000 0.000973 0.000247 0.002107
 4 1.7464253E+08   3.0000 2.166 4.132 0.744000 0.252000 0.000973 0.000247 0.002107
 5 2.0666582E+08   3.0000 2.204 4.121 0.744000 0.252000 0.000973 0.000247 0.002107
 6 2.3335552E+08   3.0000 2.238 4.107 0.744000 0.252000 0.000973 0.000247 0.002107
 7 2.5531362E+08   3.0000 2.268 4.091 0.744000 0.252000 0.000973 0.000247 0.002107
 8 2.6946227E+08   3.0000 2.287 4.076 0.744000 0.252000 0.000973 0.000247 0.002107
 9 2.8152586E+08   3.0000 2.305 4.061 0.744000 0.252000 0.000973 0.000247 0.002107
10 2.8812838E+08   3.0000 2.317 4.053 0.744000 0.252000 0.000973 0.000247 0.002107
11 2.9301411E+08   3.0000 2.329 4.050 0.744000 0.252000 0.000973 0.000247 0.002107
12 2.9738355E+08   3.0000 2.414 4.105 0.744000 0.252000 0.000973 0.000247 0.002107
13 2.9745891E+08   3.0000 2.377 4.094 0.744000 0.252000 0.000973 0.000247 0.002107
14 2.9750336E+08   3.0000 2.368 4.083 0.744000 0.252000 0.000973 0.000247 0.002107
15 2.9807091E+08   3.0000 2.434 4.025 0.744000 0.252000 0.000973 0.000247 0.002107
16 2.9882086E+08   3.0000 2.430 3.963 0.744000 0.252000 0.000973 0.000247 0.002107
17 2.9926310E+08   3.0000 2.405 3.901 0.744000 0.252000 0.000973 0.000247 0.002107
18 2.9953232E+08   3.0000 2.365 3.835 0.744000 0.252000 0.000973 0.000247 0.002107
19 2.9970154E+08   3.0000 2.315 3.775 0.744000 0.252000 0.000973 0.000247 0.002107
20 2.9998458E+08   3.0000 2.168 3.712 0.744000 0.252000 0.000973 0.000247 0.002107
21 3.0145360E+08   2.9996 2.753 3.657 0.726009 0.269840 0.000594 0.000818 0.001942
22 3.0522982E+08   2.9977 2.623 3.665 0.725985 0.269864 0.000594 0.000818 0.001942
23 3.0871869E+08   2.9966 2.504 3.675 0.725985 0.269864 0.000594 0.000818 0.001942
24 3.1139814E+08   2.9960 2.410 3.683 0.725985 0.269864 0.000594 0.000818 0.001942
25 3.1444829E+08   2.9956 2.346 3.691 0.725985 0.269864 0.000594 0.000818 0.001942
26 3.1670909E+08   2.9953 2.341 3.698 0.725985 0.269864 0.000594 0.000818 0.001942
27 3.1933162E+08   2.9949 2.387 3.708 0.725985 0.269864 0.000594 0.000818 0.001942
28 3.2135094E+08   2.9946 2.455 3.727 0.725985 0.269864 0.000594 0.000818 0.001942
29 3.2348106E+08   2.9942 2.476 3.733 0.725985 0.269864 0.000594 0.000818 0.001942
30 3.2621446E+08   2.9938 2.486 3.731 0.725985 0.269864 0.000594 0.000818 0.001942
31 3.2795168E+08   2.9934 2.496 3.733 0.725985 0.269864 0.000594 0.000818 0.001942
32 3.3077984E+08   2.9929 2.512 3.734 0.725985 0.269864 0.000594 0.000818 0.001942
33 3.3495965E+08   2.9920 2.533 3.734 0.725985 0.269864 0.000594 0.000818 0.001942
34 3.3719376E+08   2.9915 2.542 3.734 0.725985 0.269864 0.000594 0.000818 0.001942
35 3.4075498E+08   2.9907 2.558 3.732 0.725985 0.269864 0.000594 0.000818 0.001942
36 3.4486086E+08   2.9897 2.572 3.729 0.725985 0.269864 0.000594 0.000818 0.001942
37 3.4639482E+08   2.9893 2.575 3.726 0.725985 0.269864 0.000594 0.000818 0.001942
38 3.4840813E+08   2.9888 2.576 3.720 0.725985 0.269864 0.000594 0.000818 0.001942
39 3.5097901E+08   2.9881 2.571 3.712 0.725985 0.269864 0.000594 0.000818 0.001942
40 3.5224154E+08   2.9878 2.543 3.699 0.725985 0.269864 0.000594 0.000818 0.001942
41 3.5282547E+08   2.9876 2.528 3.693 0.725985 0.269864 0.000594 0.000818 0.001942
42 3.5347728E+08   2.9875 2.523 3.685 0.725985 0.269864 0.000594 0.000818 0.001942
43 3.5396208E+08   2.9873 2.594 3.673 0.725985 0.269864 0.000594 0.000818 0.001942
44 3.5531523E+08   2.9867 2.749 3.660 0.725985 0.269864 0.000594 0.000818 0.001942
45 3.5616835E+08   2.9860 2.915 3.648 0.725985 0.269864 0.000594 0.000818 0.001942
46 3.5679658E+08   2.9849 3.086 3.637 0.725984 0.269867 0.000593 0.000819 0.001942
47 3.5729661E+08   2.9832 3.254 3.626 0.725979 0.269873 0.000585 0.000828 0.001942
48 3.5779664E+08   2.9800 3.431 3.610 0.725945 0.269907 0.000579 0.000837 0.001941
49 3.5804656E+08   2.9772 3.589 3.600 0.725806 0.270047 0.000577 0.000844 0.001936
50 3.5822720E+08   2.9732 3.750 3.584 0.725486 0.270368 0.000575 0.000849 0.001932
51 3.5837834E+08   2.9673 3.917 3.574 0.725210 0.270644 0.000575 0.000851 0.001931

    2.50   

 1 9.9998100E+06   2.5000 1.726 4.112 0.744000 0.252000 0.000973 0.000247 0.002107
 2 1.3949174E+08   2.5000 1.785 4.098 0.744000 0.252000 0.000973 0.000247 0.002107
 3 2.1264696E+08   2.5000 1.828 4.091 0.744000 0.252000 0.000973 0.000247 0.002107
 4 2.7311200E+08   2.5000 1.868 4.082 0.744000 0.252000 0.000973 0.000247 0.002107
 5 3.2419334E+08   2.5000 1.905 4.071 0.744000 0.252000 0.000973 0.000247 0.002107
 6 3.6606842E+08   2.5000 1.936 4.057 0.744000 0.252000 0.000973 0.000247 0.002107
 7 4.0137568E+08   2.5000 1.965 4.040 0.744000 0.252000 0.000973 0.000247 0.002107
 8 4.2406557E+08   2.5000 1.983 4.025 0.744000 0.252000 0.000973 0.000247 0.002107
 9 4.4330477E+08   2.5000 1.999 4.009 0.744000 0.252000 0.000973 0.000247 0.002107
10 4.5443181E+08   2.5000 2.010 4.000 0.744000 0.252000 0.000973 0.000247 0.002107
11 4.6248429E+08   2.5000 2.022 3.998 0.744000 0.252000 0.000973 0.000247 0.002107
12 4.6943491E+08   2.5000 2.115 4.055 0.744000 0.252000 0.000973 0.000247 0.002107
13 4.6955181E+08   2.5000 2.071 4.041 0.744000 0.252000 0.000973 0.000247 0.002107
14 4.6963366E+08   2.5000 2.074 4.030 0.744000 0.252000 0.000973 0.000247 0.002107
15 4.7048858E+08   2.5000 2.127 3.982 0.744000 0.252000 0.000973 0.000247 0.002107
16 4.7182525E+08   2.5000 2.124 3.930 0.744000 0.252000 0.000973 0.000247 0.002107
17 4.7272947E+08   2.5000 2.101 3.874 0.744000 0.252000 0.000973 0.000247 0.002107
18 4.7324054E+08   2.5000 2.066 3.820 0.744000 0.252000 0.000973 0.000247 0.002107
19 4.7359280E+08   2.5000 2.017 3.773 0.744000 0.252000 0.000973 0.000247 0.002107
20 4.7429731E+08   2.5000 1.855 3.717 0.743994 0.252000 0.000973 0.000247 0.002107
21 4.7797638E+08   2.4994 2.578 3.658 0.720711 0.275080 0.000587 0.000829 0.001939
22 4.8490963E+08   2.4981 2.170 3.687 0.720711 0.275080 0.000587 0.000829 0.001939
23 4.9127878E+08   2.4978 1.977 3.705 0.720711 0.275080 0.000587 0.000829 0.001939
24 4.9699712E+08   2.4975 1.984 3.715 0.720711 0.275080 0.000587 0.000829 0.001939
25 5.0218688E+08   2.4973 1.994 3.714 0.720711 0.275080 0.000587 0.000829 0.001939
26 5.0759286E+08   2.4971 2.009 3.714 0.720711 0.275080 0.000587 0.000829 0.001939
27 5.1340970E+08   2.4968 2.026 3.715 0.720711 0.275080 0.000587 0.000829 0.001939
28 5.1800262E+08   2.4965 2.040 3.715 0.720711 0.275080 0.000587 0.000829 0.001939
29 5.2220634E+08   2.4963 2.054 3.715 0.720711 0.275080 0.000587 0.000829 0.001939
30 5.2763610E+08   2.4960 2.071 3.715 0.720711 0.275080 0.000587 0.000829 0.001939
31 5.3148947E+08   2.4958 2.081 3.715 0.720711 0.275080 0.000587 0.000829 0.001939
32 5.3916205E+08   2.4953 2.111 3.716 0.720711 0.275080 0.000587 0.000829 0.001939
33 5.4348704E+08   2.4950 2.125 3.716 0.720711 0.275080 0.000587 0.000829 0.001939
34 5.4974387E+08   2.4946 2.144 3.716 0.720711 0.275080 0.000587 0.000829 0.001939
35 5.5370963E+08   2.4943 2.155 3.715 0.720711 0.275080 0.000587 0.000829 0.001939
36 5.5747053E+08   2.4940 2.163 3.715 0.720711 0.275080 0.000587 0.000829 0.001939
37 5.6607872E+08   2.4933 2.182 3.713 0.720711 0.275080 0.000587 0.000829 0.001939
38 5.7096461E+08   2.4929 2.189 3.711 0.720711 0.275080 0.000587 0.000829 0.001939
39 5.7461062E+08   2.4926 2.192 3.708 0.720711 0.275080 0.000587 0.000829 0.001939
40 5.7841299E+08   2.4922 2.184 3.703 0.720711 0.275080 0.000587 0.000829 0.001939
41 5.8391302E+08   2.4917 2.196 3.699 0.720711 0.275080 0.000587 0.000829 0.001939
42 5.8649491E+08   2.4915 2.224 3.691 0.720711 0.275080 0.000587 0.000829 0.001939
43 5.8756960E+08   2.4914 2.322 3.682 0.720711 0.275080 0.000587 0.000829 0.001939
44 5.8769222E+08   2.4913 2.426 3.672 0.720711 0.275080 0.000587 0.000829 0.001939
45 5.9101158E+08   2.4905 2.545 3.663 0.720711 0.275080 0.000587 0.000829 0.001939
46 5.9213722E+08   2.4900 2.675 3.656 0.720711 0.275080 0.000587 0.000829 0.001939
47 5.9292518E+08   2.4893 2.798 3.647 0.720710 0.275081 0.000587 0.000829 0.001939
48 5.9360058E+08   2.4885 2.923 3.638 0.720709 0.275084 0.000586 0.000829 0.001939
49 5.9416339E+08   2.4874 3.034 3.631 0.720706 0.275088 0.000583 0.000833 0.001939
50 5.9483885E+08   2.4853 3.160 3.622 0.720699 0.275096 0.000580 0.000837 0.001939
51 5.9562675E+08   2.4813 3.271 3.611 0.720689 0.275106 0.000578 0.000839 0.001939

    2.00   

 1 4.9999048E+07   2.0000 1.365 4.043 0.744000 0.252000 0.000973 0.000247 0.002107
 2 2.4820371E+08   2.0000 1.415 4.034 0.744000 0.252000 0.000973 0.000247 0.002107
 3 3.7875056E+08   2.0000 1.455 4.027 0.744000 0.252000 0.000973 0.000247 0.002107
 4 4.8710442E+08   2.0000 1.493 4.018 0.744000 0.252000 0.000973 0.000247 0.002107
 5 5.7910080E+08   2.0000 1.527 4.007 0.744000 0.252000 0.000973 0.000247 0.002107
 6 6.5579386E+08   2.0000 1.557 3.993 0.744000 0.252000 0.000973 0.000247 0.002107
 7 7.1952781E+08   2.0000 1.583 3.977 0.744000 0.252000 0.000973 0.000247 0.002107
 8 7.6080922E+08   2.0000 1.599 3.962 0.744000 0.252000 0.000973 0.000247 0.002107
 9 7.9648614E+08   2.0000 1.613 3.946 0.744000 0.252000 0.000973 0.000247 0.002107
10 8.1740019E+08   2.0000 1.623 3.937 0.744000 0.252000 0.000973 0.000247 0.002107
11 8.3138803E+08   2.0000 1.634 3.935 0.744000 0.252000 0.000973 0.000247 0.002107
12 8.4461850E+08   2.0000 1.735 3.993 0.744000 0.252000 0.000973 0.000247 0.002107
13 8.4485171E+08   2.0000 1.689 3.979 0.744000 0.252000 0.000973 0.000247 0.002107
14 8.4501920E+08   2.0000 1.701 3.968 0.744000 0.252000 0.000973 0.000247 0.002107
15 8.4599501E+08   2.0000 1.740 3.940 0.744000 0.252000 0.000973 0.000247 0.002107
16 8.4905926E+08   2.0000 1.745 3.899 0.744000 0.252000 0.000973 0.000247 0.002107
17 8.5169382E+08   2.0000 1.732 3.855 0.744000 0.252000 0.000973 0.000247 0.002107
18 8.5325062E+08   2.0000 1.707 3.813 0.744000 0.252000 0.000973 0.000247 0.002107
19 8.5456787E+08   2.0000 1.656 3.773 0.744000 0.252000 0.000973 0.000247 0.002107
20 8.5660371E+08   2.0000 1.493 3.728 0.743988 0.252000 0.000973 0.000247 0.002107
21 8.7052768E+08   1.9980 2.574 3.647 0.721429 0.274245 0.000598 0.000759 0.001998
22 8.8298176E+08   1.9974 1.645 3.711 0.721429 0.274245 0.000598 0.000759 0.001998
23 8.9776486E+08   1.9972 1.656 3.711 0.721429 0.274245 0.000598 0.000759 0.001998
24 9.1121747E+08   1.9969 1.668 3.710 0.721429 0.274245 0.000598 0.000759 0.001998
25 9.2446310E+08   1.9967 1.681 3.711 0.721429 0.274245 0.000598 0.000759 0.001998
26 9.3628960E+08   1.9965 1.694 3.711 0.721429 0.274245 0.000598 0.000759 0.001998
27 9.4878778E+08   1.9962 1.708 3.711 0.721429 0.274245 0.000598 0.000759 0.001998
28 9.5836723E+08   1.9960 1.718 3.711 0.721429 0.274245 0.000598 0.000759 0.001998
29 9.7141062E+08   1.9957 1.734 3.711 0.721429 0.274245 0.000598 0.000759 0.001998
30 9.7916992E+08   1.9955 1.744 3.711 0.721429 0.274245 0.000598 0.000759 0.001998
31 9.8723654E+08   1.9954 1.754 3.711 0.721429 0.274245 0.000598 0.000759 0.001998
32 9.9889734E+08   1.9951 1.769 3.711 0.721429 0.274245 0.000598 0.000759 0.001998
33 1.0087641E+09   1.9948 1.782 3.711 0.721429 0.274245 0.000598 0.000759 0.001998
34 1.0155812E+09   1.9946 1.791 3.711 0.721429 0.274245 0.000598 0.000759 0.001998
35 1.0230440E+09   1.9944 1.801 3.711 0.721429 0.274245 0.000598 0.000759 0.001998
36 1.0319478E+09   1.9942 1.814 3.711 0.721429 0.274245 0.000598 0.000759 0.001998
37 1.0370111E+09   1.9940 1.821 3.710 0.721429 0.274245 0.000598 0.000759 0.001998
38 1.0473698E+09   1.9937 1.836 3.708 0.721429 0.274245 0.000598 0.000759 0.001998
39 1.0521683E+09   1.9935 1.844 3.706 0.721429 0.274245 0.000598 0.000759 0.001998
40 1.0590572E+09   1.9933 1.863 3.704 0.721429 0.274245 0.000598 0.000759 0.001998
41 1.0620647E+09   1.9932 1.877 3.702 0.721429 0.274245 0.000598 0.000759 0.001998
42 1.0644722E+09   1.9931 1.921 3.698 0.721429 0.274245 0.000598 0.000759 0.001998
43 1.0659560E+09   1.9930 2.076 3.684 0.721429 0.274245 0.000598 0.000759 0.001998
44 1.0662111E+09   1.9929 2.198 3.675 0.721429 0.274245 0.000598 0.000759 0.001998
45 1.0764253E+09   1.9914 2.322 3.666 0.721429 0.274245 0.000598 0.000759 0.001998
46 1.0784399E+09   1.9909 2.460 3.657 0.721429 0.274245 0.000598 0.000759 0.001998
47 1.0795850E+09   1.9904 2.576 3.650 0.721429 0.274245 0.000598 0.000759 0.001998
48 1.0803484E+09   1.9898 2.677 3.643 0.721429 0.274245 0.000598 0.000759 0.001998
49 1.0811118E+09   1.9890 2.809 3.634 0.721429 0.274246 0.000598 0.000759 0.001998
50 1.0817407E+09   1.9880 2.927 3.626 0.721428 0.274247 0.000598 0.000759 0.001998
51 1.0826054E+09   1.9856 3.048 3.617 0.721428 0.274247 0.000598 0.000759 0.001998

    1.70   

 1 1.4439725E+08   1.7000 1.099 3.988 0.744000 0.252000 0.000973 0.000247 0.002107
 2 3.8599267E+08   1.7000 1.139 3.984 0.744000 0.252000 0.000973 0.000247 0.002107
 3 5.9334874E+08   1.7000 1.177 3.977 0.744000 0.252000 0.000973 0.000247 0.002107
 4 7.6612813E+08   1.7000 1.213 3.969 0.744000 0.252000 0.000973 0.000247 0.002107
 5 9.0889280E+08   1.7000 1.245 3.959 0.744000 0.252000 0.000973 0.000247 0.002107
 6 1.0322641E+09   1.7000 1.275 3.946 0.744000 0.252000 0.000973 0.000247 0.002107
 7 1.1341967E+09   1.7000 1.298 3.930 0.744000 0.252000 0.000973 0.000247 0.002107
 8 1.1991032E+09   1.7000 1.313 3.915 0.744000 0.252000 0.000973 0.000247 0.002107
 9 1.2556047E+09   1.7000 1.325 3.900 0.744000 0.252000 0.000973 0.000247 0.002107
10 1.2899475E+09   1.7000 1.335 3.891 0.744000 0.252000 0.000973 0.000247 0.002107
11 1.3129933E+09   1.7000 1.346 3.889 0.744000 0.252000 0.000973 0.000247 0.002107
12 1.3336230E+09   1.7000 1.452 3.946 0.744000 0.252000 0.000973 0.000247 0.002107
13 1.3340288E+09   1.7000 1.411 3.930 0.744000 0.252000 0.000973 0.000247 0.002107
14 1.3344218E+09   1.7000 1.436 3.919 0.744000 0.252000 0.000973 0.000247 0.002107
15 1.3357812E+09   1.7000 1.457 3.901 0.744000 0.252000 0.000973 0.000247 0.002107
16 1.3420333E+09   1.7000 1.464 3.867 0.744000 0.252000 0.000973 0.000247 0.002107
17 1.3475494E+09   1.7000 1.456 3.831 0.744000 0.252000 0.000973 0.000247 0.002107
18 1.3509439E+09   1.7000 1.433 3.797 0.744000 0.252000 0.000973 0.000247 0.002107
19 1.3543386E+09   1.7000 1.359 3.764 0.744000 0.252000 0.000973 0.000247 0.002107
20 1.3576820E+09   1.7000 1.233 3.732 0.743970 0.252000 0.000973 0.000247 0.002107
21 1.3598545E+09   1.7000 1.284 3.720 0.743012 0.252464 0.000970 0.000248 0.002107
22 1.3614839E+09   1.7000 1.352 3.712 0.741209 0.254241 0.000899 0.000301 0.002107
23 1.3628417E+09   1.7000 1.413 3.708 0.738758 0.256722 0.000781 0.000444 0.002107
24 1.3644819E+09   1.7000 1.487 3.703 0.735369 0.260139 0.000703 0.000540 0.002107
25 1.3656550E+09   1.7000 1.537 3.701 0.733663 0.261855 0.000678 0.000570 0.002107
26 1.3672584E+09   1.7000 1.605 3.699 0.731566 0.263963 0.000655 0.000599 0.002106
27 1.3690650E+09   1.6999 1.671 3.694 0.730179 0.265355 0.000643 0.000614 0.002105
28 1.3709577E+09   1.6999 1.740 3.687 0.728673 0.266866 0.000634 0.000629 0.002098
29 1.3728504E+09   1.6998 1.806 3.685 0.726998 0.268545 0.000629 0.000645 0.002086
30 1.3747430E+09   1.6997 1.868 3.681 0.725765 0.269780 0.000625 0.000656 0.002078
31 1.3766356E+09   1.6996 1.929 3.678 0.725015 0.270532 0.000623 0.000663 0.002073
32 1.3785284E+09   1.6995 1.992 3.673 0.724591 0.270956 0.000622 0.000666 0.002070
33 1.3808942E+09   1.6993 2.061 3.669 0.724589 0.270958 0.000622 0.000666 0.002070
34 1.3826166E+09   1.6991 2.122 3.665 0.724589 0.270958 0.000622 0.000666 0.002070
35 1.3842159E+09   1.6989 2.178 3.662 0.724589 0.270958 0.000622 0.000666 0.002070
36 1.3864148E+09   1.6985 2.244 3.658 0.724589 0.270958 0.000622 0.000666 0.002070
37 1.3986260E+09   1.6966 2.306 3.655 0.724589 0.270958 0.000622 0.000666 0.002070
38 1.4001868E+09   1.6962 2.370 3.651 0.724589 0.270958 0.000622 0.000666 0.002070
39 1.4018947E+09   1.6956 2.434 3.647 0.724589 0.270958 0.000622 0.000666 0.002070
40 1.4033441E+09   1.6949 2.497 3.643 0.724589 0.270958 0.000622 0.000666 0.002070
41 1.4046278E+09   1.6942 2.563 3.638 0.724589 0.270958 0.000622 0.000666 0.002070
42 1.4058339E+09   1.6933 2.628 3.634 0.724589 0.270958 0.000622 0.000666 0.002070
43 1.4068589E+09   1.6924 2.690 3.630 0.724589 0.270958 0.000622 0.000666 0.002070
44 1.4079699E+09   1.6911 2.754 3.626 0.724589 0.270958 0.000622 0.000666 0.002070
45 1.4088433E+09   1.6897 2.818 3.622 0.724589 0.270958 0.000622 0.000666 0.002070
46 1.4096250E+09   1.6882 2.883 3.618 0.724589 0.270958 0.000622 0.000666 0.002070
47 1.4104411E+09   1.6862 2.946 3.611 0.724589 0.270958 0.000622 0.000666 0.002070
48 1.4111484E+09   1.6840 3.010 3.604 0.724589 0.270958 0.000622 0.000666 0.002070
49 1.4117646E+09   1.6815 3.074 3.601 0.724589 0.270958 0.000622 0.000666 0.002070
50 1.4123101E+09   1.6787 3.141 3.598 0.724589 0.270958 0.000622 0.000666 0.002070
51 1.4128413E+09   1.6753 3.203 3.596 0.724589 0.270958 0.000622 0.000666 0.002070

    1.50   

 1 2.6358317E+08   1.5000 0.881 3.941 0.744000 0.252000 0.000973 0.000247 0.002107
 2 5.6168736E+08   1.5000 0.920 3.941 0.744000 0.252000 0.000973 0.000247 0.002107
 3 8.5626848E+08   1.5000 0.959 3.937 0.744000 0.252000 0.000973 0.000247 0.002107
 4 1.1057085E+09   1.5000 0.995 3.930 0.744000 0.252000 0.000973 0.000247 0.002107
 5 1.3131483E+09   1.5000 1.026 3.921 0.744000 0.252000 0.000973 0.000247 0.002107
 6 1.4895137E+09   1.5000 1.054 3.908 0.744000 0.252000 0.000973 0.000247 0.002107
 7 1.6372808E+09   1.5000 1.076 3.893 0.744000 0.252000 0.000973 0.000247 0.002107
 8 1.7342627E+09   1.5000 1.091 3.879 0.744000 0.252000 0.000973 0.000247 0.002107
 9 1.8152118E+09   1.5000 1.102 3.865 0.744000 0.252000 0.000973 0.000247 0.002107
10 1.8636868E+09   1.5000 1.110 3.856 0.744000 0.252000 0.000973 0.000247 0.002107
11 1.8971855E+09   1.5000 1.122 3.854 0.744000 0.252000 0.000973 0.000247 0.002107
12 1.9284038E+09   1.5000 1.230 3.909 0.744000 0.252000 0.000973 0.000247 0.002107
13 1.9291721E+09   1.5000 1.205 3.892 0.744000 0.252000 0.000973 0.000247 0.002107
14 1.9300796E+09   1.5000 1.229 3.881 0.744000 0.252000 0.000973 0.000247 0.002107
15 1.9353860E+09   1.5000 1.243 3.861 0.744000 0.252000 0.000973 0.000247 0.002107
16 1.9482031E+09   1.5000 1.247 3.835 0.744000 0.252000 0.000973 0.000247 0.002107
17 1.9572023E+09   1.5000 1.240 3.810 0.744000 0.252000 0.000973 0.000247 0.002107
18 1.9637473E+09   1.5000 1.214 3.785 0.744000 0.252000 0.000973 0.000247 0.002107
19 1.9697358E+09   1.5000 1.133 3.758 0.744000 0.252000 0.000973 0.000247 0.002107
20 1.9753752E+09   1.5000 1.044 3.734 0.743932 0.252000 0.000973 0.000247 0.002107
21 1.9807428E+09   1.5000 1.103 3.718 0.742203 0.253096 0.000968 0.000248 0.002107
22 1.9845002E+09   1.5000 1.172 3.711 0.739508 0.255811 0.000887 0.000316 0.002107
23 1.9882575E+09   1.5000 1.240 3.708 0.735751 0.259612 0.000777 0.000450 0.002107
24 1.9926374E+09   1.5000 1.311 3.704 0.732020 0.263371 0.000719 0.000521 0.002107
25 1.9978979E+09   1.5000 1.384 3.702 0.728936 0.266473 0.000688 0.000559 0.002107
26 2.0027372E+09   1.5000 1.442 3.700 0.727390 0.268026 0.000675 0.000575 0.002107
27 2.0087971E+09   1.5000 1.511 3.696 0.726070 0.269351 0.000666 0.000586 0.002106
28 2.0133420E+09   1.5000 1.578 3.692 0.725055 0.270370 0.000659 0.000594 0.002106
29 2.0186444E+09   1.4999 1.648 3.688 0.724388 0.271040 0.000655 0.000599 0.002106
30 2.0254618E+09   1.4997 1.714 3.683 0.724358 0.271070 0.000655 0.000599 0.002106
31 2.0353089E+09   1.4993 1.780 3.680 0.724358 0.271070 0.000655 0.000599 0.002106
32 2.0417475E+09   1.4990 1.847 3.676 0.724358 0.271070 0.000655 0.000599 0.002106
33 2.0474118E+09   1.4987 1.917 3.671 0.724358 0.271070 0.000655 0.000599 0.002106
34 2.0592995E+09   1.4978 1.983 3.667 0.724358 0.271070 0.000655 0.000599 0.002106
35 2.0630755E+09   1.4974 2.055 3.663 0.724358 0.271070 0.000655 0.000599 0.002106
36 2.0662748E+09   1.4970 2.121 3.660 0.724358 0.271070 0.000655 0.000599 0.002106
37 2.0690035E+09   1.4965 2.189 3.656 0.724358 0.271070 0.000655 0.000599 0.002106
38 2.0716210E+09   1.4960 2.257 3.652 0.724358 0.271070 0.000655 0.000599 0.002106
39 2.0739252E+09   1.4954 2.326 3.647 0.724358 0.271070 0.000655 0.000599 0.002106
40 2.0759834E+09   1.4946 2.394 3.643 0.724358 0.271070 0.000655 0.000599 0.002106
41 2.0778268E+09   1.4938 2.462 3.639 0.724358 0.271070 0.000655 0.000599 0.002106
42 2.0794433E+09   1.4928 2.529 3.635 0.724358 0.271070 0.000655 0.000599 0.002106
43 2.0808818E+09   1.4917 2.597 3.630 0.724358 0.271070 0.000655 0.000599 0.002106
44 2.0821981E+09   1.4904 2.670 3.625 0.724358 0.271070 0.000655 0.000599 0.002106
45 2.0833789E+09   1.4889 2.735 3.621 0.724358 0.271070 0.000655 0.000599 0.002106
46 2.0844013E+09   1.4872 2.802 3.616 0.724358 0.271070 0.000655 0.000599 0.002106
47 2.0853679E+09   1.4852 2.870 3.610 0.724358 0.271070 0.000655 0.000599 0.002106
48 2.0862331E+09   1.4827 2.939 3.603 0.724358 0.271070 0.000655 0.000599 0.002106
49 2.0869923E+09   1.4800 3.010 3.600 0.724358 0.271070 0.000655 0.000599 0.002106
50 2.0876772E+09   1.4767 3.075 3.597 0.724358 0.271070 0.000655 0.000599 0.002106
51 2.0883329E+09   1.4728 3.144 3.592 0.724358 0.271070 0.000655 0.000599 0.002106

    1.25   

 1 3.5501686E+08   1.2500 0.529 3.863 0.744000 0.252000 0.000973 0.000247 0.002107
 2 9.6418739E+08   1.2500 0.578 3.867 0.744000 0.252000 0.000973 0.000247 0.002107
 3 1.4680500E+09   1.2500 0.622 3.869 0.744000 0.252000 0.000973 0.000247 0.002107
 4 1.9125098E+09   1.2500 0.663 3.868 0.744000 0.252000 0.000973 0.000247 0.002107
 5 2.2884178E+09   1.2500 0.698 3.863 0.744000 0.252000 0.000973 0.000247 0.002107
 6 2.6039808E+09   1.2500 0.726 3.854 0.744000 0.252000 0.000973 0.000247 0.002107
 7 2.8647073E+09   1.2500 0.749 3.843 0.744000 0.252000 0.000973 0.000247 0.002107
 8 3.0364347E+09   1.2500 0.763 3.834 0.744000 0.252000 0.000973 0.000247 0.002107
 9 3.1798715E+09   1.2500 0.774 3.825 0.744000 0.252000 0.000973 0.000247 0.002107
10 3.2677146E+09   1.2500 0.782 3.820 0.744000 0.252000 0.000973 0.000247 0.002107
11 3.3295283E+09   1.2500 0.795 3.819 0.744000 0.252000 0.000973 0.000247 0.002107
12 3.3843241E+09   1.2500 0.907 3.854 0.744000 0.252000 0.000973 0.000247 0.002107
13 3.3870651E+09   1.2500 0.908 3.838 0.744000 0.252000 0.000973 0.000247 0.002107
14 3.3975862E+09   1.2500 0.920 3.827 0.744000 0.252000 0.000973 0.000247 0.002107
15 3.4324316E+09   1.2500 0.932 3.816 0.744000 0.252000 0.000973 0.000247 0.002107
16 3.4733645E+09   1.2500 0.936 3.798 0.744000 0.252000 0.000973 0.000247 0.002107
17 3.4934159E+09   1.2500 0.923 3.783 0.744000 0.252000 0.000973 0.000247 0.002107
18 3.5115136E+09   1.2500 0.885 3.765 0.744000 0.252000 0.000973 0.000247 0.002107
19 3.5224819E+09   1.2500 0.843 3.751 0.744000 0.252000 0.000973 0.000247 0.002107
20 3.5452961E+09   1.2500 0.798 3.732 0.743963 0.252000 0.000973 0.000247 0.002107
21 3.5787804E+09   1.2500 0.837 3.720 0.742677 0.252453 0.000973 0.000247 0.002107
22 3.6132457E+09   1.2500 0.893 3.715 0.741115 0.253922 0.000969 0.000248 0.002107
23 3.6448645E+09   1.2500 0.952 3.711 0.739073 0.256001 0.000950 0.000256 0.002107
24 3.6697559E+09   1.2500 1.009 3.707 0.736447 0.258672 0.000899 0.000305 0.002107
25 3.6893048E+09   1.2500 1.065 3.706 0.733920 0.261226 0.000848 0.000366 0.002107
26 3.7053140E+09   1.2500 1.118 3.703 0.731649 0.263517 0.000813 0.000408 0.002107
27 3.7190098E+09   1.2500 1.173 3.702 0.729726 0.265454 0.000790 0.000437 0.002107
28 3.7311352E+09   1.2500 1.231 3.700 0.728072 0.267119 0.000773 0.000458 0.002107
29 3.7391350E+09   1.2500 1.284 3.699 0.726735 0.268463 0.000761 0.000472 0.002107
30 3.7466688E+09   1.2499 1.342 3.695 0.726475 0.268725 0.000759 0.000475 0.002107
31 3.7493486E+09   1.2499 1.395 3.693 0.725711 0.269493 0.000752 0.000483 0.002107
32 3.7530980E+09   1.2499 1.455 3.690 0.725485 0.269720 0.000751 0.000485 0.002107
33 3.7561211E+09   1.2498 1.513 3.686 0.725267 0.269939 0.000749 0.000487 0.002107
34 3.7575483E+09   1.2498 1.566 3.682 0.725093 0.270115 0.000748 0.000488 0.002107
35 3.7596060E+09   1.2497 1.623 3.680 0.725091 0.270116 0.000748 0.000488 0.002107
36 3.7612772E+09   1.2497 1.677 3.677 0.725091 0.270116 0.000748 0.000488 0.002107
37 3.7620849E+09   1.2497 1.730 3.673 0.725091 0.270116 0.000748 0.000488 0.002107
38 3.7633039E+09   1.2496 1.790 3.668 0.725091 0.270116 0.000748 0.000488 0.002107
39 3.7642442E+09   1.2496 1.844 3.665 0.725091 0.270116 0.000748 0.000488 0.002107
40 3.7651420E+09   1.2495 1.911 3.662 0.725091 0.270116 0.000748 0.000488 0.002107
41 3.7662938E+09   1.2494 1.954 3.660 0.725091 0.270116 0.000748 0.000488 0.002107
42 3.7713510E+09   1.2489 2.011 3.658 0.725091 0.270116 0.000748 0.000488 0.002107
43 3.7731136E+09   1.2487 2.068 3.654 0.725091 0.270116 0.000748 0.000488 0.002107
44 3.7744125E+09   1.2485 2.121 3.651 0.725091 0.270116 0.000748 0.000488 0.002107
45 3.7759181E+09   1.2482 2.179 3.648 0.725091 0.270116 0.000748 0.000488 0.002107
46 3.7768696E+09   1.2480 2.234 3.644 0.725091 0.270116 0.000748 0.000488 0.002107
47 3.7776722E+09   1.2478 2.288 3.640 0.725091 0.270116 0.000748 0.000488 0.002107
48 3.7782259E+09   1.2476 2.345 3.636 0.725091 0.270116 0.000748 0.000488 0.002107
49 3.7789340E+09   1.2473 2.401 3.633 0.725091 0.270116 0.000748 0.000488 0.002107
50 3.7793436E+09   1.2472 2.468 3.629 0.725091 0.270116 0.000748 0.000488 0.002107
51 3.7796283E+09   1.2470 2.520 3.626 0.725091 0.270116 0.000748 0.000488 0.002107

    1.00   

 1 5.0174451E+08   1.0000 0.074 3.801 0.744000 0.252000 0.000973 0.000247 0.002107
 2 1.1989779E+09   1.0000 0.099 3.803 0.744000 0.252000 0.000973 0.000247 0.002107
 3 1.8744027E+09   1.0000 0.127 3.804 0.744000 0.252000 0.000973 0.000247 0.002107
 4 2.5325089E+09   1.0000 0.157 3.806 0.744000 0.252000 0.000973 0.000247 0.002107
 5 3.1732966E+09   1.0000 0.189 3.808 0.744000 0.252000 0.000973 0.000247 0.002107
 6 3.7834304E+09   1.0000 0.223 3.809 0.744000 0.252000 0.000973 0.000247 0.002107
 7 4.3866368E+09   1.0000 0.259 3.810 0.744000 0.252000 0.000973 0.000247 0.002107
 8 4.8495626E+09   1.0000 0.289 3.811 0.744000 0.252000 0.000973 0.000247 0.002107
 9 5.2704041E+09   1.0000 0.318 3.811 0.744000 0.252000 0.000973 0.000247 0.002107
10 5.5229092E+09   1.0000 0.336 3.811 0.744000 0.252000 0.000973 0.000247 0.002107
11 5.7333299E+09   1.0000 0.351 3.811 0.744000 0.252000 0.000973 0.000247 0.002107
12 6.5764326E+09   1.0000 0.431 3.809 0.744000 0.252000 0.000973 0.000247 0.002107
13 7.0076073E+09   1.0000 0.483 3.805 0.744000 0.252000 0.000973 0.000247 0.002107
14 7.4869944E+09   1.0000 0.555 3.794 0.744000 0.252000 0.000973 0.000247 0.002107
15 7.6555310E+09   1.0000 0.582 3.786 0.744000 0.252000 0.000973 0.000247 0.002107
16 7.7707699E+09   1.0000 0.596 3.775 0.744000 0.252000 0.000973 0.000247 0.002107
17 7.8530504E+09   1.0000 0.593 3.762 0.744000 0.252000 0.000973 0.000247 0.002107
18 7.8982241E+09   1.0000 0.580 3.751 0.744000 0.252000 0.000973 0.000247 0.002107
19 7.9440753E+09   1.0000 0.567 3.739 0.744000 0.252000 0.000973 0.000247 0.002107
20 8.0049469E+09   1.0000 0.588 3.724 0.743723 0.252005 0.000973 0.000247 0.002107
21 8.0610591E+09   1.0000 0.644 3.716 0.742346 0.252598 0.000973 0.000247 0.002107
22 8.1213220E+09   1.0000 0.717 3.705 0.740008 0.254828 0.000972 0.000248 0.002107
23 8.1591199E+09   1.0000 0.781 3.704 0.737555 0.257300 0.000966 0.000249 0.002107
24 8.1978947E+09   1.0000 0.853 3.702 0.734306 0.260585 0.000945 0.000261 0.002107
25 8.2281728E+09   1.0000 0.920 3.700 0.731206 0.263711 0.000911 0.000295 0.002107
26 8.2555366E+09   1.0000 0.990 3.698 0.728514 0.266420 0.000881 0.000332 0.002107
27 8.2781793E+09   0.9999 1.058 3.696 0.726403 0.268544 0.000860 0.000357 0.002107
28 8.2972872E+09   0.9998 1.124 3.692 0.724725 0.270231 0.000846 0.000374 0.002107
29 8.3157857E+09   0.9997 1.195 3.689 0.724124 0.270835 0.000841 0.000380 0.002107
30 8.3236480E+09   0.9996 1.262 3.687 0.723613 0.271349 0.000837 0.000384 0.002107
31 8.3324349E+09   0.9995 1.339 3.684 0.723199 0.271764 0.000834 0.000388 0.002107
32 8.3374638E+09   0.9994 1.399 3.680 0.722992 0.271972 0.000832 0.000390 0.002107
33 8.3446246E+09   0.9993 1.466 3.677 0.722992 0.271972 0.000832 0.000390 0.002107
34 8.3506452E+09   0.9992 1.536 3.672 0.722992 0.271972 0.000832 0.000390 0.002107
35 8.3555425E+09   0.9990 1.607 3.667 0.722992 0.271972 0.000832 0.000390 0.002107
36 8.3589924E+09   0.9989 1.676 3.663 0.722992 0.271972 0.000832 0.000390 0.002107
37 8.3628974E+09   0.9987 1.744 3.661 0.722992 0.271972 0.000832 0.000390 0.002107
38 8.3669908E+09   0.9985 1.809 3.657 0.722992 0.271972 0.000832 0.000390 0.002107
39 8.3706583E+09   0.9982 1.878 3.654 0.722992 0.271972 0.000832 0.000390 0.002107
40 8.3733642E+09   0.9979 1.947 3.651 0.722992 0.271972 0.000832 0.000390 0.002107
41 8.3758029E+09   0.9976 2.016 3.646 0.722992 0.271972 0.000832 0.000390 0.002107
42 8.3773005E+09   0.9973 2.084 3.643 0.722992 0.271972 0.000832 0.000390 0.002107
43 8.3785155E+09   0.9971 2.152 3.638 0.722992 0.271972 0.000832 0.000390 0.002107
44 8.3794545E+09   0.9968 2.227 3.634 0.722992 0.271972 0.000832 0.000390 0.002107
45 8.3800996E+09   0.9966 2.290 3.629 0.722992 0.271972 0.000832 0.000390 0.002107
46 8.3806346E+09   0.9964 2.357 3.626 0.722992 0.271972 0.000832 0.000390 0.002107
47 8.3810642E+09   0.9962 2.426 3.621 0.722992 0.271972 0.000832 0.000390 0.002107
48 8.3815491E+09   0.9958 2.496 3.616 0.722992 0.271972 0.000832 0.000390 0.002107
49 8.3820237E+09   0.9954 2.564 3.610 0.722992 0.271972 0.000832 0.000390 0.002107
50 8.3822720E+09   0.9951 2.635 3.605 0.722992 0.271972 0.000832 0.000390 0.002107
51 8.3826314E+09   0.9945 2.702 3.601 0.722992 0.271972 0.000832 0.000390 0.002107

    0.90   

 1 4.1889203E+08   0.9000-0.152 3.774 0.744000 0.252000 0.000973 0.000247 0.002107
 2 1.6904678E+09   0.9000-0.123 3.777 0.744000 0.252000 0.000973 0.000247 0.002107
 3 2.7308480E+09   0.9000-0.094 3.779 0.744000 0.252000 0.000973 0.000247 0.002107
 4 3.7507098E+09   0.9000-0.061 3.782 0.744000 0.252000 0.000973 0.000247 0.002107
 5 4.7572777E+09   0.9000-0.026 3.785 0.744000 0.252000 0.000973 0.000247 0.002107
 6 5.7404370E+09   0.9000 0.013 3.787 0.744000 0.252000 0.000973 0.000247 0.002107
 7 6.7235963E+09   0.9000 0.056 3.789 0.744000 0.252000 0.000973 0.000247 0.002107
 8 7.4960783E+09   0.9000 0.094 3.791 0.744000 0.252000 0.000973 0.000247 0.002107
 9 8.3270820E+09   0.9000 0.141 3.792 0.744000 0.252000 0.000973 0.000247 0.002107
10 8.8652452E+09   0.9000 0.173 3.793 0.744000 0.252000 0.000973 0.000247 0.002107
11 9.2051374E+09   0.9000 0.194 3.793 0.744000 0.252000 0.000973 0.000247 0.002107
12 1.0305937E+10   0.9000 0.280 3.792 0.744000 0.252000 0.000973 0.000247 0.002107
13 1.0784711E+10   0.9000 0.327 3.789 0.744000 0.252000 0.000973 0.000247 0.002107
14 1.1398744E+10   0.9000 0.400 3.778 0.744000 0.252000 0.000973 0.000247 0.002107
15 1.1537711E+10   0.9000 0.418 3.773 0.744000 0.252000 0.000973 0.000247 0.002107
16 1.1698058E+10   0.9000 0.435 3.763 0.744000 0.252000 0.000973 0.000247 0.002107
17 1.1797472E+10   0.9000 0.438 3.753 0.744000 0.252000 0.000973 0.000247 0.002107
18 1.1844614E+10   0.9000 0.437 3.746 0.744000 0.252000 0.000973 0.000247 0.002107
19 1.1907470E+10   0.9000 0.438 3.736 0.744000 0.252000 0.000973 0.000247 0.002107
20 1.1971269E+10   0.9000 0.452 3.724 0.744000 0.252000 0.000973 0.000247 0.002107
21 1.2038412E+10   0.9000 0.499 3.717 0.743325 0.252084 0.000973 0.000247 0.002107
22 1.2103629E+10   0.9000 0.555 3.706 0.741856 0.253021 0.000973 0.000247 0.002107
23 1.2150213E+10   0.9000 0.606 3.703 0.740512 0.254281 0.000973 0.000247 0.002107
24 1.2198474E+10   0.9000 0.668 3.700 0.738374 0.256401 0.000971 0.000248 0.002107
25 1.2233058E+10   0.9000 0.718 3.699 0.736369 0.258416 0.000968 0.000248 0.002107
26 1.2269312E+10   0.8999 0.778 3.697 0.734019 0.260784 0.000960 0.000251 0.002107
27 1.2297933E+10   0.8999 0.829 3.696 0.732033 0.262784 0.000949 0.000259 0.002107
28 1.2325695E+10   0.8998 0.887 3.695 0.729988 0.264842 0.000933 0.000273 0.002107
29 1.2349132E+10   0.8997 0.940 3.693 0.728393 0.266448 0.000919 0.000288 0.002107
30 1.2370569E+10   0.8996 0.996 3.692 0.727037 0.267810 0.000907 0.000303 0.002107
31 1.2391485E+10   0.8995 1.054 3.689 0.726611 0.268239 0.000903 0.000307 0.002107
32 1.2401553E+10   0.8995 1.106 3.688 0.725491 0.269364 0.000893 0.000319 0.002107
33 1.2415226E+10   0.8994 1.162 3.686 0.725080 0.269777 0.000890 0.000323 0.002107
34 1.2427738E+10   0.8993 1.219 3.684 0.724841 0.270018 0.000888 0.000325 0.002107
35 1.2437557E+10   0.8992 1.275 3.681 0.724720 0.270139 0.000887 0.000327 0.002107
36 1.2445822E+10   0.8991 1.330 3.679 0.724720 0.270139 0.000887 0.000327 0.002107
37 1.2454260E+10   0.8989 1.385 3.676 0.724720 0.270139 0.000887 0.000327 0.002107
38 1.2460270E+10   0.8988 1.441 3.671 0.724720 0.270139 0.000887 0.000327 0.002107
39 1.2466710E+10   0.8986 1.505 3.668 0.724720 0.270139 0.000887 0.000327 0.002107
40 1.2471628E+10   0.8985 1.559 3.666 0.724720 0.270139 0.000887 0.000327 0.002107
41 1.2473902E+10   0.8984 1.610 3.662 0.724720 0.270139 0.000887 0.000327 0.002107
42 1.2480512E+10   0.8982 1.666 3.660 0.724720 0.270139 0.000887 0.000327 0.002107
43 1.2483886E+10   0.8980 1.725 3.658 0.724720 0.270139 0.000887 0.000327 0.002107
44 1.2486759E+10   0.8978 1.774 3.655 0.724720 0.270139 0.000887 0.000327 0.002107
45 1.2490165E+10   0.8975 1.836 3.652 0.724720 0.270139 0.000887 0.000327 0.002107
46 1.2492630E+10   0.8973 1.891 3.648 0.724720 0.270139 0.000887 0.000327 0.002107
47 1.2495290E+10   0.8970 1.943 3.646 0.724720 0.270139 0.000887 0.000327 0.002107
48 1.2496994E+10   0.8967 1.998 3.642 0.724720 0.270139 0.000887 0.000327 0.002107
49 1.2498951E+10   0.8964 2.065 3.639 0.724720 0.270139 0.000887 0.000327 0.002107
50 1.2499610E+10   0.8962 2.109 3.636 0.724720 0.270139 0.000887 0.000327 0.002107
51 1.2500253E+10   0.8961 2.168 3.632 0.724720 0.270139 0.000887 0.000327 0.002107

    0.80   

 1 1.1367544E+09   0.8000-0.393 3.740 0.744000 0.252000 0.000973 0.000247 0.002107
 2 2.5516716E+09   0.8000-0.372 3.742 0.744000 0.252000 0.000973 0.000247 0.002107
 3 4.2162798E+09   0.8000-0.342 3.746 0.744000 0.252000 0.000973 0.000247 0.002107
 4 5.8392730E+09   0.8000-0.308 3.750 0.744000 0.252000 0.000973 0.000247 0.002107
 5 7.5038812E+09   0.8000-0.269 3.754 0.744000 0.252000 0.000973 0.000247 0.002107
 6 9.1268741E+09   0.8000-0.225 3.758 0.744000 0.252000 0.000973 0.000247 0.002107
 7 1.0749868E+10   0.8000-0.176 3.763 0.744000 0.252000 0.000973 0.000247 0.002107
 8 1.1998324E+10   0.8000-0.133 3.766 0.744000 0.252000 0.000973 0.000247 0.002107
 9 1.3414489E+10   0.8000-0.077 3.769 0.744000 0.252000 0.000973 0.000247 0.002107
10 1.4529336E+10   0.8000-0.025 3.772 0.744000 0.252000 0.000973 0.000247 0.002107
11 1.5291190E+10   0.8000 0.014 3.773 0.744000 0.252000 0.000973 0.000247 0.002107
12 1.6564330E+10   0.8000 0.091 3.774 0.744000 0.252000 0.000973 0.000247 0.002107
13 1.7467619E+10   0.8000 0.162 3.770 0.744000 0.252000 0.000973 0.000247 0.002107
14 1.8258248E+10   0.8000 0.240 3.759 0.744000 0.252000 0.000973 0.000247 0.002107
15 1.8373720E+10   0.8000 0.252 3.756 0.744000 0.252000 0.000973 0.000247 0.002107
16 1.8558476E+10   0.8000 0.271 3.746 0.744000 0.252000 0.000973 0.000247 0.002107
17 1.8653936E+10   0.8000 0.280 3.738 0.744000 0.252000 0.000973 0.000247 0.002107
18 1.8729378E+10   0.8000 0.289 3.730 0.744000 0.252000 0.000973 0.000247 0.002107
19 1.8786714E+10   0.8000 0.299 3.723 0.744000 0.252000 0.000973 0.000247 0.002107
20 1.8885845E+10   0.8000 0.334 3.712 0.744000 0.252000 0.000973 0.000247 0.002107
21 1.8934731E+10   0.8000 0.362 3.709 0.743864 0.252001 0.000973 0.000247 0.002107
22 1.8971396E+10   0.8000 0.390 3.708 0.743257 0.252138 0.000973 0.000247 0.002107
23 1.9022725E+10   0.8000 0.429 3.704 0.742490 0.252576 0.000973 0.000247 0.002107
24 1.9060859E+10   0.8000 0.460 3.702 0.741812 0.253131 0.000973 0.000247 0.002107
25 1.9096056E+10   0.8000 0.492 3.700 0.740891 0.253970 0.000973 0.000247 0.002107
26 1.9132135E+10   0.8000 0.528 3.698 0.739859 0.254957 0.000973 0.000247 0.002107
27 1.9166630E+10   0.7999 0.563 3.696 0.738834 0.255960 0.000972 0.000247 0.002107
28 1.9201122E+10   0.7999 0.601 3.695 0.737707 0.257076 0.000972 0.000247 0.002107
29 1.9222682E+10   0.7999 0.628 3.694 0.736709 0.258071 0.000971 0.000248 0.002107
30 1.9248554E+10   0.7998 0.661 3.694 0.735691 0.259089 0.000970 0.000248 0.002107
31 1.9274424E+10   0.7998 0.697 3.695 0.734576 0.260206 0.000969 0.000248 0.002107
32 1.9297157E+10   0.7998 0.728 3.693 0.733549 0.261236 0.000967 0.000249 0.002107
33 1.9318964E+10   0.7997 0.762 3.692 0.732607 0.262182 0.000964 0.000249 0.002107
34 1.9340771E+10   0.7997 0.796 3.691 0.731750 0.263042 0.000962 0.000251 0.002107
35 1.9359463E+10   0.7996 0.828 3.691 0.730911 0.263884 0.000959 0.000252 0.002107
36 1.9377687E+10   0.7996 0.864 3.691 0.730209 0.264590 0.000956 0.000254 0.002107
37 1.9394236E+10   0.7995 0.899 3.690 0.729780 0.265020 0.000954 0.000255 0.002107
38 1.9407743E+10   0.7995 0.929 3.688 0.729274 0.265529 0.000952 0.000257 0.002107
39 1.9422372E+10   0.7994 0.964 3.686 0.728748 0.266057 0.000949 0.000259 0.002107
40 1.9434740E+10   0.7993 0.997 3.685 0.728477 0.266329 0.000948 0.000261 0.002107
41 1.9446938E+10   0.7993 1.032 3.684 0.728202 0.266606 0.000946 0.000262 0.002107
42 1.9458077E+10   0.7992 1.068 3.682 0.727887 0.266922 0.000944 0.000264 0.002107
43 1.9466508E+10   0.7991 1.097 3.682 0.727887 0.266922 0.000944 0.000264 0.002107
44 1.9475907E+10   0.7991 1.131 3.681 0.727675 0.267134 0.000943 0.000265 0.002107
45 1.9483738E+10   0.7990 1.164 3.680 0.727675 0.267134 0.000943 0.000265 0.002107
46 1.9493077E+10   0.7989 1.200 3.679 0.727675 0.267134 0.000943 0.000265 0.002107
47 1.9499645E+10   0.7988 1.233 3.678 0.727675 0.267134 0.000943 0.000265 0.002107
48 1.9506084E+10   0.7988 1.267 3.677 0.727675 0.267134 0.000943 0.000265 0.002107
49 1.9511368E+10   0.7987 1.299 3.674 0.727675 0.267134 0.000943 0.000265 0.002107
50 1.9518448E+10   0.7986 1.339 3.671 0.727675 0.267134 0.000943 0.000265 0.002107
51 1.9520766E+10   0.7986 1.369 3.669 0.727675 0.267134 0.000943 0.000265 0.002107
