Modeles avec overshooting et nouvelles opacites, Z=0.004, 2 X Mdot, Meynet et al

  21   51

  120.00 WR

 1 9.9607578E+03 119.9818 6.220 4.750 0.744000 0.252000 0.000973 0.000247 0.002107  4.750 -5.876
 2 6.9383825E+05 118.3632 6.256 4.728 0.744000 0.252000 0.000973 0.000247 0.002107  4.728 -5.469
 3 1.0835434E+06 116.6318 6.277 4.713 0.744000 0.252000 0.000973 0.000247 0.002107  4.713 -5.247
 4 1.4313553E+06 114.0010 6.295 4.692 0.744000 0.252000 0.000973 0.000247 0.002107  4.692 -5.004
 5 1.7470166E+06 109.8026 6.309 4.661 0.744000 0.252000 0.000973 0.000247 0.002107  4.661 -4.762
 6 2.0390033E+06 103.1314 6.322 4.626 0.720030 0.276064 0.000051 0.002747 0.000494  4.626 -4.571
 7 2.3032115E+06  95.3526 6.336 4.619 0.608473 0.387676 0.000058 0.003114 0.000063  4.619 -4.508
 8 2.4821915E+06  89.5592 6.346 4.618 0.518592 0.477558 0.000059 0.003115 0.000059  4.618 -4.479
 9 2.6474285E+06  83.8306 6.358 4.618 0.430076 0.566075 0.000060 0.003115 0.000058  4.618 -4.448
10 2.7509810E+06  80.0604 6.367 4.621 0.371141 0.625010 0.000061 0.003115 0.000057  4.621 -4.435
11 2.7561588E+06  79.8678 6.367 4.621 0.368318 0.627833 0.000061 0.003115 0.000057  4.621 -4.430
12 2.7613363E+06  79.4536 6.367 4.319 0.362084 0.634067 0.000061 0.003115 0.000056  4.624 -4.097
13 2.8988413E+06  68.4530 6.386 4.458 0.185324 0.810829 0.000066 0.003111 0.000053  4.838 -4.097
14 2.8993530E+06  68.4120 6.394 4.482 0.184821 0.811332 0.000066 0.003111 0.000053  4.878 -4.097
15 2.9008735E+06  68.2904 6.411 4.506 0.183373 0.812780 0.000066 0.003111 0.000053  4.918 -4.097
16 2.9024435E+06  68.1648 6.436 4.418 0.181581 0.814571 0.000066 0.003111 0.000052  4.754 -4.097
17 2.9033195E+06  68.0947 6.448 4.329 0.180411 0.815741 0.000066 0.003111 0.000052  4.602 -4.097
18 2.9044868E+06  68.0013 6.459 4.241 0.178817 0.817336 0.000066 0.003111 0.000052  4.404 -4.097
19 2.9055625E+06  67.9153 6.467 4.154 0.177344 0.818808 0.000066 0.003111 0.000052  4.268 -4.097
20 2.9080238E+06  67.7184 6.475 4.066 0.174808 0.821344 0.000066 0.003111 0.000052  4.098 -4.097
21 2.9116833E+06  67.4256 6.476 4.087 0.171686 0.824467 0.000066 0.003111 0.000052  4.156 -4.097
22 2.9126630E+06  67.3472 6.476 4.105 0.169598 0.826554 0.000066 0.003111 0.000052  4.189 -4.097
23 2.9227080E+06  66.5436 6.472 4.259 0.154607 0.841545 0.000065 0.003113 0.000052  4.426 -4.097
24 2.9331158E+06  65.7110 6.465 4.414 0.129854 0.866298 0.000062 0.003118 0.000051  4.731 -4.097
25 2.9441670E+06  64.8268 6.450 4.507 0.115732 0.880418 0.000049 0.003137 0.000050  4.899 -4.097
26 2.9560505E+06  63.8761 6.434 4.572 0.079838 0.916311 0.000046 0.003145 0.000049  5.019 -4.097
27 2.9679385E+06  62.9251 6.422 4.584 0.075446 0.920703 0.000048 0.003140 0.000050  5.045 -4.097
28 2.9794820E+06  62.0016 6.418 4.591 0.053472 0.942678 0.000050 0.003136 0.000051  5.053 -4.097
29 2.9975505E+06  58.4149 6.383 4.108 0.000000 0.580688 0.329877 0.000000 0.083995  5.160 -2.571
30 3.0116370E+06  37.4224 6.129 4.256 0.000000 0.563286 0.338310 0.000000 0.092961  5.157 -3.061
31 3.0309645E+06  26.6075 5.923 4.356 0.000000 0.527389 0.356713 0.000000 0.110452  5.153 -3.427
32 3.0498705E+06  21.3298 5.785 4.417 0.000000 0.492864 0.373895 0.000000 0.127791  5.147 -3.670
33 3.0701770E+06  17.8855 5.672 4.463 0.000000 0.455801 0.390965 0.000000 0.147780  5.141 -3.863
34 3.0920940E+06  15.4119 5.574 4.499 0.000000 0.419300 0.405916 0.000000 0.169325  5.136 -4.025
35 3.1149703E+06  13.5814 5.491 4.529 0.000000 0.382854 0.418575 0.000000 0.193108  5.131 -4.163
36 3.1398375E+06  12.1101 5.415 4.554 0.000000 0.348524 0.428025 0.000000 0.217982  5.127 -4.287
37 3.1682560E+06  10.8414 5.341 4.579 0.000000 0.311476 0.434991 0.000000 0.248059  5.124 -4.407
38 3.1980278E+06   9.8187 5.276 4.601 0.000000 0.276565 0.437893 0.000000 0.280061  5.123 -4.516
39 3.2352795E+06   8.8290 5.207 4.625 0.000000 0.237339 0.435976 0.000000 0.321195  5.123 -4.631
40 3.2762565E+06   7.9880 5.145 4.649 0.000000 0.199250 0.427585 0.000000 0.367664  5.128 -4.740
41 3.2954538E+06   7.6582 5.121 4.662 0.000000 0.181322 0.420911 0.000000 0.392260  5.134 -4.788
42 3.3164983E+06   7.3339 5.103 4.680 0.000000 0.165123 0.413111 0.000000 0.416252  5.147 -4.836
43 3.3290688E+06   7.1563 5.133 4.714 0.000000 0.155362 0.407536 0.000000 0.431584  5.190 -4.863
44 3.3343578E+06   7.0847 5.213 4.768 0.000000 0.151624 0.405194 0.000000 0.437661  5.267 -4.874
45 3.3385815E+06   7.0288 5.276 4.781 0.000000 0.148633 0.403260 0.000000 0.442585  5.270 -4.882
46 3.3394460E+06   7.0175 5.306 4.783 0.000000 0.148221 0.402988 0.000000 0.443269  5.262 -4.884
47 3.3395833E+06   7.0157 5.315 4.785 0.000000 0.148158 0.402946 0.000000 0.443373  5.264 -4.885
48 3.3396025E+06   7.0154 5.317 4.786 0.000000 0.148149 0.402941 0.000000 0.443388  5.264 -4.885
49 3.3396170E+06   7.0153 5.318 4.786 0.000000 0.148143 0.402936 0.000000 0.443399  5.264 -4.885
50 3.3396320E+06   7.0151 5.320 4.787 0.000000 0.148136 0.402932 0.000000 0.443410  5.265 -4.885
51 3.3396620E+06   7.0147 5.334 4.795 0.000000 0.148116 0.402918 0.000000 0.443443  5.277 -4.885

   85.00 WR

 1 5.0003805E+04  84.9673 5.977 4.723 0.744000 0.252000 0.000973 0.000247 0.002107  4.723 -6.293
 2 7.0970200E+05  84.5020 6.016 4.711 0.744000 0.252000 0.000973 0.000247 0.002107  4.711 -6.032
 3 1.1646326E+06  83.9631 6.044 4.699 0.744000 0.252000 0.000973 0.000247 0.002107  4.699 -5.825
 4 1.5684710E+06  83.1850 6.070 4.684 0.744000 0.252000 0.000973 0.000247 0.002107  4.684 -5.608
 5 1.9275163E+06  82.0044 6.093 4.660 0.744000 0.252000 0.000973 0.000247 0.002107  4.660 -5.357
 6 2.2487673E+06  80.0630 6.113 4.624 0.744000 0.252000 0.000973 0.000247 0.002107  4.624 -5.098
 7 2.5395938E+06  76.8876 6.131 4.564 0.744000 0.252000 0.000973 0.000247 0.002107  4.564 -4.854
 8 2.7407235E+06  73.6201 6.145 4.488 0.744000 0.252001 0.000973 0.000248 0.002107  4.488 -4.749
 9 2.9205003E+06  70.4161 6.161 4.382 0.732597 0.263397 0.000354 0.001441 0.001561  4.382 -4.761
10 3.0293580E+06  68.5530 6.173 4.266 0.710587 0.285473 0.000153 0.002310 0.000847  4.266 -4.748
11 3.1796575E+06  64.9669 6.195 4.168 0.627505 0.368642 0.000054 0.003111 0.000072  4.168 -4.579
12 3.1874458E+06  64.7646 6.204 4.187 0.623693 0.372454 0.000054 0.003112 0.000071  4.187 -4.609
13 3.1878463E+06  64.7553 6.208 4.209 0.623448 0.372699 0.000054 0.003112 0.000071  4.209 -4.649
14 3.1903575E+06  64.6966 6.217 4.153 0.621905 0.374243 0.000054 0.003113 0.000070  4.153 -4.512
15 3.1908055E+06  64.6801 6.216 4.103 0.621485 0.374662 0.000054 0.003113 0.000070  4.103 -4.342
16 3.1910805E+06  64.6639 6.216 4.053 0.620921 0.375227 0.000054 0.003113 0.000070  4.053 -4.124
17 3.1912513E+06  64.6445 6.217 3.996 0.620199 0.375949 0.000054 0.003113 0.000070  3.996 -3.818
18 3.1913755E+06  64.6145 6.217 3.946 0.619105 0.377042 0.000054 0.003114 0.000069  3.946 -3.492
19 3.1916315E+06  64.4651 6.218 3.891 0.610633 0.385515 0.000054 0.003115 0.000067  3.891 -3.085
20 3.1923300E+06  63.5970 6.210 3.838 0.607974 0.388174 0.000054 0.003116 0.000067  3.838 -2.703
21 3.1951430E+06  55.1716 6.274 3.850 0.366954 0.629195 0.000054 0.003122 0.000059  3.850 -2.554
22 3.2044238E+06  52.0016 6.288 4.089 0.252708 0.743444 0.000064 0.003111 0.000056  4.218 -4.097
23 3.2153685E+06  51.1260 6.285 4.274 0.205385 0.790769 0.000069 0.003104 0.000054  4.535 -4.097
24 3.2264130E+06  50.2424 6.280 4.284 0.201566 0.794587 0.000070 0.003104 0.000054  4.567 -4.097
25 3.2384335E+06  49.2808 6.274 4.299 0.200866 0.795287 0.000069 0.003106 0.000054  4.593 -4.097
26 3.2499918E+06  48.3561 6.268 4.323 0.200573 0.795579 0.000066 0.003111 0.000054  4.635 -4.097
27 3.2630315E+06  47.3129 6.258 4.373 0.198022 0.798130 0.000063 0.003114 0.000054  4.722 -4.097
28 3.2763520E+06  46.2473 6.245 4.428 0.196625 0.799526 0.000055 0.003125 0.000054  4.822 -4.097
29 3.2901165E+06  45.1461 6.228 4.479 0.195909 0.800238 0.000039 0.003149 0.000054  4.920 -4.097
30 3.3049610E+06  43.9585 6.218 4.496 0.191995 0.804153 0.000042 0.003143 0.000056  4.956 -4.097
31 3.3242293E+06  42.4170 6.214 4.601 0.018838 0.977312 0.000050 0.003139 0.000048  5.122 -4.097
32 3.3329775E+06  39.8706 6.171 4.247 0.000000 0.464576 0.387655 0.000000 0.142316  5.166 -2.998
33 3.3558445E+06  26.2712 5.923 4.369 0.000000 0.427701 0.398785 0.000000 0.168053  5.155 -3.447
34 3.3763078E+06  20.8321 5.780 4.431 0.000000 0.391801 0.408637 0.000000 0.194094  5.150 -3.695
35 3.3981218E+06  17.3670 5.664 4.478 0.000000 0.356069 0.416610 0.000000 0.221847  5.144 -3.894
36 3.4215515E+06  14.9184 5.566 4.515 0.000000 0.320445 0.422003 0.000000 0.252070  5.140 -4.061
37 3.4478575E+06  13.0049 5.477 4.547 0.000000 0.285107 0.424154 0.000000 0.285248  5.136 -4.210
38 3.4769015E+06  11.4808 5.396 4.576 0.000000 0.248038 0.422128 0.000000 0.324333  5.135 -4.345
39 3.5097500E+06  10.2078 5.320 4.603 0.000000 0.211424 0.414737 0.000000 0.368326  5.134 -4.473
40 3.5483948E+06   9.0897 5.248 4.631 0.000000 0.173100 0.399647 0.000000 0.421721  5.138 -4.599
41 3.5655703E+06   8.6837 5.222 4.645 0.000000 0.157957 0.391157 0.000000 0.445346  5.144 -4.649
42 3.5860090E+06   8.2561 5.199 4.665 0.000000 0.139885 0.378788 0.000000 0.475774  5.158 -4.706
43 3.5976368E+06   8.0358 5.224 4.698 0.000000 0.131024 0.371718 0.000000 0.491698  5.200 -4.737
44 3.6022863E+06   7.9517 5.300 4.750 0.000000 0.127827 0.369010 0.000000 0.497600  5.276 -4.749
45 3.6057430E+06   7.8907 5.338 4.767 0.000000 0.123914 0.365520 0.000000 0.504999  5.295 -4.757
46 3.6064908E+06   7.8776 5.365 4.773 0.000000 0.122870 0.364584 0.000000 0.506978  5.296 -4.759
47 3.6066145E+06   7.8755 5.375 4.777 0.000000 0.122701 0.364434 0.000000 0.507297  5.301 -4.759
48 3.6066285E+06   7.8752 5.377 4.778 0.000000 0.122682 0.364416 0.000000 0.507334  5.303 -4.759
49 3.6066378E+06   7.8751 5.378 4.779 0.000000 0.122669 0.364405 0.000000 0.507358  5.304 -4.759
50 3.6066485E+06   7.8749 5.380 4.780 0.000000 0.122655 0.364392 0.000000 0.507386  5.306 -4.759
51 3.6066663E+06   7.8746 5.391 4.787 0.000000 0.122630 0.364370 0.000000 0.507432  5.319 -4.759

   60.00 WR

 1 5.0003805E+04  59.9876 5.699 4.698 0.744000 0.252000 0.000973 0.000247 0.002107  4.698 -6.695
 2 9.2271819E+05  59.7464 5.748 4.686 0.744000 0.252000 0.000973 0.000247 0.002107  4.686 -6.455
 3 1.4685766E+06  59.5137 5.782 4.677 0.744000 0.252000 0.000973 0.000247 0.002107  4.677 -6.285
 4 1.9572770E+06  59.1939 5.814 4.663 0.744000 0.252000 0.000973 0.000247 0.002107  4.663 -6.089
 5 2.3730583E+06  58.7640 5.843 4.646 0.744000 0.252000 0.000973 0.000247 0.002107  4.646 -5.888
 6 2.7553635E+06  58.1013 5.870 4.618 0.744000 0.252000 0.000973 0.000247 0.002107  4.618 -5.650
 7 3.0844375E+06  57.1219 5.895 4.581 0.744000 0.252000 0.000973 0.000247 0.002107  4.581 -5.418
 8 3.3137770E+06  56.0468 5.912 4.539 0.744000 0.252000 0.000973 0.000247 0.002107  4.539 -5.254
 9 3.5188155E+06  54.6949 5.930 4.472 0.744000 0.252000 0.000973 0.000247 0.002107  4.472 -5.123
10 3.6418385E+06  53.7035 5.942 4.407 0.744000 0.252000 0.000973 0.000247 0.002107  4.407 -5.074
11 3.8027920E+06  52.2682 5.963 4.276 0.744000 0.252001 0.000973 0.000247 0.002107  4.276 -5.014
12 3.8139040E+06  52.1600 5.973 4.291 0.744000 0.252001 0.000973 0.000247 0.002107  4.291 -5.008
13 3.8146145E+06  52.1530 5.979 4.305 0.744000 0.252001 0.000973 0.000247 0.002107  4.305 -5.006
14 3.8174308E+06  52.1250 5.981 4.292 0.744000 0.252001 0.000973 0.000247 0.002107  4.292 -4.998
15 3.8185225E+06  52.1134 5.980 4.214 0.744000 0.252001 0.000973 0.000247 0.002107  4.214 -4.934
16 3.8190570E+06  52.1060 5.982 4.132 0.744000 0.252001 0.000973 0.000247 0.002107  4.132 -4.772
17 3.8194343E+06  52.0975 5.984 4.047 0.744000 0.252001 0.000973 0.000247 0.002107  4.047 -4.504
18 3.8196910E+06  52.0854 5.985 3.964 0.744000 0.252001 0.000973 0.000247 0.002107  3.964 -4.158
19 3.8199253E+06  52.0574 5.986 3.883 0.744000 0.252001 0.000973 0.000247 0.002107  3.883 -3.755
20 3.8204578E+06  51.9138 5.983 3.833 0.744000 0.252001 0.000973 0.000247 0.002107  3.833 -3.495
21 3.8258878E+06  48.0953 6.052 3.799 0.662125 0.333943 0.000470 0.001697 0.001118  3.799 -3.038
22 3.8333640E+06  42.2799 6.051 3.819 0.638787 0.357290 0.000419 0.001863 0.000998  3.819 -3.179
23 3.8475065E+06  37.7749 6.047 3.986 0.391769 0.604373 0.000068 0.003046 0.000126  4.110 -4.097
24 3.8604893E+06  36.7362 6.042 4.124 0.353536 0.642609 0.000067 0.003061 0.000109  4.339 -4.097
25 3.8740933E+06  35.6479 6.036 4.220 0.297462 0.698687 0.000066 0.003084 0.000084  4.513 -4.097
26 3.8873820E+06  34.5848 6.028 4.225 0.296895 0.699253 0.000065 0.003087 0.000083  4.535 -4.097
27 3.9014025E+06  33.4631 6.019 4.248 0.294688 0.701460 0.000062 0.003094 0.000079  4.576 -4.097
28 3.9161470E+06  32.2835 6.008 4.291 0.292485 0.703664 0.000060 0.003099 0.000077  4.652 -4.097
29 3.9314375E+06  31.0603 5.991 4.346 0.291137 0.705011 0.000056 0.003106 0.000076  4.753 -4.097
30 3.9472740E+06  29.7933 5.969 4.397 0.290714 0.705431 0.000037 0.003134 0.000076  4.853 -4.097
31 3.9724160E+06  27.7819 5.956 4.562 0.017471 0.978679 0.000050 0.003139 0.000049  5.133 -4.097
32 3.9825550E+06  25.8969 5.910 4.418 0.000000 0.996158 0.000090 0.003084 0.000043  5.142 -3.683
33 4.0019730E+06  21.2846 5.786 4.422 0.000000 0.446129 0.409090 0.000000 0.139339  5.149 -3.673
34 4.0226440E+06  17.8094 5.673 4.468 0.000000 0.407977 0.421821 0.000000 0.164755  5.143 -3.868
35 4.0452190E+06  15.2996 5.574 4.505 0.000000 0.371311 0.431731 0.000000 0.191505  5.138 -4.032
36 4.0695728E+06  13.4003 5.488 4.536 0.000000 0.336426 0.438634 0.000000 0.219480  5.134 -4.177
37 4.0970385E+06  11.8452 5.407 4.564 0.000000 0.299972 0.442612 0.000000 0.251949  5.131 -4.311
38 4.1272925E+06  10.5719 5.332 4.589 0.000000 0.263517 0.442531 0.000000 0.288478  5.129 -4.435
39 4.1617605E+06   9.4746 5.261 4.614 0.000000 0.228114 0.437707 0.000000 0.328694  5.129 -4.554
40 4.2014185E+06   8.5116 5.195 4.640 0.000000 0.189642 0.425805 0.000000 0.379055  5.133 -4.671
41 4.2205940E+06   8.1273 5.169 4.654 0.000000 0.173864 0.418515 0.000000 0.402115  5.139 -4.721
42 4.2399380E+06   7.7813 5.149 4.671 0.000000 0.157327 0.409070 0.000000 0.428090  5.151 -4.771
43 4.2530890E+06   7.5666 5.175 4.707 0.000000 0.147517 0.402520 0.000000 0.444443  5.195 -4.803
44 4.2579735E+06   7.4907 5.253 4.759 0.000000 0.143017 0.399247 0.000000 0.452213  5.271 -4.813
45 4.2618630E+06   7.4315 5.299 4.775 0.000000 0.140697 0.397486 0.000000 0.456293  5.284 -4.822
46 4.2626825E+06   7.4192 5.326 4.778 0.000000 0.139891 0.396860 0.000000 0.457724  5.282 -4.824
47 4.2628310E+06   7.4170 5.340 4.782 0.000000 0.136683 0.394350 0.000000 0.463440  5.284 -4.824
48 4.2628490E+06   7.4167 5.342 4.783 0.000000 0.136676 0.394344 0.000000 0.463453  5.285 -4.824
49 4.2628615E+06   7.4165 5.343 4.783 0.000000 0.136671 0.394340 0.000000 0.463462  5.286 -4.825
50 4.2628785E+06   7.4162 5.345 4.784 0.000000 0.136664 0.394335 0.000000 0.463474  5.287 -4.825
51 4.2629055E+06   7.4158 5.356 4.792 0.000000 0.136654 0.394326 0.000000 0.463493  5.299 -4.825

   40.00 WR

 1 2.0001521E+04  39.9957 5.335 4.663 0.744000 0.252000 0.000973 0.000247 0.002107  4.663 -7.022
 2 1.3343024E+06  39.8228 5.399 4.648 0.744000 0.252000 0.000973 0.000247 0.002107  4.648 -6.791
 3 2.0662405E+06  39.6863 5.439 4.640 0.744000 0.252000 0.000973 0.000247 0.002107  4.640 -6.667
 4 2.6804750E+06  39.5306 5.475 4.629 0.744000 0.252000 0.000973 0.000247 0.002107  4.629 -6.527
 5 3.2320040E+06  39.3328 5.510 4.614 0.744000 0.252000 0.000973 0.000247 0.002107  4.614 -6.368
 6 3.7071668E+06  39.0823 5.543 4.593 0.744000 0.252000 0.000973 0.000247 0.002107  4.593 -6.189
 7 4.1276878E+06  38.7437 5.575 4.565 0.744000 0.252000 0.000973 0.000247 0.002107  4.565 -6.002
 8 4.4010265E+06  38.4240 5.597 4.538 0.744000 0.252000 0.000973 0.000247 0.002107  4.538 -5.867
 9 4.6508160E+06  38.0230 5.618 4.501 0.744000 0.252000 0.000973 0.000247 0.002107  4.501 -5.729
10 4.8088645E+06  37.6945 5.633 4.468 0.744000 0.252000 0.000973 0.000247 0.002107  4.468 -5.643
11 4.9817180E+06  37.2580 5.652 4.430 0.744000 0.252000 0.000973 0.000247 0.002107  4.430 -5.562
12 5.0154995E+06  37.1648 5.666 4.451 0.744000 0.252000 0.000973 0.000247 0.002107  4.451 -5.562
13 5.0176185E+06  37.1590 5.680 4.472 0.744000 0.252000 0.000973 0.000247 0.002107  4.472 -5.567
14 5.0188755E+06  37.1556 5.686 4.483 0.744000 0.252000 0.000973 0.000247 0.002107  4.483 -5.572
15 5.0227180E+06  37.1440 5.705 4.389 0.744000 0.252000 0.000973 0.000247 0.002107  4.389 -5.441
16 5.0242875E+06  37.1378 5.717 4.297 0.744000 0.252000 0.000973 0.000247 0.002107  4.297 -5.367
17 5.0255170E+06  37.1319 5.725 4.201 0.744000 0.252000 0.000973 0.000247 0.002107  4.201 -5.261
18 5.0264975E+06  37.1253 5.733 4.107 0.744000 0.252000 0.000973 0.000247 0.002107  4.107 -5.077
19 5.0273895E+06  37.1150 5.739 4.013 0.744000 0.252000 0.000973 0.000247 0.002107  4.013 -4.815
20 5.0281960E+06  37.0963 5.745 3.920 0.744000 0.252000 0.000973 0.000247 0.002107  3.920 -4.493
21 5.0318290E+06  36.8756 5.753 3.824 0.744000 0.252000 0.000973 0.000247 0.002107  3.824 -4.134
22 5.0414980E+06  36.1219 5.754 3.815 0.744000 0.252000 0.000973 0.000247 0.002107  3.815 -4.105
23 5.0581090E+06  34.8179 5.752 3.814 0.743999 0.252000 0.000973 0.000247 0.002107  3.814 -4.106
24 5.0751410E+06  33.4849 5.750 3.813 0.743999 0.252002 0.000972 0.000248 0.002107  3.813 -4.108
25 5.0928540E+06  32.1152 5.748 3.814 0.742234 0.253773 0.000950 0.000283 0.002086  3.814 -4.116
26 5.1096960E+06  30.8601 5.746 3.834 0.656241 0.339817 0.000501 0.001461 0.001299  3.834 -4.187
27 5.1275835E+06  29.9378 5.744 3.899 0.624101 0.371968 0.000431 0.001692 0.001136  3.899 -4.421
28 5.1446535E+06  29.4256 5.743 3.994 0.605145 0.390930 0.000391 0.001827 0.001040  3.994 -4.741
29 5.1637405E+06  29.1327 5.743 4.030 0.593432 0.402646 0.000368 0.001902 0.000988  4.030 -4.856
30 5.1828670E+06  28.8881 5.743 4.049 0.585520 0.410560 0.000353 0.001948 0.000958  4.049 -4.912
31 5.2013105E+06  28.6753 5.743 4.063 0.577797 0.418284 0.000337 0.001994 0.000928  4.063 -4.950
32 5.2213375E+06  28.4485 5.743 4.060 0.577363 0.418718 0.000336 0.001997 0.000926  4.060 -4.944
33 5.2370535E+06  28.2776 5.744 4.189 0.523318 0.472774 0.000227 0.002318 0.000719  4.189 -5.337
34 5.2649325E+06  28.1013 5.744 4.170 0.523318 0.472774 0.000227 0.002318 0.000719  4.170 -5.184
35 5.2886180E+06  27.9388 5.745 4.148 0.523318 0.472774 0.000227 0.002318 0.000719  4.148 -5.144
36 5.3144735E+06  27.7417 5.745 4.123 0.523318 0.472774 0.000227 0.002318 0.000719  4.123 -5.094
37 5.3481340E+06  27.4558 5.746 4.100 0.516025 0.480069 0.000212 0.002362 0.000691  4.100 -5.040
38 5.3665740E+06  27.3229 5.747 4.218 0.453168 0.542937 0.000084 0.002737 0.000450  4.218 -5.255
39 5.4044790E+06  27.0836 5.748 4.141 0.452157 0.543949 0.000082 0.002743 0.000446  4.141 -5.127
40 5.4341880E+06  26.7580 5.747 3.989 0.452091 0.544014 0.000077 0.002750 0.000446  3.989 -4.727
41 5.4477615E+06  26.2253 5.743 3.840 0.450785 0.545317 0.000057 0.002783 0.000443  3.840 -4.217
42 5.4615030E+06  25.3130 5.736 3.815 0.443624 0.552481 0.000058 0.002803 0.000418  3.815 -4.153
43 5.4690180E+06  24.7833 5.728 3.809 0.441082 0.555030 0.000058 0.002846 0.000370  3.809 -4.154
44 5.4703295E+06  24.6942 5.685 3.798 0.437836 0.558282 0.000059 0.002886 0.000322  3.798 -4.224
45 5.4715320E+06  24.6138 5.704 3.788 0.424580 0.571551 0.000058 0.002985 0.000210  3.788 -4.156
46 5.4741875E+06  24.2800 5.819 3.786 0.416756 0.579380 0.000054 0.003032 0.000164  3.786 -3.807
47 5.4742065E+06  24.2770 5.820 3.786 0.416748 0.579388 0.000054 0.003032 0.000164  3.786 -3.804
48 5.4742085E+06  24.2767 5.820 3.786 0.416742 0.579395 0.000054 0.003032 0.000164  3.786 -3.805
49 5.4742095E+06  24.2766 5.820 3.786 0.416742 0.579395 0.000054 0.003032 0.000164  3.786 -3.805
50 5.4742105E+06  24.2764 5.819 3.786 0.416742 0.579395 0.000054 0.003032 0.000164  3.786 -3.806
51 5.4742120E+06  24.2762 5.818 3.786 0.416741 0.579395 0.000054 0.003032 0.000164  3.786 -3.811

   25.00 WR

 1 5.0003805E+04  24.9967 4.862 4.601 0.744000 0.252000 0.000973 0.000247 0.002107  4.601 -7.269
 2 2.0767739E+06  24.8659 4.932 4.588 0.744000 0.252000 0.000973 0.000247 0.002107  4.588 -7.130
 3 3.1542508E+06  24.7782 4.976 4.582 0.744000 0.252000 0.000973 0.000247 0.002107  4.582 -7.049
 4 4.1119880E+06  24.6830 5.019 4.573 0.744000 0.252000 0.000973 0.000247 0.002107  4.573 -6.956
 5 4.9191900E+06  24.5827 5.060 4.561 0.744000 0.252000 0.000973 0.000247 0.002107  4.561 -6.856
 6 5.6137255E+06  24.4726 5.098 4.544 0.744000 0.252000 0.000973 0.000247 0.002107  4.544 -6.745
 7 6.2008375E+06  24.3518 5.135 4.523 0.744000 0.252000 0.000973 0.000247 0.002107  4.523 -6.629
 8 6.5899870E+06  24.2498 5.161 4.503 0.744000 0.252000 0.000973 0.000247 0.002107  4.503 -6.537
 9 6.9436090E+06  24.1347 5.188 4.478 0.744000 0.252000 0.000973 0.000247 0.002107  4.478 -6.440
10 7.1449300E+06  24.0564 5.204 4.460 0.744000 0.252000 0.000973 0.000247 0.002107  4.460 -6.383
11 7.3677460E+06  23.9567 5.224 4.443 0.744000 0.252000 0.000973 0.000247 0.002107  4.443 -6.322
12 7.4299545E+06  23.9270 5.242 4.466 0.744000 0.252000 0.000973 0.000247 0.002107  4.466 -6.327
13 7.4345400E+06  23.9248 5.265 4.489 0.744000 0.252000 0.000973 0.000247 0.002107  4.489 -6.331
14 7.4354495E+06  23.9244 5.269 4.494 0.744000 0.252000 0.000973 0.000247 0.002107  4.494 -6.334
15 7.4371620E+06  23.9236 5.266 4.492 0.744000 0.252000 0.000973 0.000247 0.002107  4.492 -6.333
16 7.4407450E+06  23.9217 5.279 4.437 0.744000 0.252000 0.000973 0.000247 0.002107  4.437 -6.218
17 7.4429465E+06  23.9202 5.294 4.382 0.744000 0.252000 0.000973 0.000247 0.002107  4.382 -6.128
18 7.4448890E+06  23.9186 5.306 4.324 0.744000 0.252000 0.000973 0.000247 0.002107  4.324 -6.052
19 7.4465725E+06  23.9170 5.317 4.271 0.744000 0.252000 0.000973 0.000247 0.002107  4.271 -5.981
20 7.4485150E+06  23.9147 5.330 4.215 0.744000 0.252000 0.000973 0.000247 0.002107  4.215 -5.891
21 7.4556805E+06  23.9034 5.353 4.159 0.744000 0.252000 0.000973 0.000247 0.002107  4.159 -5.772
22 7.4699850E+06  23.8792 5.353 4.158 0.744000 0.252000 0.000973 0.000247 0.002107  4.158 -5.769
23 7.4970255E+06  23.8317 5.355 4.143 0.744000 0.252000 0.000973 0.000247 0.002107  4.143 -5.742
24 7.5229845E+06  23.7836 5.356 4.134 0.744000 0.252000 0.000973 0.000247 0.002107  4.134 -5.723
25 7.5488870E+06  23.7337 5.357 4.127 0.744000 0.252000 0.000973 0.000247 0.002107  4.127 -5.709
26 7.5755070E+06  23.6803 5.359 4.118 0.744000 0.252000 0.000973 0.000247 0.002107  4.118 -5.689
27 7.6041295E+06  23.6202 5.360 4.106 0.744000 0.252000 0.000973 0.000247 0.002107  4.106 -5.666
28 7.6306320E+06  23.5612 5.361 4.095 0.744000 0.252000 0.000973 0.000247 0.002107  4.095 -5.642
29 7.6593055E+06  23.4935 5.363 4.081 0.744000 0.252000 0.000973 0.000247 0.002107  4.081 -5.612
30 7.6864350E+06  23.4246 5.364 4.066 0.744000 0.252000 0.000973 0.000247 0.002107  4.066 -5.579
31 7.7165630E+06  23.3413 5.365 4.048 0.744000 0.252000 0.000973 0.000247 0.002107  4.048 -5.537
32 7.7453815E+06  23.2531 5.366 4.028 0.744000 0.252000 0.000973 0.000247 0.002107  4.028 -5.491
33 7.7772950E+06  23.1421 5.367 4.001 0.744000 0.252000 0.000973 0.000247 0.002107  4.001 -5.426
34 7.8116465E+06  22.9996 5.368 3.963 0.744000 0.252000 0.000973 0.000247 0.002107  3.963 -5.337
35 7.8494875E+06  22.7985 5.368 3.911 0.744000 0.252000 0.000973 0.000247 0.002107  3.911 -5.215
36 7.8806505E+06  22.5813 5.368 3.861 0.744000 0.252000 0.000973 0.000247 0.002107  3.861 -5.105
37 7.9218305E+06  22.2002 5.366 3.791 0.743999 0.252000 0.000973 0.000247 0.002107  3.791 -4.979
38 7.9603480E+06  21.7734 5.366 3.776 0.743999 0.252000 0.000973 0.000247 0.002107  3.776 -4.958
39 8.0041165E+06  21.2588 5.365 3.739 0.743999 0.252000 0.000973 0.000247 0.002107  3.739 -4.918
40 8.0491440E+06  20.7084 5.366 3.730 0.743998 0.252002 0.000972 0.000248 0.002107  3.730 -4.907
41 8.0673590E+06  20.4818 5.367 3.726 0.743998 0.252003 0.000971 0.000248 0.002107  3.726 -4.903
42 8.0850845E+06  20.2590 5.367 3.721 0.743997 0.252006 0.000966 0.000249 0.002107  3.721 -4.899
43 8.0961760E+06  20.1207 5.358 3.761 0.742577 0.253428 0.000927 0.000282 0.002095  3.761 -4.956
44 8.1009590E+06  20.0656 5.410 3.747 0.585956 0.410103 0.000355 0.001835 0.001098  3.747 -4.827
45 8.1050230E+06  20.0030 5.434 3.746 0.582530 0.413531 0.000347 0.001864 0.001076  3.746 -4.767
46 8.1056945E+06  19.9909 5.448 3.746 0.581243 0.414819 0.000346 0.001873 0.001069  3.746 -4.733
47 8.1058265E+06  19.9884 5.452 3.746 0.581012 0.415050 0.000345 0.001874 0.001068  3.746 -4.724
48 8.1058405E+06  19.9882 5.453 3.746 0.580955 0.415106 0.000345 0.001874 0.001068  3.746 -4.722
49 8.1058495E+06  19.9880 5.453 3.746 0.580954 0.415108 0.000345 0.001874 0.001068  3.746 -4.721
50 8.1058595E+06  19.9878 5.454 3.746 0.580952 0.415110 0.000345 0.001874 0.001068  3.746 -4.719
51 8.1058770E+06  19.9875 5.454 3.746 0.580897 0.415164 0.000345 0.001874 0.001068  3.746 -4.721

   20.00 WR

 1 6.0004563E+04  19.9977 4.615 4.568 0.744000 0.252000 0.000973 0.000247 0.002107  4.568 -7.492
 2 2.6586040E+06  19.9008 4.686 4.555 0.744000 0.252000 0.000973 0.000247 0.002107  4.555 -7.372
 3 4.0469125E+06  19.8368 4.732 4.549 0.744000 0.252000 0.000973 0.000247 0.002107  4.549 -7.299
 4 5.2646990E+06  19.7697 4.777 4.540 0.744000 0.252000 0.000973 0.000247 0.002107  4.540 -7.220
 5 6.2857170E+06  19.7020 4.820 4.529 0.744000 0.252000 0.000973 0.000247 0.002107  4.529 -7.136
 6 7.1532365E+06  19.6318 4.860 4.515 0.744000 0.252000 0.000973 0.000247 0.002107  4.515 -7.049
 7 7.9059690E+06  19.5568 4.899 4.495 0.744000 0.252000 0.000973 0.000247 0.002107  4.495 -6.955
 8 8.3811365E+06  19.4995 4.927 4.477 0.744000 0.252000 0.000973 0.000247 0.002107  4.477 -6.883
 9 8.7980580E+06  19.4402 4.953 4.457 0.744000 0.252000 0.000973 0.000247 0.002107  4.457 -6.812
10 9.0601660E+06  19.3972 4.971 4.441 0.744000 0.252000 0.000973 0.000247 0.002107  4.441 -6.762
11 9.2926570E+06  19.3547 4.990 4.429 0.744000 0.252000 0.000973 0.000247 0.002107  4.429 -6.717
12 9.3977480E+06  19.3342 5.011 4.453 0.744000 0.252000 0.000973 0.000247 0.002107  4.453 -6.707
13 9.4050730E+06  19.3327 5.039 4.477 0.744000 0.252000 0.000973 0.000247 0.002107  4.477 -6.694
14 9.4093630E+06  19.3318 5.035 4.462 0.744000 0.252000 0.000973 0.000247 0.002107  4.462 -6.679
15 9.4122480E+06  19.3312 5.056 4.428 0.744000 0.252000 0.000973 0.000247 0.002107  4.428 -6.597
16 9.4143750E+06  19.3306 5.068 4.396 0.744000 0.252000 0.000973 0.000247 0.002107  4.396 -6.544
17 9.4163250E+06  19.3300 5.075 4.362 0.744000 0.252000 0.000973 0.000247 0.002107  4.362 -6.499
18 9.4180980E+06  19.3294 5.083 4.329 0.744000 0.252000 0.000973 0.000247 0.002107  4.329 -6.455
19 9.4196930E+06  19.3288 5.088 4.297 0.744000 0.252000 0.000973 0.000247 0.002107  4.297 -6.415
20 9.4214660E+06  19.3281 5.097 4.261 0.744000 0.252000 0.000973 0.000247 0.002107  4.261 -6.361
21 9.4234160E+06  19.3272 5.109 4.229 0.744000 0.252000 0.000973 0.000247 0.002107  4.229 -6.302
22 9.4519020E+06  19.3102 5.131 4.196 0.744000 0.252000 0.000973 0.000247 0.002107  4.196 -6.216
23 9.4873140E+06  19.2880 5.134 4.183 0.744000 0.252000 0.000973 0.000247 0.002107  4.183 -6.193
24 9.5214150E+06  19.2658 5.136 4.177 0.744000 0.252000 0.000973 0.000247 0.002107  4.177 -6.180
25 9.5576140E+06  19.2415 5.138 4.172 0.744000 0.252000 0.000973 0.000247 0.002107  4.172 -6.168
26 9.5915030E+06  19.2181 5.141 4.166 0.744000 0.252000 0.000973 0.000247 0.002107  4.166 -6.154
27 9.6298050E+06  19.1907 5.143 4.159 0.744000 0.252000 0.000973 0.000247 0.002107  4.159 -6.138
28 9.6638510E+06  19.1655 5.145 4.152 0.744000 0.252000 0.000973 0.000247 0.002107  4.152 -6.124
29 9.7007340E+06  19.1372 5.147 4.144 0.744000 0.252000 0.000973 0.000247 0.002107  4.144 -6.107
30 9.7390360E+06  19.1066 5.149 4.135 0.744000 0.252000 0.000973 0.000247 0.002107  4.135 -6.086
31 9.7745010E+06  19.0768 5.151 4.126 0.744000 0.252000 0.000973 0.000247 0.002107  4.126 -6.066
32 9.8142210E+06  19.0417 5.153 4.114 0.744000 0.252000 0.000973 0.000247 0.002107  4.114 -6.042
33 9.8567780E+06  19.0017 5.156 4.099 0.744000 0.252000 0.000973 0.000247 0.002107  4.099 -6.010
34 9.9006940E+06  18.9567 5.158 4.081 0.744000 0.252000 0.000973 0.000247 0.002107  4.081 -5.971
35 9.9410380E+06  18.9114 5.160 4.062 0.744000 0.252000 0.000973 0.000247 0.002107  4.062 -5.928
36 9.9887730E+06  18.8505 5.162 4.032 0.744000 0.252000 0.000973 0.000247 0.002107  4.032 -5.861
37 1.0039887E+07  18.7718 5.164 3.990 0.744000 0.252000 0.000973 0.000247 0.002107  3.990 -5.766
38 1.0095948E+07  18.6571 5.166 3.922 0.744000 0.252000 0.000973 0.000247 0.002107  3.922 -5.616
39 1.0142116E+07  18.5201 5.166 3.832 0.744000 0.252000 0.000973 0.000247 0.002107  3.832 -5.443
40 1.0192351E+07  18.3072 5.150 3.620 0.743998 0.252001 0.000973 0.000247 0.002107  3.620 -5.395
41 1.0214332E+07  18.2188 5.152 3.616 0.743997 0.252003 0.000970 0.000248 0.002107  3.616 -5.395
42 1.0236517E+07  18.1295 5.153 3.614 0.743996 0.252006 0.000960 0.000250 0.002107  3.614 -5.395
43 1.0249440E+07  18.0780 5.144 3.612 0.740183 0.255815 0.000869 0.000364 0.002072  3.612 -5.416
44 1.0258105E+07  18.0418 5.184 3.609 0.645915 0.350113 0.000507 0.001314 0.001487  3.609 -5.344
45 1.0262615E+07  18.0173 5.259 3.607 0.639243 0.356787 0.000487 0.001377 0.001443  3.607 -5.191
46 1.0263375E+07  18.0123 5.268 3.607 0.638648 0.357383 0.000486 0.001382 0.001439  3.607 -5.175
47 1.0263740E+07  18.0098 5.272 3.608 0.638468 0.357562 0.000485 0.001383 0.001438  3.608 -5.158
48 1.0263778E+07  18.0095 5.271 3.608 0.638398 0.357632 0.000485 0.001384 0.001438  3.608 -5.161
49 1.0263804E+07  18.0093 5.272 3.608 0.638397 0.357633 0.000485 0.001384 0.001438  3.608 -5.159
50 1.0263853E+07  18.0090 5.273 3.608 0.638397 0.357633 0.000485 0.001384 0.001438  3.608 -5.157
51 1.0263930E+07  18.0085 5.272 3.608 0.638396 0.357635 0.000485 0.001384 0.001438  3.608 -5.158

   15.00 WR

 1 3.1976891E+05  14.9986 4.278 4.516 0.744000 0.252000 0.000973 0.000247 0.002107  4.516 -8.290
 2 3.8960760E+06  14.9775 4.352 4.507 0.744000 0.252000 0.000973 0.000247 0.002107  4.507 -8.169
 3 5.8747490E+06  14.9627 4.401 4.502 0.744000 0.252000 0.000973 0.000247 0.002107  4.502 -8.087
 4 7.5796525E+06  14.9474 4.448 4.494 0.744000 0.252000 0.000973 0.000247 0.002107  4.494 -8.007
 5 8.9973140E+06  14.9321 4.492 4.484 0.744000 0.252000 0.000973 0.000247 0.002107  4.484 -7.930
 6 1.0190197E+07  14.9168 4.535 4.471 0.744000 0.252000 0.000973 0.000247 0.002107  4.471 -7.856
 7 1.1220251E+07  14.9011 4.576 4.455 0.744000 0.252000 0.000973 0.000247 0.002107  4.455 -7.779
 8 1.1880270E+07  14.8894 4.605 4.439 0.744000 0.252000 0.000973 0.000247 0.002107  4.439 -7.724
 9 1.2447079E+07  14.8780 4.632 4.421 0.744000 0.252000 0.000973 0.000247 0.002107  4.421 -7.668
10 1.2782630E+07  14.8704 4.650 4.410 0.744000 0.252000 0.000973 0.000247 0.002107  4.410 -7.630
11 1.3021371E+07  14.8646 4.665 4.403 0.744000 0.252000 0.000973 0.000247 0.002107  4.403 -7.600
12 1.3221748E+07  14.8594 4.688 4.422 0.744000 0.252000 0.000973 0.000247 0.002107  4.422 -7.563
13 1.3241721E+07  14.8589 4.723 4.451 0.744000 0.252000 0.000973 0.000247 0.002107  4.451 -7.513
14 1.3246246E+07  14.8587 4.708 4.438 0.744000 0.252000 0.000973 0.000247 0.002107  4.438 -7.533
15 1.3253613E+07  14.8585 4.737 4.375 0.744000 0.252000 0.000973 0.000247 0.002107  4.375 -7.448
16 1.3259456E+07  14.8583 4.753 4.304 0.744000 0.252000 0.000973 0.000247 0.002107  4.304 -7.377
17 1.3264029E+07  14.8581 4.764 4.236 0.744000 0.252000 0.000973 0.000247 0.002107  4.236 -7.293
18 1.3267839E+07  14.8578 4.770 4.169 0.744000 0.252000 0.000973 0.000247 0.002107  4.169 -7.193
19 1.3271903E+07  14.8575 4.788 4.102 0.744000 0.252000 0.000973 0.000247 0.002107  4.102 -7.039
20 1.3281074E+07  14.8564 4.820 4.030 0.744000 0.252000 0.000973 0.000247 0.002107  4.030 -6.826
21 1.3287681E+07  14.8554 4.830 4.048 0.744000 0.252000 0.000973 0.000247 0.002107  4.048 -6.843
22 1.3315579E+07  14.8522 4.831 4.126 0.744000 0.252000 0.000973 0.000247 0.002107  4.126 -6.993
23 1.3370244E+07  14.8466 4.833 4.117 0.744000 0.252000 0.000973 0.000247 0.002107  4.117 -6.972
24 1.3425407E+07  14.8404 4.838 4.102 0.744000 0.252000 0.000973 0.000247 0.002107  4.102 -6.936
25 1.3476328E+07  14.8343 4.842 4.094 0.744000 0.252000 0.000973 0.000247 0.002107  4.094 -6.911
26 1.3531492E+07  14.8273 4.846 4.084 0.744000 0.252000 0.000973 0.000247 0.002107  4.084 -6.884
27 1.3586656E+07  14.8199 4.850 4.074 0.744000 0.252000 0.000973 0.000247 0.002107  4.074 -6.856
28 1.3639698E+07  14.8123 4.853 4.064 0.744000 0.252000 0.000973 0.000247 0.002107  4.064 -6.829
29 1.3694246E+07  14.8039 4.857 4.053 0.744000 0.252000 0.000973 0.000247 0.002107  4.053 -6.797
30 1.3749739E+07  14.7947 4.860 4.040 0.744000 0.252000 0.000973 0.000247 0.002107  4.040 -6.763
31 1.3808463E+07  14.7841 4.864 4.025 0.744000 0.252000 0.000973 0.000247 0.002107  4.025 -6.725
32 1.3868850E+07  14.7721 4.867 4.008 0.744000 0.252000 0.000973 0.000247 0.002107  4.008 -6.680
33 1.3929238E+07  14.7587 4.871 3.988 0.744000 0.252000 0.000973 0.000247 0.002107  3.988 -6.630
34 1.3982077E+07  14.7456 4.873 3.968 0.744000 0.252000 0.000973 0.000247 0.002107  3.968 -6.581
35 1.4043377E+07  14.7281 4.876 3.940 0.744000 0.252000 0.000973 0.000247 0.002107  3.940 -6.513
36 1.4108822E+07  14.7058 4.878 3.900 0.744000 0.252000 0.000973 0.000247 0.002107  3.900 -6.423
37 1.4176085E+07  14.6767 4.879 3.838 0.744000 0.252000 0.000973 0.000247 0.002107  3.838 -6.300
38 1.4244425E+07  14.6356 4.839 3.631 0.744000 0.252000 0.000973 0.000247 0.002107  3.631 -6.204
39 1.4320061E+07  14.5874 4.856 3.611 0.743994 0.252005 0.000958 0.000251 0.002107  3.611 -6.189
40 1.4382898E+07  14.5463 4.865 3.610 0.743989 0.252009 0.000934 0.000264 0.002107  3.610 -6.178
41 1.4410861E+07  14.5275 4.871 3.609 0.743985 0.252011 0.000913 0.000281 0.002107  3.609 -6.170
42 1.4440276E+07  14.5074 4.881 3.608 0.743975 0.252015 0.000863 0.000334 0.002107  3.608 -6.157
43 1.4459267E+07  14.4938 4.896 3.606 0.738406 0.257575 0.000741 0.000530 0.002054  3.606 -6.137
44 1.4459297E+07  14.4938 4.896 3.606 0.738371 0.257610 0.000740 0.000531 0.002054  3.606 -6.137
45 1.4461972E+07  14.4918 4.912 3.605 0.730526 0.265454 0.000674 0.000669 0.001990  3.605 -6.119
46 1.4463630E+07  14.4905 4.929 3.602 0.716669 0.279317 0.000634 0.000796 0.001901  3.602 -6.088
47 1.4476059E+07  14.4807 4.946 3.601 0.694073 0.301923 0.000575 0.000985 0.001767  3.601 -6.068
48 1.4477140E+07  14.4797 4.962 3.600 0.686932 0.309067 0.000557 0.001043 0.001727  3.600 -6.046
49 1.4478191E+07  14.4787 4.980 3.599 0.685518 0.310481 0.000553 0.001055 0.001718  3.599 -6.018
50 1.4479696E+07  14.4772 4.996 3.599 0.684487 0.311513 0.000551 0.001063 0.001713  3.599 -5.990
51 1.4484687E+07  14.4718 5.030 3.597 0.682034 0.313967 0.000545 0.001083 0.001698  3.597 -5.940

   12.00 WR

 1 4.6889109E+05  11.9995 3.999 4.475 0.744000 0.252000 0.000973 0.000247 0.002107  4.475 -8.918
 2 5.4216790E+06  11.9924 4.072 4.466 0.744000 0.252000 0.000973 0.000247 0.002107  4.466 -8.771
 3 8.2296015E+06  11.9871 4.122 4.460 0.744000 0.252000 0.000973 0.000247 0.002107  4.460 -8.670
 4 1.0541903E+07  11.9816 4.169 4.454 0.744000 0.252000 0.000973 0.000247 0.002107  4.454 -8.577
 5 1.2485556E+07  11.9759 4.214 4.444 0.744000 0.252000 0.000973 0.000247 0.002107  4.444 -8.493
 6 1.4083439E+07  11.9702 4.257 4.432 0.744000 0.252000 0.000973 0.000247 0.002107  4.432 -8.416
 7 1.5477730E+07  11.9644 4.299 4.417 0.744000 0.252000 0.000973 0.000247 0.002107  4.417 -8.340
 8 1.6351372E+07  11.9601 4.328 4.403 0.744000 0.252000 0.000973 0.000247 0.002107  4.403 -8.286
 9 1.7108528E+07  11.9560 4.356 4.387 0.744000 0.252000 0.000973 0.000247 0.002107  4.387 -8.234
10 1.7564570E+07  11.9532 4.375 4.377 0.744000 0.252000 0.000973 0.000247 0.002107  4.377 -8.198
11 1.7873578E+07  11.9512 4.390 4.373 0.744000 0.252000 0.000973 0.000247 0.002107  4.373 -8.167
12 1.8125388E+07  11.9494 4.412 4.392 0.744000 0.252000 0.000973 0.000247 0.002107  4.392 -8.112
13 1.8157036E+07  11.9491 4.436 4.416 0.744000 0.252000 0.000973 0.000247 0.002107  4.416 -8.055
14 1.8158840E+07  11.9491 4.426 4.409 0.744000 0.252000 0.000973 0.000247 0.002107  4.409 -8.078
15 1.8176880E+07  11.9489 4.468 4.285 0.744000 0.252000 0.000973 0.000247 0.002107  4.285 -7.986
16 1.8187702E+07  11.9488 4.472 4.156 0.744000 0.252000 0.000973 0.000247 0.002107  4.156 -7.849
17 1.8194832E+07  11.9487 4.445 3.991 0.744000 0.252000 0.000973 0.000247 0.002107  3.991 -7.576
18 1.8198272E+07  11.9485 4.410 3.833 0.744000 0.252000 0.000973 0.000247 0.002107  3.833 -7.245
19 1.8199624E+07  11.9484 4.372 3.735 0.744000 0.252000 0.000973 0.000247 0.002107  3.735 -7.082
20 1.8201472E+07  11.9483 4.264 3.642 0.743999 0.252000 0.000973 0.000247 0.002107  3.642 -7.057
21 1.8229724E+07  11.9416 4.530 3.610 0.709556 0.286431 0.000594 0.000913 0.001827  3.610 -6.628
22 1.8273174E+07  11.9320 4.493 3.613 0.709556 0.286431 0.000594 0.000913 0.001827  3.613 -6.678
23 1.8359736E+07  11.9153 4.447 3.617 0.709556 0.286431 0.000594 0.000913 0.001827  3.617 -6.744
24 1.8441752E+07  11.9011 4.435 3.624 0.709556 0.286431 0.000594 0.000913 0.001827  3.624 -6.769
25 1.8461390E+07  11.8975 4.558 3.664 0.709556 0.286431 0.000594 0.000913 0.001827  3.664 -6.634
26 1.8469248E+07  11.8964 4.581 3.960 0.709556 0.286431 0.000594 0.000913 0.001827  3.960 -7.185
27 1.8667350E+07  11.8912 4.563 4.126 0.709556 0.286431 0.000594 0.000913 0.001827  4.126 -7.586
28 1.8745124E+07  11.8892 4.567 4.128 0.709556 0.286431 0.000594 0.000913 0.001827  4.128 -7.580
29 1.8830288E+07  11.8869 4.571 4.132 0.709556 0.286431 0.000594 0.000913 0.001827  4.132 -7.575
30 1.8898112E+07  11.8851 4.575 4.135 0.709556 0.286431 0.000594 0.000913 0.001827  4.135 -7.572
31 1.8979784E+07  11.8829 4.579 4.138 0.709556 0.286431 0.000594 0.000913 0.001827  4.138 -7.568
32 1.9053670E+07  11.8809 4.582 4.141 0.709556 0.286431 0.000594 0.000913 0.001827  4.141 -7.566
33 1.9139316E+07  11.8786 4.586 4.144 0.709556 0.286431 0.000594 0.000913 0.001827  4.144 -7.561
34 1.9221670E+07  11.8763 4.590 4.146 0.709556 0.286431 0.000594 0.000913 0.001827  4.146 -7.557
35 1.9311862E+07  11.8738 4.594 4.149 0.709556 0.286431 0.000594 0.000913 0.001827  4.149 -7.551
36 1.9389240E+07  11.8716 4.597 4.149 0.709556 0.286431 0.000594 0.000913 0.001827  4.149 -7.545
37 1.9481988E+07  11.8689 4.600 4.148 0.709556 0.286431 0.000594 0.000913 0.001827  4.148 -7.535
38 1.9578844E+07  11.8660 4.604 4.144 0.709556 0.286431 0.000594 0.000913 0.001827  4.144 -7.521
39 1.9656328E+07  11.8636 4.606 4.133 0.709556 0.286431 0.000594 0.000913 0.001827  4.133 -7.498
40 1.9740272E+07  11.8608 4.607 4.105 0.709556 0.286431 0.000594 0.000913 0.001827  4.105 -7.444
41 1.9780952E+07  11.8593 4.606 4.076 0.709556 0.286431 0.000594 0.000913 0.001827  4.076 -7.390
42 1.9823000E+07  11.8573 4.597 3.994 0.709556 0.286431 0.000594 0.000913 0.001827  3.994 -7.230
43 1.9844452E+07  11.8554 4.486 3.709 0.709556 0.286431 0.000594 0.000913 0.001827  3.709 -6.820
44 1.9846600E+07  11.8551 4.329 3.633 0.709556 0.286431 0.000594 0.000913 0.001827  3.633 -6.940
45 1.9847678E+07  11.8549 4.556 3.610 0.709556 0.286431 0.000594 0.000913 0.001827  3.610 -6.586
46 1.9848108E+07  11.8548 4.597 3.608 0.709556 0.286431 0.000594 0.000913 0.001827  3.608 -6.537
47 1.9862204E+07  11.8507 4.638 3.604 0.709556 0.286431 0.000594 0.000913 0.001827  3.604 -6.486
48 1.9867232E+07  11.8489 4.681 3.602 0.709556 0.286432 0.000591 0.000914 0.001827  3.602 -6.431
49 1.9873352E+07  11.8465 4.723 3.599 0.709554 0.286432 0.000583 0.000924 0.001827  3.599 -6.378
50 1.9881004E+07  11.8430 4.765 3.596 0.709552 0.286435 0.000577 0.000931 0.001826  3.596 -6.325
51 1.9890558E+07  11.8382 4.807 3.594 0.706650 0.289337 0.000570 0.000956 0.001808  3.594 -6.270

    9.00 WR

 1 5.9998856E+05   9.0000 3.620 4.418 0.744000 0.252000 0.000973 0.000247 0.002107  4.418-10.090
 2 8.5099780E+06   8.9992 3.691 4.408 0.744000 0.252000 0.000973 0.000247 0.002107  4.408 -9.896
 3 1.2962676E+07   8.9985 3.740 4.403 0.744000 0.252000 0.000973 0.000247 0.002107  4.403 -9.759
 4 1.6708929E+07   8.9978 3.787 4.396 0.744000 0.252000 0.000973 0.000247 0.002107  4.396 -9.637
 5 1.9846176E+07   8.9969 3.833 4.387 0.744000 0.252000 0.000973 0.000247 0.002107  4.387 -9.525
 6 2.2424692E+07   8.9961 3.875 4.375 0.744000 0.252000 0.000973 0.000247 0.002107  4.375 -9.426
 7 2.4561190E+07   8.9952 3.915 4.361 0.744000 0.252000 0.000973 0.000247 0.002107  4.361 -9.337
 8 2.5899808E+07   8.9945 3.943 4.348 0.744000 0.252000 0.000973 0.000247 0.002107  4.348 -9.274
 9 2.7100482E+07   8.9938 3.971 4.334 0.744000 0.252000 0.000973 0.000247 0.002107  4.334 -9.214
10 2.7787300E+07   8.9934 3.989 4.326 0.744000 0.252000 0.000973 0.000247 0.002107  4.326 -9.173
11 2.8256208E+07   8.9931 4.003 4.322 0.744000 0.252000 0.000973 0.000247 0.002107  4.322 -9.136
12 2.8658922E+07   8.9927 4.027 4.341 0.744000 0.252000 0.000973 0.000247 0.002107  4.341 -9.059
13 2.8714868E+07   8.9927 4.063 4.369 0.744000 0.252000 0.000973 0.000247 0.002107  4.369 -8.938
14 2.8720110E+07   8.9927 4.034 4.358 0.744000 0.252000 0.000973 0.000247 0.002107  4.358 -9.023
15 2.8749508E+07   8.9927 4.091 4.245 0.744000 0.252000 0.000973 0.000247 0.002107  4.245 -8.914
16 2.8771192E+07   8.9926 4.099 4.127 0.744000 0.252000 0.000973 0.000247 0.002107  4.127 -8.768
17 2.8783628E+07   8.9926 4.081 4.010 0.744000 0.252000 0.000973 0.000247 0.002107  4.010 -8.559
18 2.8790776E+07   8.9926 4.049 3.893 0.744000 0.252000 0.000973 0.000247 0.002107  3.893 -8.289
19 2.8795096E+07   8.9925 4.000 3.773 0.744000 0.252000 0.000973 0.000247 0.002107  3.773 -7.984
20 2.8799052E+07   8.9925 3.854 3.656 0.744000 0.252000 0.000973 0.000247 0.002107  3.656 -7.812
21 2.8874560E+07   8.9856 4.237 3.614 0.735597 0.260370 0.000619 0.000763 0.001963  3.614 -7.024
22 2.8969236E+07   8.9768 4.225 3.615 0.735597 0.260370 0.000619 0.000763 0.001963  3.615 -7.045
23 2.9126276E+07   8.9632 4.207 3.616 0.735597 0.260370 0.000619 0.000763 0.001963  3.616 -7.073
24 2.9290454E+07   8.9497 4.191 3.617 0.735597 0.260370 0.000619 0.000763 0.001963  3.617 -7.099
25 2.9432148E+07   8.9387 4.178 3.618 0.735597 0.260370 0.000619 0.000763 0.001963  3.618 -7.121
26 2.9563976E+07   8.9290 4.166 3.619 0.735597 0.260370 0.000619 0.000763 0.001963  3.619 -7.141
27 2.9695110E+07   8.9197 4.155 3.620 0.735597 0.260370 0.000619 0.000763 0.001963  3.620 -7.159
28 2.9826244E+07   8.9108 4.146 3.621 0.735597 0.260370 0.000619 0.000763 0.001963  3.621 -7.176
29 2.9962064E+07   8.9019 4.138 3.622 0.735597 0.260370 0.000619 0.000763 0.001963  3.622 -7.192
30 3.0069780E+07   8.8951 4.133 3.623 0.735597 0.260370 0.000619 0.000763 0.001963  3.623 -7.202
31 3.0182180E+07   8.8881 4.129 3.624 0.735597 0.260370 0.000619 0.000763 0.001963  3.624 -7.212
32 3.0314498E+07   8.8801 4.127 3.626 0.735597 0.260370 0.000619 0.000763 0.001963  3.626 -7.221
33 3.0446904E+07   8.8722 4.131 3.630 0.735597 0.260370 0.000619 0.000763 0.001963  3.630 -7.227
34 3.0568444E+07   8.8649 4.211 3.675 0.735597 0.260370 0.000619 0.000763 0.001963  3.675 -7.226
35 3.0695490E+07   8.8626 4.226 3.906 0.735597 0.260370 0.000619 0.000763 0.001963  3.906 -7.880
36 3.0821286E+07   8.8611 4.232 3.927 0.735597 0.260370 0.000619 0.000763 0.001963  3.927 -7.928
37 3.0972804E+07   8.8594 4.238 3.946 0.735597 0.260370 0.000619 0.000763 0.001963  3.946 -7.966
38 3.1124840E+07   8.8577 4.243 3.953 0.735597 0.260370 0.000619 0.000763 0.001963  3.953 -7.973
39 3.1250310E+07   8.8563 4.245 3.935 0.735597 0.260370 0.000619 0.000763 0.001963  3.935 -7.918
40 3.1383808E+07   8.8544 4.241 3.879 0.735597 0.260370 0.000619 0.000763 0.001963  3.879 -7.762
41 3.1476360E+07   8.8519 4.204 3.690 0.735597 0.260370 0.000619 0.000763 0.001963  3.690 -7.278
42 3.1500360E+07   8.8505 4.170 3.622 0.735597 0.260370 0.000619 0.000763 0.001963  3.622 -7.142
43 3.1542148E+07   8.8470 4.263 3.614 0.735597 0.260370 0.000619 0.000763 0.001963  3.614 -6.988
44 3.1633224E+07   8.8334 4.502 3.593 0.733514 0.262455 0.000607 0.000803 0.001934  3.593 -6.650
45 3.1638664E+07   8.8322 4.515 3.593 0.731921 0.264049 0.000603 0.000821 0.001920  3.593 -6.634
46 3.1638724E+07   8.8321 4.515 3.593 0.731919 0.264051 0.000603 0.000821 0.001920  3.593 -6.634
47 3.1639986E+07   8.8319 4.520 3.593 0.731177 0.264794 0.000601 0.000828 0.001915  3.593 -6.627
48 3.1642500E+07   8.8312 4.555 3.591 0.729348 0.266623 0.000596 0.000845 0.001901  3.591 -6.585
49 3.1645324E+07   8.8305 4.562 3.591 0.728944 0.267028 0.000596 0.000849 0.001898  3.591 -6.576
50 3.1647388E+07   8.8299 4.563 3.591 0.728659 0.267314 0.000595 0.000851 0.001897  3.591 -6.575
51 3.1648826E+07   8.8296 4.560 3.591 0.728507 0.267466 0.000595 0.000852 0.001896  3.591 -6.580

    7.00 WR

 1 4.9999050E+05   7.0000 3.271 4.367 0.744000 0.252000 0.000973 0.000247 0.002107  4.367-11.470
 2 1.4069580E+07   6.9999 3.344 4.354 0.744000 0.252000 0.000973 0.000247 0.002107  4.354-11.190
 3 2.1177132E+07   6.9999 3.392 4.349 0.744000 0.252000 0.000973 0.000247 0.002107  4.349-11.020
 4 2.7195496E+07   6.9998 3.439 4.342 0.744000 0.252000 0.000973 0.000247 0.002107  4.342-10.860
 5 3.2019026E+07   6.9997 3.481 4.332 0.744000 0.252000 0.000973 0.000247 0.002107  4.332-10.720
 6 3.6068504E+07   6.9996 3.522 4.321 0.744000 0.252000 0.000973 0.000247 0.002107  4.321-10.590
 7 3.9455772E+07   6.9995 3.561 4.307 0.744000 0.252000 0.000973 0.000247 0.002107  4.307-10.480
 8 4.1585064E+07   6.9995 3.588 4.294 0.744000 0.252000 0.000973 0.000247 0.002107  4.294-10.400
 9 4.3402224E+07   6.9994 3.614 4.281 0.744000 0.252000 0.000973 0.000247 0.002107  4.281-10.320
10 4.4487296E+07   6.9993 3.631 4.273 0.744000 0.252000 0.000973 0.000247 0.002107  4.273-10.270
11 4.5192592E+07   6.9993 3.645 4.270 0.744000 0.252000 0.000973 0.000247 0.002107  4.270-10.220
12 4.5792360E+07   6.9993 3.668 4.288 0.744000 0.252000 0.000973 0.000247 0.002107  4.288-10.140
13 4.5897904E+07   6.9993 3.701 4.316 0.744000 0.252000 0.000973 0.000247 0.002107  4.316-10.010
14 4.5905104E+07   6.9993 3.673 4.305 0.744000 0.252000 0.000973 0.000247 0.002107  4.305-10.110
15 4.5962872E+07   6.9992 3.744 4.202 0.744000 0.252000 0.000973 0.000247 0.002107  4.202 -9.903
16 4.6011272E+07   6.9992 3.750 4.095 0.744000 0.252000 0.000973 0.000247 0.002107  4.095 -9.730
17 4.6039376E+07   6.9992 3.727 3.987 0.744000 0.252000 0.000973 0.000247 0.002107  3.987 -9.505
18 4.6055064E+07   6.9992 3.690 3.880 0.744000 0.252000 0.000973 0.000247 0.002107  3.880 -9.211
19 4.6064624E+07   6.9992 3.640 3.769 0.744000 0.252000 0.000973 0.000247 0.002107  3.769 -8.829
20 4.6074640E+07   6.9992 3.516 3.663 0.743999 0.252000 0.000973 0.000247 0.002107  3.663 -8.500
21 4.6240112E+07   6.9951 3.885 3.622 0.739625 0.256327 0.000628 0.000718 0.002004  3.622 -7.588
22 4.6425192E+07   6.9905 3.872 3.623 0.739625 0.256327 0.000628 0.000718 0.002004  3.623 -7.617
23 4.6758576E+07   6.9829 3.852 3.625 0.739625 0.256327 0.000628 0.000718 0.002004  3.625 -7.661
24 4.7036024E+07   6.9771 3.837 3.627 0.739625 0.256327 0.000628 0.000718 0.002004  3.627 -7.694
25 4.7289952E+07   6.9721 3.825 3.628 0.739625 0.256327 0.000628 0.000718 0.002004  3.628 -7.721
26 4.7537140E+07   6.9675 3.815 3.630 0.739625 0.256327 0.000628 0.000718 0.002004  3.630 -7.746
27 4.7784416E+07   6.9632 3.805 3.631 0.739625 0.256327 0.000628 0.000718 0.002004  3.631 -7.769
28 4.7994876E+07   6.9597 3.798 3.632 0.739625 0.256327 0.000628 0.000718 0.002004  3.632 -7.787
29 4.8228672E+07   6.9560 3.792 3.634 0.739625 0.256327 0.000628 0.000718 0.002004  3.634 -7.807
30 4.8424996E+07   6.9530 3.787 3.635 0.739625 0.256327 0.000628 0.000718 0.002004  3.635 -7.822
31 4.8615656E+07   6.9501 3.786 3.637 0.739625 0.256327 0.000628 0.000718 0.002004  3.637 -7.833
32 4.8841620E+07   6.9469 3.787 3.639 0.739625 0.256327 0.000628 0.000718 0.002004  3.639 -7.845
33 4.9092440E+07   6.9433 3.796 3.644 0.739625 0.256327 0.000628 0.000718 0.002004  3.644 -7.853
34 4.9336484E+07   6.9400 3.866 3.718 0.739625 0.256327 0.000628 0.000718 0.002004  3.718 -8.065
35 4.9524600E+07   6.9390 3.879 3.794 0.739625 0.256327 0.000628 0.000718 0.002004  3.794 -8.354
36 4.9780032E+07   6.9381 3.891 3.830 0.739625 0.256327 0.000628 0.000718 0.002004  3.830 -8.470
37 5.0072880E+07   6.9371 3.901 3.853 0.739625 0.256327 0.000628 0.000718 0.002004  3.853 -8.532
38 5.0263232E+07   6.9366 3.905 3.849 0.739625 0.256327 0.000628 0.000718 0.002004  3.849 -8.508
39 5.0475552E+07   6.9358 3.906 3.826 0.739625 0.256327 0.000628 0.000718 0.002004  3.826 -8.417
40 5.0695192E+07   6.9347 3.892 3.729 0.739625 0.256327 0.000628 0.000718 0.002004  3.729 -8.054
41 5.0780996E+07   6.9336 3.827 3.647 0.739625 0.256327 0.000628 0.000718 0.002004  3.647 -7.810
42 5.0881356E+07   6.9317 3.851 3.630 0.739625 0.256327 0.000628 0.000718 0.002004  3.630 -7.685
43 5.0946572E+07   6.9301 3.948 3.619 0.739625 0.256327 0.000628 0.000718 0.002004  3.619 -7.473
44 5.0951644E+07   6.9299 3.972 3.617 0.739625 0.256327 0.000628 0.000718 0.002004  3.617 -7.429
45 5.1030648E+07   6.9273 4.014 3.615 0.739625 0.256327 0.000628 0.000718 0.002004  3.615 -7.353
46 5.1052968E+07   6.9262 4.056 3.613 0.739625 0.256327 0.000628 0.000718 0.002004  3.613 -7.282
47 5.1079748E+07   6.9247 4.101 3.610 0.739625 0.256327 0.000628 0.000718 0.002004  3.610 -7.207
48 5.1103680E+07   6.9230 4.143 3.606 0.739625 0.256327 0.000628 0.000718 0.002004  3.606 -7.137
49 5.1124196E+07   6.9214 4.184 3.602 0.738948 0.257006 0.000625 0.000730 0.001994  3.602 -7.066
50 5.1141292E+07   6.9198 4.226 3.597 0.736764 0.259192 0.000616 0.000763 0.001968  3.597 -6.998
51 5.1155512E+07   6.9182 4.265 3.594 0.734744 0.261214 0.000609 0.000790 0.001947  3.594 -6.941

    5.00 WR

 1 1.5879698E+06   5.0000 2.792 4.291 0.744000 0.252000 0.000973 0.000247 0.002107  4.291-13.630
 2 2.8264012E+07   5.0000 2.862 4.278 0.744000 0.252000 0.000973 0.000247 0.002107  4.278-13.260
 3 4.2766876E+07   5.0000 2.909 4.271 0.744000 0.252000 0.000973 0.000247 0.002107  4.271-13.030
 4 5.4623144E+07   5.0000 2.952 4.264 0.744000 0.252000 0.000973 0.000247 0.002107  4.264-12.830
 5 6.4478908E+07   5.0000 2.994 4.254 0.744000 0.252000 0.000973 0.000247 0.002107  4.254-12.630
 6 7.2468048E+07   5.0000 3.032 4.242 0.744000 0.252000 0.000973 0.000247 0.002107  4.242-12.450
 7 7.9073808E+07   5.0000 3.067 4.227 0.744000 0.252000 0.000973 0.000247 0.002107  4.227-12.290
 8 8.3329472E+07   5.0000 3.092 4.214 0.744000 0.252000 0.000973 0.000247 0.002107  4.214-12.170
 9 8.6855184E+07   5.0000 3.115 4.201 0.744000 0.252000 0.000973 0.000247 0.002107  4.201-12.060
10 8.8978064E+07   5.0000 3.130 4.193 0.744000 0.252000 0.000973 0.000247 0.002107  4.193-11.990
11 9.0371104E+07   5.0000 3.144 4.191 0.744000 0.252000 0.000973 0.000247 0.002107  4.191-11.930
12 9.1509864E+07   5.0000 3.169 4.209 0.744000 0.252000 0.000973 0.000247 0.002107  4.209-11.870
13 9.1726608E+07   5.0000 3.196 4.236 0.744000 0.252000 0.000973 0.000247 0.002107  4.236-11.800
14 9.1738416E+07   5.0000 3.170 4.225 0.744000 0.252000 0.000973 0.000247 0.002107  4.225-11.890
15 9.1892224E+07   5.0000 3.249 4.137 0.744000 0.252000 0.000973 0.000247 0.002107  4.137-11.440
16 9.2041584E+07   5.0000 3.248 4.044 0.744000 0.252000 0.000973 0.000247 0.002107  4.044-11.170
17 9.2120960E+07   5.0000 3.220 3.954 0.744000 0.252000 0.000973 0.000247 0.002107  3.954-10.880
18 9.2166128E+07   5.0000 3.179 3.864 0.744000 0.252000 0.000973 0.000247 0.002107  3.864-10.520
19 9.2193824E+07   5.0000 3.129 3.774 0.744000 0.252000 0.000973 0.000247 0.002107  3.774-10.070
20 9.2229880E+07   5.0000 3.011 3.681 0.744000 0.252000 0.000973 0.000247 0.002107  3.681 -9.590
21 9.2707224E+07   4.9987 3.406 3.639 0.739455 0.256472 0.000630 0.000705 0.002016  3.639 -8.543
22 9.3218584E+07   4.9974 3.388 3.640 0.739455 0.256472 0.000630 0.000705 0.002016  3.640 -8.584
23 9.3984272E+07   4.9955 3.367 3.642 0.739455 0.256472 0.000630 0.000705 0.002016  3.642 -8.636
24 9.4674008E+07   4.9940 3.350 3.643 0.739455 0.256472 0.000630 0.000705 0.002016  3.643 -8.678
25 9.5310512E+07   4.9927 3.334 3.644 0.739455 0.256472 0.000630 0.000705 0.002016  3.644 -8.717
26 9.5908760E+07   4.9916 3.322 3.646 0.739455 0.256472 0.000630 0.000705 0.002016  3.646 -8.749
27 9.6400184E+07   4.9907 3.312 3.647 0.739455 0.256472 0.000630 0.000705 0.002016  3.647 -8.780
28 9.6977072E+07   4.9898 3.302 3.650 0.739455 0.256472 0.000630 0.000705 0.002016  3.650 -8.816
29 9.7422560E+07   4.9892 3.295 3.652 0.739455 0.256472 0.000630 0.000705 0.002016  3.652 -8.843
30 9.7875816E+07   4.9885 3.291 3.654 0.739455 0.256472 0.000630 0.000705 0.002016  3.654 -8.870
31 9.8360184E+07   4.9879 3.288 3.656 0.739455 0.256472 0.000630 0.000705 0.002016  3.656 -8.892
32 9.8950464E+07   4.9872 3.289 3.659 0.739455 0.256472 0.000630 0.000705 0.002016  3.659 -8.910
33 9.9414552E+07   4.9866 3.294 3.661 0.739455 0.256472 0.000630 0.000705 0.002016  3.661 -8.917
34 1.0093596E+08   4.9848 3.358 3.685 0.739455 0.256472 0.000630 0.000705 0.002016  3.685 -8.967
35 1.0125361E+08   4.9845 3.376 3.705 0.739455 0.256472 0.000630 0.000705 0.002016  3.705 -9.072
36 1.0158609E+08   4.9842 3.385 3.717 0.739455 0.256472 0.000630 0.000705 0.002016  3.717 -9.125
37 1.0195079E+08   4.9840 3.393 3.727 0.739455 0.256472 0.000630 0.000705 0.002016  3.727 -9.172
38 1.0241544E+08   4.9837 3.400 3.730 0.739455 0.256472 0.000630 0.000705 0.002016  3.730 -9.180
39 1.0307196E+08   4.9832 3.404 3.719 0.739455 0.256472 0.000630 0.000705 0.002016  3.719 -9.099
40 1.0346459E+08   4.9828 3.366 3.671 0.739455 0.256472 0.000630 0.000705 0.002016  3.671 -8.857
41 1.0363435E+08   4.9826 3.346 3.658 0.739455 0.256472 0.000630 0.000705 0.002016  3.658 -8.799
42 1.0382676E+08   4.9822 3.359 3.649 0.739455 0.256472 0.000630 0.000705 0.002016  3.649 -8.706
43 1.0395748E+08   4.9819 3.470 3.638 0.739455 0.256472 0.000630 0.000705 0.002016  3.638 -8.418
44 1.0397015E+08   4.9818 3.529 3.633 0.739455 0.256472 0.000630 0.000705 0.002016  3.633 -8.279
45 1.0422144E+08   4.9806 3.610 3.626 0.739455 0.256472 0.000630 0.000705 0.002016  3.626 -8.087
46 1.0429727E+08   4.9798 3.681 3.621 0.739454 0.256472 0.000630 0.000705 0.002016  3.621 -7.927
47 1.0436363E+08   4.9788 3.757 3.614 0.739454 0.256472 0.000630 0.000705 0.002016  3.614 -7.762
48 1.0442051E+08   4.9776 3.834 3.609 0.739443 0.256485 0.000629 0.000706 0.002016  3.609 -7.606
49 1.0446829E+08   4.9762 3.911 3.604 0.737456 0.258474 0.000621 0.000738 0.001990  3.604 -7.466
50 1.0450621E+08   4.9746 3.987 3.595 0.735648 0.260284 0.000615 0.000762 0.001971  3.595 -7.319
51 1.0453700E+08   4.9728 4.061 3.588 0.733436 0.262497 0.000610 0.000782 0.001955  3.588 -7.185

    4.00   

 1 1.8139655E+06   4.0000 2.461 4.237 0.744000 0.252000 0.000973 0.000247 0.002107
 2 4.5969596E+07   4.0000 2.529 4.223 0.744000 0.252000 0.000973 0.000247 0.002107
 3 6.9549616E+07   4.0000 2.574 4.216 0.744000 0.252000 0.000973 0.000247 0.002107
 4 8.8999952E+07   4.0000 2.616 4.208 0.744000 0.252000 0.000973 0.000247 0.002107
 5 1.0539327E+08   4.0000 2.657 4.198 0.744000 0.252000 0.000973 0.000247 0.002107
 6 1.1860204E+08   4.0000 2.693 4.185 0.744000 0.252000 0.000973 0.000247 0.002107
 7 1.2945354E+08   4.0000 2.726 4.170 0.744000 0.252000 0.000973 0.000247 0.002107
 8 1.3642717E+08   4.0000 2.749 4.156 0.744000 0.252000 0.000973 0.000247 0.002107
 9 1.4234022E+08   4.0000 2.769 4.142 0.744000 0.252000 0.000973 0.000247 0.002107
10 1.4576006E+08   4.0000 2.784 4.134 0.744000 0.252000 0.000973 0.000247 0.002107
11 1.4808915E+08   4.0000 2.796 4.132 0.744000 0.252000 0.000973 0.000247 0.002107
12 1.4987906E+08   4.0000 2.821 4.149 0.744000 0.252000 0.000973 0.000247 0.002107
13 1.5030986E+08   4.0000 2.842 4.175 0.744000 0.252000 0.000973 0.000247 0.002107
14 1.5033069E+08   4.0000 2.825 4.164 0.744000 0.252000 0.000973 0.000247 0.002107
15 1.5060914E+08   4.0000 2.902 4.090 0.744000 0.252000 0.000973 0.000247 0.002107
16 1.5090650E+08   4.0000 2.899 4.012 0.744000 0.252000 0.000973 0.000247 0.002107
17 1.5107642E+08   4.0000 2.871 3.931 0.744000 0.252000 0.000973 0.000247 0.002107
18 1.5117098E+08   4.0000 2.827 3.851 0.744000 0.252000 0.000973 0.000247 0.002107
19 1.5122565E+08   4.0000 2.778 3.778 0.744000 0.252000 0.000973 0.000247 0.002107
20 1.5130917E+08   4.0000 2.645 3.697 0.744000 0.252000 0.000973 0.000247 0.002107
21 1.5236158E+08   3.9985 3.090 3.648 0.736504 0.259399 0.000620 0.000743 0.001992
22 1.5327678E+08   3.9971 3.068 3.650 0.736504 0.259399 0.000620 0.000743 0.001992
23 1.5477914E+08   3.9950 3.036 3.653 0.736504 0.259399 0.000620 0.000743 0.001992
24 1.5609077E+08   3.9933 3.012 3.656 0.736504 0.259399 0.000620 0.000743 0.001992
25 1.5727101E+08   3.9920 2.988 3.658 0.736504 0.259399 0.000620 0.000743 0.001992
26 1.5823626E+08   3.9910 2.968 3.660 0.736504 0.259399 0.000620 0.000743 0.001992
27 1.5926835E+08   3.9900 2.948 3.662 0.736504 0.259399 0.000620 0.000743 0.001992
28 1.6008363E+08   3.9892 2.934 3.664 0.736504 0.259399 0.000620 0.000743 0.001992
29 1.6097706E+08   3.9884 2.923 3.665 0.736504 0.259399 0.000620 0.000743 0.001992
30 1.6184654E+08   3.9877 2.916 3.668 0.736504 0.259399 0.000620 0.000743 0.001992
31 1.6257138E+08   3.9871 2.913 3.670 0.736504 0.259399 0.000620 0.000743 0.001992
32 1.6363314E+08   3.9863 2.918 3.674 0.736504 0.259399 0.000620 0.000743 0.001992
33 1.6504928E+08   3.9851 2.945 3.682 0.736504 0.259399 0.000620 0.000743 0.001992
34 1.6575810E+08   3.9845 2.970 3.691 0.736504 0.259399 0.000620 0.000743 0.001992
35 1.6746738E+08   3.9830 3.025 3.724 0.736504 0.259399 0.000620 0.000743 0.001992
36 1.6818174E+08   3.9823 3.041 3.742 0.736504 0.259399 0.000620 0.000743 0.001992
37 1.6903651E+08   3.9816 3.056 3.762 0.736504 0.259399 0.000620 0.000743 0.001992
38 1.7059118E+08   3.9803 3.081 3.796 0.736504 0.259399 0.000620 0.000743 0.001992
39 1.7124056E+08   3.9798 3.084 3.789 0.736504 0.259399 0.000620 0.000743 0.001992
40 1.7198714E+08   3.9791 3.080 3.756 0.736504 0.259399 0.000620 0.000743 0.001992
41 1.7228942E+08   3.9788 3.067 3.723 0.736504 0.259399 0.000620 0.000743 0.001992
42 1.7260430E+08   3.9784 3.026 3.688 0.736504 0.259399 0.000620 0.000743 0.001992
43 1.7281965E+08   3.9782 3.010 3.661 0.736504 0.259399 0.000620 0.000743 0.001992
44 1.7300646E+08   3.9779 3.112 3.650 0.736504 0.259399 0.000620 0.000743 0.001992
45 1.7316701E+08   3.9776 3.224 3.641 0.736504 0.259399 0.000620 0.000743 0.001992
46 1.7337438E+08   3.9769 3.336 3.635 0.736504 0.259399 0.000620 0.000743 0.001992
47 1.7356291E+08   3.9759 3.458 3.626 0.736503 0.259400 0.000619 0.000744 0.001992
48 1.7369299E+08   3.9748 3.565 3.616 0.736501 0.259403 0.000609 0.000755 0.001992
49 1.7381854E+08   3.9732 3.696 3.606 0.736486 0.259417 0.000603 0.000763 0.001991
50 1.7391018E+08   3.9713 3.802 3.597 0.736377 0.259527 0.000599 0.000772 0.001986
51 1.7399416E+08   3.9687 3.911 3.586 0.735528 0.260377 0.000596 0.000783 0.001977

    3.00   

 1 9.9423113E+05   3.0000 2.016 4.165 0.744000 0.252000 0.000973 0.000247 0.002107
 2 8.9784184E+07   3.0000 2.080 4.148 0.744000 0.252000 0.000973 0.000247 0.002107
 3 1.3583950E+08   3.0000 2.124 4.141 0.744000 0.252000 0.000973 0.000247 0.002107
 4 1.7464253E+08   3.0000 2.166 4.132 0.744000 0.252000 0.000973 0.000247 0.002107
 5 2.0666582E+08   3.0000 2.204 4.121 0.744000 0.252000 0.000973 0.000247 0.002107
 6 2.3335552E+08   3.0000 2.238 4.107 0.744000 0.252000 0.000973 0.000247 0.002107
 7 2.5531362E+08   3.0000 2.268 4.091 0.744000 0.252000 0.000973 0.000247 0.002107
 8 2.6946227E+08   3.0000 2.287 4.076 0.744000 0.252000 0.000973 0.000247 0.002107
 9 2.8152586E+08   3.0000 2.305 4.061 0.744000 0.252000 0.000973 0.000247 0.002107
10 2.8812838E+08   3.0000 2.317 4.053 0.744000 0.252000 0.000973 0.000247 0.002107
11 2.9301411E+08   3.0000 2.329 4.050 0.744000 0.252000 0.000973 0.000247 0.002107
12 2.9738355E+08   3.0000 2.414 4.105 0.744000 0.252000 0.000973 0.000247 0.002107
13 2.9745891E+08   3.0000 2.377 4.094 0.744000 0.252000 0.000973 0.000247 0.002107
14 2.9750336E+08   3.0000 2.368 4.083 0.744000 0.252000 0.000973 0.000247 0.002107
15 2.9807091E+08   3.0000 2.434 4.025 0.744000 0.252000 0.000973 0.000247 0.002107
16 2.9882086E+08   3.0000 2.430 3.963 0.744000 0.252000 0.000973 0.000247 0.002107
17 2.9926310E+08   3.0000 2.405 3.901 0.744000 0.252000 0.000973 0.000247 0.002107
18 2.9953232E+08   3.0000 2.365 3.835 0.744000 0.252000 0.000973 0.000247 0.002107
19 2.9970154E+08   3.0000 2.315 3.775 0.744000 0.252000 0.000973 0.000247 0.002107
20 2.9998458E+08   3.0000 2.168 3.712 0.744000 0.252000 0.000973 0.000247 0.002107
21 3.0145360E+08   2.9996 2.753 3.657 0.726009 0.269840 0.000594 0.000818 0.001942
22 3.0522982E+08   2.9977 2.623 3.665 0.725985 0.269864 0.000594 0.000818 0.001942
23 3.0871869E+08   2.9966 2.504 3.675 0.725985 0.269864 0.000594 0.000818 0.001942
24 3.1139814E+08   2.9960 2.410 3.683 0.725985 0.269864 0.000594 0.000818 0.001942
25 3.1444829E+08   2.9956 2.346 3.691 0.725985 0.269864 0.000594 0.000818 0.001942
26 3.1670909E+08   2.9953 2.341 3.698 0.725985 0.269864 0.000594 0.000818 0.001942
27 3.1933162E+08   2.9949 2.387 3.708 0.725985 0.269864 0.000594 0.000818 0.001942
28 3.2135094E+08   2.9946 2.455 3.727 0.725985 0.269864 0.000594 0.000818 0.001942
29 3.2348106E+08   2.9942 2.476 3.733 0.725985 0.269864 0.000594 0.000818 0.001942
30 3.2621446E+08   2.9938 2.486 3.731 0.725985 0.269864 0.000594 0.000818 0.001942
31 3.2795168E+08   2.9934 2.496 3.733 0.725985 0.269864 0.000594 0.000818 0.001942
32 3.3077984E+08   2.9929 2.512 3.734 0.725985 0.269864 0.000594 0.000818 0.001942
33 3.3495965E+08   2.9920 2.533 3.734 0.725985 0.269864 0.000594 0.000818 0.001942
34 3.3719376E+08   2.9915 2.542 3.734 0.725985 0.269864 0.000594 0.000818 0.001942
35 3.4075498E+08   2.9907 2.558 3.732 0.725985 0.269864 0.000594 0.000818 0.001942
36 3.4486086E+08   2.9897 2.572 3.729 0.725985 0.269864 0.000594 0.000818 0.001942
37 3.4639482E+08   2.9893 2.575 3.726 0.725985 0.269864 0.000594 0.000818 0.001942
38 3.4840813E+08   2.9888 2.576 3.720 0.725985 0.269864 0.000594 0.000818 0.001942
39 3.5097901E+08   2.9881 2.571 3.712 0.725985 0.269864 0.000594 0.000818 0.001942
40 3.5224154E+08   2.9878 2.543 3.699 0.725985 0.269864 0.000594 0.000818 0.001942
41 3.5282547E+08   2.9876 2.528 3.693 0.725985 0.269864 0.000594 0.000818 0.001942
42 3.5347728E+08   2.9875 2.523 3.685 0.725985 0.269864 0.000594 0.000818 0.001942
43 3.5396208E+08   2.9873 2.594 3.673 0.725985 0.269864 0.000594 0.000818 0.001942
44 3.5531523E+08   2.9867 2.749 3.660 0.725985 0.269864 0.000594 0.000818 0.001942
45 3.5616835E+08   2.9860 2.915 3.648 0.725985 0.269864 0.000594 0.000818 0.001942
46 3.5679658E+08   2.9849 3.086 3.637 0.725984 0.269867 0.000593 0.000819 0.001942
47 3.5729661E+08   2.9832 3.254 3.626 0.725979 0.269873 0.000585 0.000828 0.001942
48 3.5779664E+08   2.9800 3.431 3.610 0.725945 0.269907 0.000579 0.000837 0.001941
49 3.5804656E+08   2.9772 3.589 3.600 0.725806 0.270047 0.000577 0.000844 0.001936
50 3.5822720E+08   2.9732 3.750 3.584 0.725486 0.270368 0.000575 0.000849 0.001932
51 3.5837834E+08   2.9673 3.917 3.574 0.725210 0.270644 0.000575 0.000851 0.001931

    2.50   

 1 9.9998100E+06   2.5000 1.726 4.112 0.744000 0.252000 0.000973 0.000247 0.002107
 2 1.3949174E+08   2.5000 1.785 4.098 0.744000 0.252000 0.000973 0.000247 0.002107
 3 2.1264696E+08   2.5000 1.828 4.091 0.744000 0.252000 0.000973 0.000247 0.002107
 4 2.7311200E+08   2.5000 1.868 4.082 0.744000 0.252000 0.000973 0.000247 0.002107
 5 3.2419334E+08   2.5000 1.905 4.071 0.744000 0.252000 0.000973 0.000247 0.002107
 6 3.6606842E+08   2.5000 1.936 4.057 0.744000 0.252000 0.000973 0.000247 0.002107
 7 4.0137568E+08   2.5000 1.965 4.040 0.744000 0.252000 0.000973 0.000247 0.002107
 8 4.2406557E+08   2.5000 1.983 4.025 0.744000 0.252000 0.000973 0.000247 0.002107
 9 4.4330477E+08   2.5000 1.999 4.009 0.744000 0.252000 0.000973 0.000247 0.002107
10 4.5443181E+08   2.5000 2.010 4.000 0.744000 0.252000 0.000973 0.000247 0.002107
11 4.6248429E+08   2.5000 2.022 3.998 0.744000 0.252000 0.000973 0.000247 0.002107
12 4.6943491E+08   2.5000 2.115 4.055 0.744000 0.252000 0.000973 0.000247 0.002107
13 4.6955181E+08   2.5000 2.071 4.041 0.744000 0.252000 0.000973 0.000247 0.002107
14 4.6963366E+08   2.5000 2.074 4.030 0.744000 0.252000 0.000973 0.000247 0.002107
15 4.7048858E+08   2.5000 2.127 3.982 0.744000 0.252000 0.000973 0.000247 0.002107
16 4.7182525E+08   2.5000 2.124 3.930 0.744000 0.252000 0.000973 0.000247 0.002107
17 4.7272947E+08   2.5000 2.101 3.874 0.744000 0.252000 0.000973 0.000247 0.002107
18 4.7324054E+08   2.5000 2.066 3.820 0.744000 0.252000 0.000973 0.000247 0.002107
19 4.7359280E+08   2.5000 2.017 3.773 0.744000 0.252000 0.000973 0.000247 0.002107
20 4.7429731E+08   2.5000 1.855 3.717 0.743994 0.252000 0.000973 0.000247 0.002107
21 4.7797638E+08   2.4994 2.578 3.658 0.720711 0.275080 0.000587 0.000829 0.001939
22 4.8490963E+08   2.4981 2.170 3.687 0.720711 0.275080 0.000587 0.000829 0.001939
23 4.9127878E+08   2.4978 1.977 3.705 0.720711 0.275080 0.000587 0.000829 0.001939
24 4.9699712E+08   2.4975 1.984 3.715 0.720711 0.275080 0.000587 0.000829 0.001939
25 5.0218688E+08   2.4973 1.994 3.714 0.720711 0.275080 0.000587 0.000829 0.001939
26 5.0759286E+08   2.4971 2.009 3.714 0.720711 0.275080 0.000587 0.000829 0.001939
27 5.1340970E+08   2.4968 2.026 3.715 0.720711 0.275080 0.000587 0.000829 0.001939
28 5.1800262E+08   2.4965 2.040 3.715 0.720711 0.275080 0.000587 0.000829 0.001939
29 5.2220634E+08   2.4963 2.054 3.715 0.720711 0.275080 0.000587 0.000829 0.001939
30 5.2763610E+08   2.4960 2.071 3.715 0.720711 0.275080 0.000587 0.000829 0.001939
31 5.3148947E+08   2.4958 2.081 3.715 0.720711 0.275080 0.000587 0.000829 0.001939
32 5.3916205E+08   2.4953 2.111 3.716 0.720711 0.275080 0.000587 0.000829 0.001939
33 5.4348704E+08   2.4950 2.125 3.716 0.720711 0.275080 0.000587 0.000829 0.001939
34 5.4974387E+08   2.4946 2.144 3.716 0.720711 0.275080 0.000587 0.000829 0.001939
35 5.5370963E+08   2.4943 2.155 3.715 0.720711 0.275080 0.000587 0.000829 0.001939
36 5.5747053E+08   2.4940 2.163 3.715 0.720711 0.275080 0.000587 0.000829 0.001939
37 5.6607872E+08   2.4933 2.182 3.713 0.720711 0.275080 0.000587 0.000829 0.001939
38 5.7096461E+08   2.4929 2.189 3.711 0.720711 0.275080 0.000587 0.000829 0.001939
39 5.7461062E+08   2.4926 2.192 3.708 0.720711 0.275080 0.000587 0.000829 0.001939
40 5.7841299E+08   2.4922 2.184 3.703 0.720711 0.275080 0.000587 0.000829 0.001939
41 5.8391302E+08   2.4917 2.196 3.699 0.720711 0.275080 0.000587 0.000829 0.001939
42 5.8649491E+08   2.4915 2.224 3.691 0.720711 0.275080 0.000587 0.000829 0.001939
43 5.8756960E+08   2.4914 2.322 3.682 0.720711 0.275080 0.000587 0.000829 0.001939
44 5.8769222E+08   2.4913 2.426 3.672 0.720711 0.275080 0.000587 0.000829 0.001939
45 5.9101158E+08   2.4905 2.545 3.663 0.720711 0.275080 0.000587 0.000829 0.001939
46 5.9213722E+08   2.4900 2.675 3.656 0.720711 0.275080 0.000587 0.000829 0.001939
47 5.9292518E+08   2.4893 2.798 3.647 0.720710 0.275081 0.000587 0.000829 0.001939
48 5.9360058E+08   2.4885 2.923 3.638 0.720709 0.275084 0.000586 0.000829 0.001939
49 5.9416339E+08   2.4874 3.034 3.631 0.720706 0.275088 0.000583 0.000833 0.001939
50 5.9483885E+08   2.4853 3.160 3.622 0.720699 0.275096 0.000580 0.000837 0.001939
51 5.9562675E+08   2.4813 3.271 3.611 0.720689 0.275106 0.000578 0.000839 0.001939

    2.00   

 1 4.9999048E+07   2.0000 1.365 4.043 0.744000 0.252000 0.000973 0.000247 0.002107
 2 2.4820371E+08   2.0000 1.415 4.034 0.744000 0.252000 0.000973 0.000247 0.002107
 3 3.7875056E+08   2.0000 1.455 4.027 0.744000 0.252000 0.000973 0.000247 0.002107
 4 4.8710442E+08   2.0000 1.493 4.018 0.744000 0.252000 0.000973 0.000247 0.002107
 5 5.7910080E+08   2.0000 1.527 4.007 0.744000 0.252000 0.000973 0.000247 0.002107
 6 6.5579386E+08   2.0000 1.557 3.993 0.744000 0.252000 0.000973 0.000247 0.002107
 7 7.1952781E+08   2.0000 1.583 3.977 0.744000 0.252000 0.000973 0.000247 0.002107
 8 7.6080922E+08   2.0000 1.599 3.962 0.744000 0.252000 0.000973 0.000247 0.002107
 9 7.9648614E+08   2.0000 1.613 3.946 0.744000 0.252000 0.000973 0.000247 0.002107
10 8.1740019E+08   2.0000 1.623 3.937 0.744000 0.252000 0.000973 0.000247 0.002107
11 8.3138803E+08   2.0000 1.634 3.935 0.744000 0.252000 0.000973 0.000247 0.002107
12 8.4461850E+08   2.0000 1.735 3.993 0.744000 0.252000 0.000973 0.000247 0.002107
13 8.4485171E+08   2.0000 1.689 3.979 0.744000 0.252000 0.000973 0.000247 0.002107
14 8.4501920E+08   2.0000 1.701 3.968 0.744000 0.252000 0.000973 0.000247 0.002107
15 8.4599501E+08   2.0000 1.740 3.940 0.744000 0.252000 0.000973 0.000247 0.002107
16 8.4905926E+08   2.0000 1.745 3.899 0.744000 0.252000 0.000973 0.000247 0.002107
17 8.5169382E+08   2.0000 1.732 3.855 0.744000 0.252000 0.000973 0.000247 0.002107
18 8.5325062E+08   2.0000 1.707 3.813 0.744000 0.252000 0.000973 0.000247 0.002107
19 8.5456787E+08   2.0000 1.656 3.773 0.744000 0.252000 0.000973 0.000247 0.002107
20 8.5660371E+08   2.0000 1.493 3.728 0.743988 0.252000 0.000973 0.000247 0.002107
21 8.7052768E+08   1.9980 2.574 3.647 0.721429 0.274245 0.000598 0.000759 0.001998
22 8.8298176E+08   1.9974 1.645 3.711 0.721429 0.274245 0.000598 0.000759 0.001998
23 8.9776486E+08   1.9972 1.656 3.711 0.721429 0.274245 0.000598 0.000759 0.001998
24 9.1121747E+08   1.9969 1.668 3.710 0.721429 0.274245 0.000598 0.000759 0.001998
25 9.2446310E+08   1.9967 1.681 3.711 0.721429 0.274245 0.000598 0.000759 0.001998
26 9.3628960E+08   1.9965 1.694 3.711 0.721429 0.274245 0.000598 0.000759 0.001998
27 9.4878778E+08   1.9962 1.708 3.711 0.721429 0.274245 0.000598 0.000759 0.001998
28 9.5836723E+08   1.9960 1.718 3.711 0.721429 0.274245 0.000598 0.000759 0.001998
29 9.7141062E+08   1.9957 1.734 3.711 0.721429 0.274245 0.000598 0.000759 0.001998
30 9.7916992E+08   1.9955 1.744 3.711 0.721429 0.274245 0.000598 0.000759 0.001998
31 9.8723654E+08   1.9954 1.754 3.711 0.721429 0.274245 0.000598 0.000759 0.001998
32 9.9889734E+08   1.9951 1.769 3.711 0.721429 0.274245 0.000598 0.000759 0.001998
33 1.0087641E+09   1.9948 1.782 3.711 0.721429 0.274245 0.000598 0.000759 0.001998
34 1.0155812E+09   1.9946 1.791 3.711 0.721429 0.274245 0.000598 0.000759 0.001998
35 1.0230440E+09   1.9944 1.801 3.711 0.721429 0.274245 0.000598 0.000759 0.001998
36 1.0319478E+09   1.9942 1.814 3.711 0.721429 0.274245 0.000598 0.000759 0.001998
37 1.0370111E+09   1.9940 1.821 3.710 0.721429 0.274245 0.000598 0.000759 0.001998
38 1.0473698E+09   1.9937 1.836 3.708 0.721429 0.274245 0.000598 0.000759 0.001998
39 1.0521683E+09   1.9935 1.844 3.706 0.721429 0.274245 0.000598 0.000759 0.001998
40 1.0590572E+09   1.9933 1.863 3.704 0.721429 0.274245 0.000598 0.000759 0.001998
41 1.0620647E+09   1.9932 1.877 3.702 0.721429 0.274245 0.000598 0.000759 0.001998
42 1.0644722E+09   1.9931 1.921 3.698 0.721429 0.274245 0.000598 0.000759 0.001998
43 1.0659560E+09   1.9930 2.076 3.684 0.721429 0.274245 0.000598 0.000759 0.001998
44 1.0662111E+09   1.9929 2.198 3.675 0.721429 0.274245 0.000598 0.000759 0.001998
45 1.0764253E+09   1.9914 2.322 3.666 0.721429 0.274245 0.000598 0.000759 0.001998
46 1.0784399E+09   1.9909 2.460 3.657 0.721429 0.274245 0.000598 0.000759 0.001998
47 1.0795850E+09   1.9904 2.576 3.650 0.721429 0.274245 0.000598 0.000759 0.001998
48 1.0803484E+09   1.9898 2.677 3.643 0.721429 0.274245 0.000598 0.000759 0.001998
49 1.0811118E+09   1.9890 2.809 3.634 0.721429 0.274246 0.000598 0.000759 0.001998
50 1.0817407E+09   1.9880 2.927 3.626 0.721428 0.274247 0.000598 0.000759 0.001998
51 1.0826054E+09   1.9856 3.048 3.617 0.721428 0.274247 0.000598 0.000759 0.001998

    1.70   

 1 1.4439725E+08   1.7000 1.099 3.988 0.744000 0.252000 0.000973 0.000247 0.002107
 2 3.8599267E+08   1.7000 1.139 3.984 0.744000 0.252000 0.000973 0.000247 0.002107
 3 5.9334874E+08   1.7000 1.177 3.977 0.744000 0.252000 0.000973 0.000247 0.002107
 4 7.6612813E+08   1.7000 1.213 3.969 0.744000 0.252000 0.000973 0.000247 0.002107
 5 9.0889280E+08   1.7000 1.245 3.959 0.744000 0.252000 0.000973 0.000247 0.002107
 6 1.0322641E+09   1.7000 1.275 3.946 0.744000 0.252000 0.000973 0.000247 0.002107
 7 1.1341967E+09   1.7000 1.298 3.930 0.744000 0.252000 0.000973 0.000247 0.002107
 8 1.1991032E+09   1.7000 1.313 3.915 0.744000 0.252000 0.000973 0.000247 0.002107
 9 1.2556047E+09   1.7000 1.325 3.900 0.744000 0.252000 0.000973 0.000247 0.002107
10 1.2899475E+09   1.7000 1.335 3.891 0.744000 0.252000 0.000973 0.000247 0.002107
11 1.3129933E+09   1.7000 1.346 3.889 0.744000 0.252000 0.000973 0.000247 0.002107
12 1.3336230E+09   1.7000 1.452 3.946 0.744000 0.252000 0.000973 0.000247 0.002107
13 1.3340288E+09   1.7000 1.411 3.930 0.744000 0.252000 0.000973 0.000247 0.002107
14 1.3344218E+09   1.7000 1.436 3.919 0.744000 0.252000 0.000973 0.000247 0.002107
15 1.3357812E+09   1.7000 1.457 3.901 0.744000 0.252000 0.000973 0.000247 0.002107
16 1.3420333E+09   1.7000 1.464 3.867 0.744000 0.252000 0.000973 0.000247 0.002107
17 1.3475494E+09   1.7000 1.456 3.831 0.744000 0.252000 0.000973 0.000247 0.002107
18 1.3509439E+09   1.7000 1.433 3.797 0.744000 0.252000 0.000973 0.000247 0.002107
19 1.3543386E+09   1.7000 1.359 3.764 0.744000 0.252000 0.000973 0.000247 0.002107
20 1.3576820E+09   1.7000 1.233 3.732 0.743970 0.252000 0.000973 0.000247 0.002107
21 1.3598545E+09   1.7000 1.284 3.720 0.743012 0.252464 0.000970 0.000248 0.002107
22 1.3614839E+09   1.7000 1.352 3.712 0.741209 0.254241 0.000899 0.000301 0.002107
23 1.3628417E+09   1.7000 1.413 3.708 0.738758 0.256722 0.000781 0.000444 0.002107
24 1.3644819E+09   1.7000 1.487 3.703 0.735369 0.260139 0.000703 0.000540 0.002107
25 1.3656550E+09   1.7000 1.537 3.701 0.733663 0.261855 0.000678 0.000570 0.002107
26 1.3672584E+09   1.7000 1.605 3.699 0.731566 0.263963 0.000655 0.000599 0.002106
27 1.3690650E+09   1.6999 1.671 3.694 0.730179 0.265355 0.000643 0.000614 0.002105
28 1.3709577E+09   1.6999 1.740 3.687 0.728673 0.266866 0.000634 0.000629 0.002098
29 1.3728504E+09   1.6998 1.806 3.685 0.726998 0.268545 0.000629 0.000645 0.002086
30 1.3747430E+09   1.6997 1.868 3.681 0.725765 0.269780 0.000625 0.000656 0.002078
31 1.3766356E+09   1.6996 1.929 3.678 0.725015 0.270532 0.000623 0.000663 0.002073
32 1.3785284E+09   1.6995 1.992 3.673 0.724591 0.270956 0.000622 0.000666 0.002070
33 1.3808942E+09   1.6993 2.061 3.669 0.724589 0.270958 0.000622 0.000666 0.002070
34 1.3826166E+09   1.6991 2.122 3.665 0.724589 0.270958 0.000622 0.000666 0.002070
35 1.3842159E+09   1.6989 2.178 3.662 0.724589 0.270958 0.000622 0.000666 0.002070
36 1.3864148E+09   1.6985 2.244 3.658 0.724589 0.270958 0.000622 0.000666 0.002070
37 1.3986260E+09   1.6966 2.306 3.655 0.724589 0.270958 0.000622 0.000666 0.002070
38 1.4001868E+09   1.6962 2.370 3.651 0.724589 0.270958 0.000622 0.000666 0.002070
39 1.4018947E+09   1.6956 2.434 3.647 0.724589 0.270958 0.000622 0.000666 0.002070
40 1.4033441E+09   1.6949 2.497 3.643 0.724589 0.270958 0.000622 0.000666 0.002070
41 1.4046278E+09   1.6942 2.563 3.638 0.724589 0.270958 0.000622 0.000666 0.002070
42 1.4058339E+09   1.6933 2.628 3.634 0.724589 0.270958 0.000622 0.000666 0.002070
43 1.4068589E+09   1.6924 2.690 3.630 0.724589 0.270958 0.000622 0.000666 0.002070
44 1.4079699E+09   1.6911 2.754 3.626 0.724589 0.270958 0.000622 0.000666 0.002070
45 1.4088433E+09   1.6897 2.818 3.622 0.724589 0.270958 0.000622 0.000666 0.002070
46 1.4096250E+09   1.6882 2.883 3.618 0.724589 0.270958 0.000622 0.000666 0.002070
47 1.4104411E+09   1.6862 2.946 3.611 0.724589 0.270958 0.000622 0.000666 0.002070
48 1.4111484E+09   1.6840 3.010 3.604 0.724589 0.270958 0.000622 0.000666 0.002070
49 1.4117646E+09   1.6815 3.074 3.601 0.724589 0.270958 0.000622 0.000666 0.002070
50 1.4123101E+09   1.6787 3.141 3.598 0.724589 0.270958 0.000622 0.000666 0.002070
51 1.4128413E+09   1.6753 3.203 3.596 0.724589 0.270958 0.000622 0.000666 0.002070

    1.50   

 1 2.6358317E+08   1.5000 0.881 3.941 0.744000 0.252000 0.000973 0.000247 0.002107
 2 5.6168736E+08   1.5000 0.920 3.941 0.744000 0.252000 0.000973 0.000247 0.002107
 3 8.5626848E+08   1.5000 0.959 3.937 0.744000 0.252000 0.000973 0.000247 0.002107
 4 1.1057085E+09   1.5000 0.995 3.930 0.744000 0.252000 0.000973 0.000247 0.002107
 5 1.3131483E+09   1.5000 1.026 3.921 0.744000 0.252000 0.000973 0.000247 0.002107
 6 1.4895137E+09   1.5000 1.054 3.908 0.744000 0.252000 0.000973 0.000247 0.002107
 7 1.6372808E+09   1.5000 1.076 3.893 0.744000 0.252000 0.000973 0.000247 0.002107
 8 1.7342627E+09   1.5000 1.091 3.879 0.744000 0.252000 0.000973 0.000247 0.002107
 9 1.8152118E+09   1.5000 1.102 3.865 0.744000 0.252000 0.000973 0.000247 0.002107
10 1.8636868E+09   1.5000 1.110 3.856 0.744000 0.252000 0.000973 0.000247 0.002107
11 1.8971855E+09   1.5000 1.122 3.854 0.744000 0.252000 0.000973 0.000247 0.002107
12 1.9284038E+09   1.5000 1.230 3.909 0.744000 0.252000 0.000973 0.000247 0.002107
13 1.9291721E+09   1.5000 1.205 3.892 0.744000 0.252000 0.000973 0.000247 0.002107
14 1.9300796E+09   1.5000 1.229 3.881 0.744000 0.252000 0.000973 0.000247 0.002107
15 1.9353860E+09   1.5000 1.243 3.861 0.744000 0.252000 0.000973 0.000247 0.002107
16 1.9482031E+09   1.5000 1.247 3.835 0.744000 0.252000 0.000973 0.000247 0.002107
17 1.9572023E+09   1.5000 1.240 3.810 0.744000 0.252000 0.000973 0.000247 0.002107
18 1.9637473E+09   1.5000 1.214 3.785 0.744000 0.252000 0.000973 0.000247 0.002107
19 1.9697358E+09   1.5000 1.133 3.758 0.744000 0.252000 0.000973 0.000247 0.002107
20 1.9753752E+09   1.5000 1.044 3.734 0.743932 0.252000 0.000973 0.000247 0.002107
21 1.9807428E+09   1.5000 1.103 3.718 0.742203 0.253096 0.000968 0.000248 0.002107
22 1.9845002E+09   1.5000 1.172 3.711 0.739508 0.255811 0.000887 0.000316 0.002107
23 1.9882575E+09   1.5000 1.240 3.708 0.735751 0.259612 0.000777 0.000450 0.002107
24 1.9926374E+09   1.5000 1.311 3.704 0.732020 0.263371 0.000719 0.000521 0.002107
25 1.9978979E+09   1.5000 1.384 3.702 0.728936 0.266473 0.000688 0.000559 0.002107
26 2.0027372E+09   1.5000 1.442 3.700 0.727390 0.268026 0.000675 0.000575 0.002107
27 2.0087971E+09   1.5000 1.511 3.696 0.726070 0.269351 0.000666 0.000586 0.002106
28 2.0133420E+09   1.5000 1.578 3.692 0.725055 0.270370 0.000659 0.000594 0.002106
29 2.0186444E+09   1.4999 1.648 3.688 0.724388 0.271040 0.000655 0.000599 0.002106
30 2.0254618E+09   1.4997 1.714 3.683 0.724358 0.271070 0.000655 0.000599 0.002106
31 2.0353089E+09   1.4993 1.780 3.680 0.724358 0.271070 0.000655 0.000599 0.002106
32 2.0417475E+09   1.4990 1.847 3.676 0.724358 0.271070 0.000655 0.000599 0.002106
33 2.0474118E+09   1.4987 1.917 3.671 0.724358 0.271070 0.000655 0.000599 0.002106
34 2.0592995E+09   1.4978 1.983 3.667 0.724358 0.271070 0.000655 0.000599 0.002106
35 2.0630755E+09   1.4974 2.055 3.663 0.724358 0.271070 0.000655 0.000599 0.002106
36 2.0662748E+09   1.4970 2.121 3.660 0.724358 0.271070 0.000655 0.000599 0.002106
37 2.0690035E+09   1.4965 2.189 3.656 0.724358 0.271070 0.000655 0.000599 0.002106
38 2.0716210E+09   1.4960 2.257 3.652 0.724358 0.271070 0.000655 0.000599 0.002106
39 2.0739252E+09   1.4954 2.326 3.647 0.724358 0.271070 0.000655 0.000599 0.002106
40 2.0759834E+09   1.4946 2.394 3.643 0.724358 0.271070 0.000655 0.000599 0.002106
41 2.0778268E+09   1.4938 2.462 3.639 0.724358 0.271070 0.000655 0.000599 0.002106
42 2.0794433E+09   1.4928 2.529 3.635 0.724358 0.271070 0.000655 0.000599 0.002106
43 2.0808818E+09   1.4917 2.597 3.630 0.724358 0.271070 0.000655 0.000599 0.002106
44 2.0821981E+09   1.4904 2.670 3.625 0.724358 0.271070 0.000655 0.000599 0.002106
45 2.0833789E+09   1.4889 2.735 3.621 0.724358 0.271070 0.000655 0.000599 0.002106
46 2.0844013E+09   1.4872 2.802 3.616 0.724358 0.271070 0.000655 0.000599 0.002106
47 2.0853679E+09   1.4852 2.870 3.610 0.724358 0.271070 0.000655 0.000599 0.002106
48 2.0862331E+09   1.4827 2.939 3.603 0.724358 0.271070 0.000655 0.000599 0.002106
49 2.0869923E+09   1.4800 3.010 3.600 0.724358 0.271070 0.000655 0.000599 0.002106
50 2.0876772E+09   1.4767 3.075 3.597 0.724358 0.271070 0.000655 0.000599 0.002106
51 2.0883329E+09   1.4728 3.144 3.592 0.724358 0.271070 0.000655 0.000599 0.002106

    1.25   

 1 3.5501686E+08   1.2500 0.529 3.863 0.744000 0.252000 0.000973 0.000247 0.002107
 2 9.6418739E+08   1.2500 0.578 3.867 0.744000 0.252000 0.000973 0.000247 0.002107
 3 1.4680500E+09   1.2500 0.622 3.869 0.744000 0.252000 0.000973 0.000247 0.002107
 4 1.9125098E+09   1.2500 0.663 3.868 0.744000 0.252000 0.000973 0.000247 0.002107
 5 2.2884178E+09   1.2500 0.698 3.863 0.744000 0.252000 0.000973 0.000247 0.002107
 6 2.6039808E+09   1.2500 0.726 3.854 0.744000 0.252000 0.000973 0.000247 0.002107
 7 2.8647073E+09   1.2500 0.749 3.843 0.744000 0.252000 0.000973 0.000247 0.002107
 8 3.0364347E+09   1.2500 0.763 3.834 0.744000 0.252000 0.000973 0.000247 0.002107
 9 3.1798715E+09   1.2500 0.774 3.825 0.744000 0.252000 0.000973 0.000247 0.002107
10 3.2677146E+09   1.2500 0.782 3.820 0.744000 0.252000 0.000973 0.000247 0.002107
11 3.3295283E+09   1.2500 0.795 3.819 0.744000 0.252000 0.000973 0.000247 0.002107
12 3.3843241E+09   1.2500 0.907 3.854 0.744000 0.252000 0.000973 0.000247 0.002107
13 3.3870651E+09   1.2500 0.908 3.838 0.744000 0.252000 0.000973 0.000247 0.002107
14 3.3975862E+09   1.2500 0.920 3.827 0.744000 0.252000 0.000973 0.000247 0.002107
15 3.4324316E+09   1.2500 0.932 3.816 0.744000 0.252000 0.000973 0.000247 0.002107
16 3.4733645E+09   1.2500 0.936 3.798 0.744000 0.252000 0.000973 0.000247 0.002107
17 3.4934159E+09   1.2500 0.923 3.783 0.744000 0.252000 0.000973 0.000247 0.002107
18 3.5115136E+09   1.2500 0.885 3.765 0.744000 0.252000 0.000973 0.000247 0.002107
19 3.5224819E+09   1.2500 0.843 3.751 0.744000 0.252000 0.000973 0.000247 0.002107
20 3.5452961E+09   1.2500 0.798 3.732 0.743963 0.252000 0.000973 0.000247 0.002107
21 3.5787804E+09   1.2500 0.837 3.720 0.742677 0.252453 0.000973 0.000247 0.002107
22 3.6132457E+09   1.2500 0.893 3.715 0.741115 0.253922 0.000969 0.000248 0.002107
23 3.6448645E+09   1.2500 0.952 3.711 0.739073 0.256001 0.000950 0.000256 0.002107
24 3.6697559E+09   1.2500 1.009 3.707 0.736447 0.258672 0.000899 0.000305 0.002107
25 3.6893048E+09   1.2500 1.065 3.706 0.733920 0.261226 0.000848 0.000366 0.002107
26 3.7053140E+09   1.2500 1.118 3.703 0.731649 0.263517 0.000813 0.000408 0.002107
27 3.7190098E+09   1.2500 1.173 3.702 0.729726 0.265454 0.000790 0.000437 0.002107
28 3.7311352E+09   1.2500 1.231 3.700 0.728072 0.267119 0.000773 0.000458 0.002107
29 3.7391350E+09   1.2500 1.284 3.699 0.726735 0.268463 0.000761 0.000472 0.002107
30 3.7466688E+09   1.2499 1.342 3.695 0.726475 0.268725 0.000759 0.000475 0.002107
31 3.7493486E+09   1.2499 1.395 3.693 0.725711 0.269493 0.000752 0.000483 0.002107
32 3.7530980E+09   1.2499 1.455 3.690 0.725485 0.269720 0.000751 0.000485 0.002107
33 3.7561211E+09   1.2498 1.513 3.686 0.725267 0.269939 0.000749 0.000487 0.002107
34 3.7575483E+09   1.2498 1.566 3.682 0.725093 0.270115 0.000748 0.000488 0.002107
35 3.7596060E+09   1.2497 1.623 3.680 0.725091 0.270116 0.000748 0.000488 0.002107
36 3.7612772E+09   1.2497 1.677 3.677 0.725091 0.270116 0.000748 0.000488 0.002107
37 3.7620849E+09   1.2497 1.730 3.673 0.725091 0.270116 0.000748 0.000488 0.002107
38 3.7633039E+09   1.2496 1.790 3.668 0.725091 0.270116 0.000748 0.000488 0.002107
39 3.7642442E+09   1.2496 1.844 3.665 0.725091 0.270116 0.000748 0.000488 0.002107
40 3.7651420E+09   1.2495 1.911 3.662 0.725091 0.270116 0.000748 0.000488 0.002107
41 3.7662938E+09   1.2494 1.954 3.660 0.725091 0.270116 0.000748 0.000488 0.002107
42 3.7713510E+09   1.2489 2.011 3.658 0.725091 0.270116 0.000748 0.000488 0.002107
43 3.7731136E+09   1.2487 2.068 3.654 0.725091 0.270116 0.000748 0.000488 0.002107
44 3.7744125E+09   1.2485 2.121 3.651 0.725091 0.270116 0.000748 0.000488 0.002107
45 3.7759181E+09   1.2482 2.179 3.648 0.725091 0.270116 0.000748 0.000488 0.002107
46 3.7768696E+09   1.2480 2.234 3.644 0.725091 0.270116 0.000748 0.000488 0.002107
47 3.7776722E+09   1.2478 2.288 3.640 0.725091 0.270116 0.000748 0.000488 0.002107
48 3.7782259E+09   1.2476 2.345 3.636 0.725091 0.270116 0.000748 0.000488 0.002107
49 3.7789340E+09   1.2473 2.401 3.633 0.725091 0.270116 0.000748 0.000488 0.002107
50 3.7793436E+09   1.2472 2.468 3.629 0.725091 0.270116 0.000748 0.000488 0.002107
51 3.7796283E+09   1.2470 2.520 3.626 0.725091 0.270116 0.000748 0.000488 0.002107

    1.00   

 1 5.0174451E+08   1.0000 0.074 3.801 0.744000 0.252000 0.000973 0.000247 0.002107
 2 1.1989779E+09   1.0000 0.099 3.803 0.744000 0.252000 0.000973 0.000247 0.002107
 3 1.8744027E+09   1.0000 0.127 3.804 0.744000 0.252000 0.000973 0.000247 0.002107
 4 2.5325089E+09   1.0000 0.157 3.806 0.744000 0.252000 0.000973 0.000247 0.002107
 5 3.1732966E+09   1.0000 0.189 3.808 0.744000 0.252000 0.000973 0.000247 0.002107
 6 3.7834304E+09   1.0000 0.223 3.809 0.744000 0.252000 0.000973 0.000247 0.002107
 7 4.3866368E+09   1.0000 0.259 3.810 0.744000 0.252000 0.000973 0.000247 0.002107
 8 4.8495626E+09   1.0000 0.289 3.811 0.744000 0.252000 0.000973 0.000247 0.002107
 9 5.2704041E+09   1.0000 0.318 3.811 0.744000 0.252000 0.000973 0.000247 0.002107
10 5.5229092E+09   1.0000 0.336 3.811 0.744000 0.252000 0.000973 0.000247 0.002107
11 5.7333299E+09   1.0000 0.351 3.811 0.744000 0.252000 0.000973 0.000247 0.002107
12 6.5764326E+09   1.0000 0.431 3.809 0.744000 0.252000 0.000973 0.000247 0.002107
13 7.0076073E+09   1.0000 0.483 3.805 0.744000 0.252000 0.000973 0.000247 0.002107
14 7.4869944E+09   1.0000 0.555 3.794 0.744000 0.252000 0.000973 0.000247 0.002107
15 7.6555310E+09   1.0000 0.582 3.786 0.744000 0.252000 0.000973 0.000247 0.002107
16 7.7707699E+09   1.0000 0.596 3.775 0.744000 0.252000 0.000973 0.000247 0.002107
17 7.8530504E+09   1.0000 0.593 3.762 0.744000 0.252000 0.000973 0.000247 0.002107
18 7.8982241E+09   1.0000 0.580 3.751 0.744000 0.252000 0.000973 0.000247 0.002107
19 7.9440753E+09   1.0000 0.567 3.739 0.744000 0.252000 0.000973 0.000247 0.002107
20 8.0049469E+09   1.0000 0.588 3.724 0.743723 0.252005 0.000973 0.000247 0.002107
21 8.0610591E+09   1.0000 0.644 3.716 0.742346 0.252598 0.000973 0.000247 0.002107
22 8.1213220E+09   1.0000 0.717 3.705 0.740008 0.254828 0.000972 0.000248 0.002107
23 8.1591199E+09   1.0000 0.781 3.704 0.737555 0.257300 0.000966 0.000249 0.002107
24 8.1978947E+09   1.0000 0.853 3.702 0.734306 0.260585 0.000945 0.000261 0.002107
25 8.2281728E+09   1.0000 0.920 3.700 0.731206 0.263711 0.000911 0.000295 0.002107
26 8.2555366E+09   1.0000 0.990 3.698 0.728514 0.266420 0.000881 0.000332 0.002107
27 8.2781793E+09   0.9999 1.058 3.696 0.726403 0.268544 0.000860 0.000357 0.002107
28 8.2972872E+09   0.9998 1.124 3.692 0.724725 0.270231 0.000846 0.000374 0.002107
29 8.3157857E+09   0.9997 1.195 3.689 0.724124 0.270835 0.000841 0.000380 0.002107
30 8.3236480E+09   0.9996 1.262 3.687 0.723613 0.271349 0.000837 0.000384 0.002107
31 8.3324349E+09   0.9995 1.339 3.684 0.723199 0.271764 0.000834 0.000388 0.002107
32 8.3374638E+09   0.9994 1.399 3.680 0.722992 0.271972 0.000832 0.000390 0.002107
33 8.3446246E+09   0.9993 1.466 3.677 0.722992 0.271972 0.000832 0.000390 0.002107
34 8.3506452E+09   0.9992 1.536 3.672 0.722992 0.271972 0.000832 0.000390 0.002107
35 8.3555425E+09   0.9990 1.607 3.667 0.722992 0.271972 0.000832 0.000390 0.002107
36 8.3589924E+09   0.9989 1.676 3.663 0.722992 0.271972 0.000832 0.000390 0.002107
37 8.3628974E+09   0.9987 1.744 3.661 0.722992 0.271972 0.000832 0.000390 0.002107
38 8.3669908E+09   0.9985 1.809 3.657 0.722992 0.271972 0.000832 0.000390 0.002107
39 8.3706583E+09   0.9982 1.878 3.654 0.722992 0.271972 0.000832 0.000390 0.002107
40 8.3733642E+09   0.9979 1.947 3.651 0.722992 0.271972 0.000832 0.000390 0.002107
41 8.3758029E+09   0.9976 2.016 3.646 0.722992 0.271972 0.000832 0.000390 0.002107
42 8.3773005E+09   0.9973 2.084 3.643 0.722992 0.271972 0.000832 0.000390 0.002107
43 8.3785155E+09   0.9971 2.152 3.638 0.722992 0.271972 0.000832 0.000390 0.002107
44 8.3794545E+09   0.9968 2.227 3.634 0.722992 0.271972 0.000832 0.000390 0.002107
45 8.3800996E+09   0.9966 2.290 3.629 0.722992 0.271972 0.000832 0.000390 0.002107
46 8.3806346E+09   0.9964 2.357 3.626 0.722992 0.271972 0.000832 0.000390 0.002107
47 8.3810642E+09   0.9962 2.426 3.621 0.722992 0.271972 0.000832 0.000390 0.002107
48 8.3815491E+09   0.9958 2.496 3.616 0.722992 0.271972 0.000832 0.000390 0.002107
49 8.3820237E+09   0.9954 2.564 3.610 0.722992 0.271972 0.000832 0.000390 0.002107
50 8.3822720E+09   0.9951 2.635 3.605 0.722992 0.271972 0.000832 0.000390 0.002107
51 8.3826314E+09   0.9945 2.702 3.601 0.722992 0.271972 0.000832 0.000390 0.002107

    0.90   

 1 4.1889203E+08   0.9000-0.152 3.774 0.744000 0.252000 0.000973 0.000247 0.002107
 2 1.6904678E+09   0.9000-0.123 3.777 0.744000 0.252000 0.000973 0.000247 0.002107
 3 2.7308480E+09   0.9000-0.094 3.779 0.744000 0.252000 0.000973 0.000247 0.002107
 4 3.7507098E+09   0.9000-0.061 3.782 0.744000 0.252000 0.000973 0.000247 0.002107
 5 4.7572777E+09   0.9000-0.026 3.785 0.744000 0.252000 0.000973 0.000247 0.002107
 6 5.7404370E+09   0.9000 0.013 3.787 0.744000 0.252000 0.000973 0.000247 0.002107
 7 6.7235963E+09   0.9000 0.056 3.789 0.744000 0.252000 0.000973 0.000247 0.002107
 8 7.4960783E+09   0.9000 0.094 3.791 0.744000 0.252000 0.000973 0.000247 0.002107
 9 8.3270820E+09   0.9000 0.141 3.792 0.744000 0.252000 0.000973 0.000247 0.002107
10 8.8652452E+09   0.9000 0.173 3.793 0.744000 0.252000 0.000973 0.000247 0.002107
11 9.2051374E+09   0.9000 0.194 3.793 0.744000 0.252000 0.000973 0.000247 0.002107
12 1.0305937E+10   0.9000 0.280 3.792 0.744000 0.252000 0.000973 0.000247 0.002107
13 1.0784711E+10   0.9000 0.327 3.789 0.744000 0.252000 0.000973 0.000247 0.002107
14 1.1398744E+10   0.9000 0.400 3.778 0.744000 0.252000 0.000973 0.000247 0.002107
15 1.1537711E+10   0.9000 0.418 3.773 0.744000 0.252000 0.000973 0.000247 0.002107
16 1.1698058E+10   0.9000 0.435 3.763 0.744000 0.252000 0.000973 0.000247 0.002107
17 1.1797472E+10   0.9000 0.438 3.753 0.744000 0.252000 0.000973 0.000247 0.002107
18 1.1844614E+10   0.9000 0.437 3.746 0.744000 0.252000 0.000973 0.000247 0.002107
19 1.1907470E+10   0.9000 0.438 3.736 0.744000 0.252000 0.000973 0.000247 0.002107
20 1.1971269E+10   0.9000 0.452 3.724 0.744000 0.252000 0.000973 0.000247 0.002107
21 1.2038412E+10   0.9000 0.499 3.717 0.743325 0.252084 0.000973 0.000247 0.002107
22 1.2103629E+10   0.9000 0.555 3.706 0.741856 0.253021 0.000973 0.000247 0.002107
23 1.2150213E+10   0.9000 0.606 3.703 0.740512 0.254281 0.000973 0.000247 0.002107
24 1.2198474E+10   0.9000 0.668 3.700 0.738374 0.256401 0.000971 0.000248 0.002107
25 1.2233058E+10   0.9000 0.718 3.699 0.736369 0.258416 0.000968 0.000248 0.002107
26 1.2269312E+10   0.8999 0.778 3.697 0.734019 0.260784 0.000960 0.000251 0.002107
27 1.2297933E+10   0.8999 0.829 3.696 0.732033 0.262784 0.000949 0.000259 0.002107
28 1.2325695E+10   0.8998 0.887 3.695 0.729988 0.264842 0.000933 0.000273 0.002107
29 1.2349132E+10   0.8997 0.940 3.693 0.728393 0.266448 0.000919 0.000288 0.002107
30 1.2370569E+10   0.8996 0.996 3.692 0.727037 0.267810 0.000907 0.000303 0.002107
31 1.2391485E+10   0.8995 1.054 3.689 0.726611 0.268239 0.000903 0.000307 0.002107
32 1.2401553E+10   0.8995 1.106 3.688 0.725491 0.269364 0.000893 0.000319 0.002107
33 1.2415226E+10   0.8994 1.162 3.686 0.725080 0.269777 0.000890 0.000323 0.002107
34 1.2427738E+10   0.8993 1.219 3.684 0.724841 0.270018 0.000888 0.000325 0.002107
35 1.2437557E+10   0.8992 1.275 3.681 0.724720 0.270139 0.000887 0.000327 0.002107
36 1.2445822E+10   0.8991 1.330 3.679 0.724720 0.270139 0.000887 0.000327 0.002107
37 1.2454260E+10   0.8989 1.385 3.676 0.724720 0.270139 0.000887 0.000327 0.002107
38 1.2460270E+10   0.8988 1.441 3.671 0.724720 0.270139 0.000887 0.000327 0.002107
39 1.2466710E+10   0.8986 1.505 3.668 0.724720 0.270139 0.000887 0.000327 0.002107
40 1.2471628E+10   0.8985 1.559 3.666 0.724720 0.270139 0.000887 0.000327 0.002107
41 1.2473902E+10   0.8984 1.610 3.662 0.724720 0.270139 0.000887 0.000327 0.002107
42 1.2480512E+10   0.8982 1.666 3.660 0.724720 0.270139 0.000887 0.000327 0.002107
43 1.2483886E+10   0.8980 1.725 3.658 0.724720 0.270139 0.000887 0.000327 0.002107
44 1.2486759E+10   0.8978 1.774 3.655 0.724720 0.270139 0.000887 0.000327 0.002107
45 1.2490165E+10   0.8975 1.836 3.652 0.724720 0.270139 0.000887 0.000327 0.002107
46 1.2492630E+10   0.8973 1.891 3.648 0.724720 0.270139 0.000887 0.000327 0.002107
47 1.2495290E+10   0.8970 1.943 3.646 0.724720 0.270139 0.000887 0.000327 0.002107
48 1.2496994E+10   0.8967 1.998 3.642 0.724720 0.270139 0.000887 0.000327 0.002107
49 1.2498951E+10   0.8964 2.065 3.639 0.724720 0.270139 0.000887 0.000327 0.002107
50 1.2499610E+10   0.8962 2.109 3.636 0.724720 0.270139 0.000887 0.000327 0.002107
51 1.2500253E+10   0.8961 2.168 3.632 0.724720 0.270139 0.000887 0.000327 0.002107

    0.80   

 1 1.1367544E+09   0.8000-0.393 3.740 0.744000 0.252000 0.000973 0.000247 0.002107
 2 2.5516716E+09   0.8000-0.372 3.742 0.744000 0.252000 0.000973 0.000247 0.002107
 3 4.2162798E+09   0.8000-0.342 3.746 0.744000 0.252000 0.000973 0.000247 0.002107
 4 5.8392730E+09   0.8000-0.308 3.750 0.744000 0.252000 0.000973 0.000247 0.002107
 5 7.5038812E+09   0.8000-0.269 3.754 0.744000 0.252000 0.000973 0.000247 0.002107
 6 9.1268741E+09   0.8000-0.225 3.758 0.744000 0.252000 0.000973 0.000247 0.002107
 7 1.0749868E+10   0.8000-0.176 3.763 0.744000 0.252000 0.000973 0.000247 0.002107
 8 1.1998324E+10   0.8000-0.133 3.766 0.744000 0.252000 0.000973 0.000247 0.002107
 9 1.3414489E+10   0.8000-0.077 3.769 0.744000 0.252000 0.000973 0.000247 0.002107
10 1.4529336E+10   0.8000-0.025 3.772 0.744000 0.252000 0.000973 0.000247 0.002107
11 1.5291190E+10   0.8000 0.014 3.773 0.744000 0.252000 0.000973 0.000247 0.002107
12 1.6564330E+10   0.8000 0.091 3.774 0.744000 0.252000 0.000973 0.000247 0.002107
13 1.7467619E+10   0.8000 0.162 3.770 0.744000 0.252000 0.000973 0.000247 0.002107
14 1.8258248E+10   0.8000 0.240 3.759 0.744000 0.252000 0.000973 0.000247 0.002107
15 1.8373720E+10   0.8000 0.252 3.756 0.744000 0.252000 0.000973 0.000247 0.002107
16 1.8558476E+10   0.8000 0.271 3.746 0.744000 0.252000 0.000973 0.000247 0.002107
17 1.8653936E+10   0.8000 0.280 3.738 0.744000 0.252000 0.000973 0.000247 0.002107
18 1.8729378E+10   0.8000 0.289 3.730 0.744000 0.252000 0.000973 0.000247 0.002107
19 1.8786714E+10   0.8000 0.299 3.723 0.744000 0.252000 0.000973 0.000247 0.002107
20 1.8885845E+10   0.8000 0.334 3.712 0.744000 0.252000 0.000973 0.000247 0.002107
21 1.8934731E+10   0.8000 0.362 3.709 0.743864 0.252001 0.000973 0.000247 0.002107
22 1.8971396E+10   0.8000 0.390 3.708 0.743257 0.252138 0.000973 0.000247 0.002107
23 1.9022725E+10   0.8000 0.429 3.704 0.742490 0.252576 0.000973 0.000247 0.002107
24 1.9060859E+10   0.8000 0.460 3.702 0.741812 0.253131 0.000973 0.000247 0.002107
25 1.9096056E+10   0.8000 0.492 3.700 0.740891 0.253970 0.000973 0.000247 0.002107
26 1.9132135E+10   0.8000 0.528 3.698 0.739859 0.254957 0.000973 0.000247 0.002107
27 1.9166630E+10   0.7999 0.563 3.696 0.738834 0.255960 0.000972 0.000247 0.002107
28 1.9201122E+10   0.7999 0.601 3.695 0.737707 0.257076 0.000972 0.000247 0.002107
29 1.9222682E+10   0.7999 0.628 3.694 0.736709 0.258071 0.000971 0.000248 0.002107
30 1.9248554E+10   0.7998 0.661 3.694 0.735691 0.259089 0.000970 0.000248 0.002107
31 1.9274424E+10   0.7998 0.697 3.695 0.734576 0.260206 0.000969 0.000248 0.002107
32 1.9297157E+10   0.7998 0.728 3.693 0.733549 0.261236 0.000967 0.000249 0.002107
33 1.9318964E+10   0.7997 0.762 3.692 0.732607 0.262182 0.000964 0.000249 0.002107
34 1.9340771E+10   0.7997 0.796 3.691 0.731750 0.263042 0.000962 0.000251 0.002107
35 1.9359463E+10   0.7996 0.828 3.691 0.730911 0.263884 0.000959 0.000252 0.002107
36 1.9377687E+10   0.7996 0.864 3.691 0.730209 0.264590 0.000956 0.000254 0.002107
37 1.9394236E+10   0.7995 0.899 3.690 0.729780 0.265020 0.000954 0.000255 0.002107
38 1.9407743E+10   0.7995 0.929 3.688 0.729274 0.265529 0.000952 0.000257 0.002107
39 1.9422372E+10   0.7994 0.964 3.686 0.728748 0.266057 0.000949 0.000259 0.002107
40 1.9434740E+10   0.7993 0.997 3.685 0.728477 0.266329 0.000948 0.000261 0.002107
41 1.9446938E+10   0.7993 1.032 3.684 0.728202 0.266606 0.000946 0.000262 0.002107
42 1.9458077E+10   0.7992 1.068 3.682 0.727887 0.266922 0.000944 0.000264 0.002107
43 1.9466508E+10   0.7991 1.097 3.682 0.727887 0.266922 0.000944 0.000264 0.002107
44 1.9475907E+10   0.7991 1.131 3.681 0.727675 0.267134 0.000943 0.000265 0.002107
45 1.9483738E+10   0.7990 1.164 3.680 0.727675 0.267134 0.000943 0.000265 0.002107
46 1.9493077E+10   0.7989 1.200 3.679 0.727675 0.267134 0.000943 0.000265 0.002107
47 1.9499645E+10   0.7988 1.233 3.678 0.727675 0.267134 0.000943 0.000265 0.002107
48 1.9506084E+10   0.7988 1.267 3.677 0.727675 0.267134 0.000943 0.000265 0.002107
49 1.9511368E+10   0.7987 1.299 3.674 0.727675 0.267134 0.000943 0.000265 0.002107
50 1.9518448E+10   0.7986 1.339 3.671 0.727675 0.267134 0.000943 0.000265 0.002107
51 1.9520766E+10   0.7986 1.369 3.669 0.727675 0.267134 0.000943 0.000265 0.002107
