Modeles avec overshooting et nouvelles opacites, Z=0.040, 2 X Mdot, Meynet et al

  21   51

  120.00 WR

 1 5.0003805E+04 118.8728 6.273 4.691 0.620000 0.340000 0.009730 0.002474 0.021073  4.691 -4.570
 2 3.0002281E+05 111.6114 6.254 4.676 0.620000 0.340000 0.009730 0.002474 0.021073  4.676 -4.516
 3 6.1004638E+05 101.9832 6.231 4.667 0.587713 0.371330 0.000294 0.017603 0.016493  4.667 -4.522
 4 9.0006844E+05  93.3651 6.213 4.662 0.537675 0.421938 0.000355 0.021422 0.012028  4.662 -4.540
 5 1.1700890E+06  85.6696 6.198 4.658 0.485302 0.474688 0.000396 0.023937 0.009085  4.658 -4.552
 6 1.5707444E+06  74.6371 6.181 4.311 0.395921 0.564467 0.000444 0.026592 0.005972  4.653 -4.097
 7 1.7737459E+06  58.3967 6.080 4.337 0.256950 0.703772 0.000494 0.028789 0.003379  4.705 -4.097
 8 2.1162730E+06  30.9940 5.707 4.291 0.173509 0.787324 0.000499 0.029545 0.002506  4.704 -4.097
 9 2.5397343E+06   9.0073 4.692 4.280 0.119246 0.841628 0.000462 0.029934 0.002125  4.613 -4.821
10 3.1457683E+06   4.8800 4.064 4.335 0.096356 0.864527 0.000436 0.030074 0.002008  4.526 -5.479
11 3.6069130E+06   3.7929 3.783 4.340 0.083504 0.877384 0.000425 0.030140 0.001952  4.486 -5.753
12 4.8950475E+06   2.5000 3.326 4.366 0.064761 0.896131 0.000401 0.030236 0.001878  4.452 -6.226
13 4.9591625E+06   2.4627 3.424 4.418 0.063463 0.897430 0.000401 0.030241 0.001873  4.512 -6.243
14 5.0813135E+06   2.3953 3.941 4.464 0.062375 0.898518 0.000398 0.030247 0.001869  4.464 -6.273
15 5.1136555E+06   2.3782 4.089 4.385 0.061796 0.899097 0.000398 0.030249 0.001867  4.385 -6.281
16 5.1282590E+06   2.3705 4.164 4.301 0.061492 0.899402 0.000398 0.030250 0.001866  4.301 -6.284
17 5.1363435E+06   2.3664 4.206 4.216 0.061311 0.899583 0.000398 0.030251 0.001865  4.216 -6.287
18 5.1418020E+06   2.3635 4.233 4.137 0.061192 0.899702 0.000399 0.030251 0.001865  4.137 -6.288
19 5.1462220E+06   2.3613 4.256 4.052 0.061097 0.899797 0.000399 0.030251 0.001865  4.052 -6.289
20 5.1505035E+06   2.3591 4.277 3.970 0.061011 0.899882 0.000399 0.030252 0.001864  3.970 -6.774
21 5.1674525E+06   2.3548 4.345 3.892 0.060823 0.900071 0.000399 0.030252 0.001864  3.892 -6.516
22 5.2879535E+06   2.3389 4.268 4.820 0.060243 0.900651 0.000398 0.030254 0.001862  4.820 -8.482
23 5.3761245E+06   2.3389 3.693 4.857 0.060180 0.900702 0.000331 0.030351 0.001862  4.857 -9.421
24 5.4907220E+06   2.3388 3.627 4.849 0.060078 0.900793 0.000275 0.030440 0.001862  4.849 -9.502
25 5.6111455E+06   2.3388 3.619 4.847 0.059987 0.900880 0.000254 0.030473 0.001861  4.847 -9.510
26 5.7271085E+06   2.3387 3.621 4.846 0.059908 0.900957 0.000247 0.030485 0.001861  4.846 -9.505
27 5.8430720E+06   2.3387 3.627 4.846 0.059836 0.901028 0.000243 0.030491 0.001861  4.846 -9.496
28 5.9590350E+06   2.3387 3.635 4.846 0.059769 0.901095 0.000241 0.030494 0.001861  4.846 -9.484
29 6.0705380E+06   2.3386 3.642 4.845 0.059709 0.901154 0.000239 0.030496 0.001861  4.845 -9.472
30 6.1865010E+06   2.3386 3.652 4.846 0.059650 0.901213 0.000238 0.030498 0.001861  4.846 -9.458
31 6.3024645E+06   2.3386 3.662 4.846 0.059595 0.901268 0.000237 0.030500 0.001861  4.846 -9.444
32 6.4321645E+06   2.3385 3.673 4.846 0.059536 0.901326 0.000236 0.030501 0.001861  4.846 -9.429
33 6.5608770E+06   2.3385 3.684 4.847 0.059480 0.901383 0.000235 0.030502 0.001861  4.847 -9.413
34 6.6963895E+06   2.3384 3.696 4.848 0.059421 0.901441 0.000234 0.030503 0.001861  4.848 -9.397
35 6.8329510E+06   2.3384 3.709 4.849 0.059362 0.901500 0.000234 0.030503 0.001861  4.849 -9.380
36 6.9704740E+06   2.3383 3.722 4.851 0.059301 0.901561 0.000234 0.030502 0.001861  4.851 -9.364
37 7.1344440E+06   2.3382 3.738 4.854 0.059223 0.901640 0.000236 0.030500 0.001861  4.854 -9.346
38 7.2666780E+06   2.3382 3.752 4.858 0.059149 0.901714 0.000238 0.030496 0.001861  4.858 -9.332
39 7.4080095E+06   2.3381 3.768 4.864 0.059050 0.901813 0.000244 0.030488 0.001861  4.864 -9.319
40 7.5744125E+06   2.3380 3.790 4.874 0.058866 0.902000 0.000257 0.030468 0.001861  4.874 -9.309
41 7.6473735E+06   2.3380 3.802 4.883 0.058719 0.902149 0.000270 0.030450 0.001861  4.883 -9.307
42 7.7227415E+06   2.3379 3.826 4.899 0.058398 0.902475 0.000295 0.030411 0.001860  4.899 -9.304
43 7.7694995E+06   2.3379 3.939 4.940 0.057345 0.903543 0.000367 0.030307 0.001858  4.940 -9.215
44 7.9337860E+06   2.3367 4.333 3.966 0.055852 0.905026 0.000313 0.030386 0.001854  3.966 -6.679
45 7.9345830E+06   2.3365 4.318 3.930 0.055742 0.905136 0.000313 0.030386 0.001854  3.930 -6.626
46 7.9421990E+06   2.3343 4.363 3.908 0.000000 0.954970 0.000541 0.030266 0.001611  3.908 -6.516
46 7.9421990E+06   2.3343 4.363 3.908 0.000000 0.954970 0.000541 0.030266 0.001611  3.908 -6.516
46 7.9421990E+06   2.3343 4.363 3.908 0.000000 0.954970 0.000541 0.030266 0.001611  3.908 -6.516
46 7.9421990E+06   2.3343 4.363 3.908 0.000000 0.954970 0.000541 0.030266 0.001611  3.908 -6.516
46 7.9421990E+06   2.3343 4.363 3.908 0.000000 0.954970 0.000541 0.030266 0.001611  3.908 -6.516
46 7.9421990E+06   2.3343 4.363 3.908 0.000000 0.954970 0.000541 0.030266 0.001611  3.908 -6.516

   85.00 WR

 1 1.9376473E+04  84.9246 6.031 4.686 0.620000 0.340000 0.009730 0.002474 0.021073  4.686 -5.240
 2 3.6758431E+05  82.4802 6.036 4.669 0.620000 0.340000 0.009730 0.002474 0.021073  4.669 -5.079
 3 7.0821931E+05  79.1484 6.039 4.652 0.620000 0.340000 0.009730 0.002474 0.021073  4.652 -4.946
 4 1.0201940E+06  75.0118 6.037 4.629 0.618418 0.340329 0.001765 0.011425 0.021015  4.629 -4.809
 5 1.3151369E+06  69.8998 6.033 4.614 0.594222 0.364706 0.000273 0.016856 0.017383  4.614 -4.745
 6 1.6766798E+06  63.2117 6.028 4.605 0.520085 0.439646 0.000357 0.022237 0.011093  4.605 -4.718
 7 2.0092041E+06  56.7026 6.026 4.599 0.431277 0.528952 0.000414 0.025563 0.007198  4.599 -4.691
 8 2.2404013E+06  43.2615 5.942 4.311 0.222206 0.738553 0.000496 0.029037 0.003092  4.688 -4.097
 9 2.5631140E+06  17.4440 5.336 4.238 0.103834 0.857055 0.000504 0.029925 0.002064  4.692 -4.097
10 2.8226908E+06   8.9304 4.768 4.307 0.081332 0.879569 0.000482 0.030069 0.001937  4.635 -4.822
11 3.0857785E+06   6.4098 4.462 4.332 0.067835 0.893072 0.000472 0.030141 0.001870  4.600 -5.191
12 3.5338150E+06   4.5707 4.163 4.379 0.050457 0.910457 0.000463 0.030221 0.001793  4.597 -5.571
13 3.5564153E+06   4.5111 4.250 4.436 0.050063 0.910852 0.000463 0.030224 0.001792  4.666 -5.586
14 3.5613065E+06   4.4984 4.367 4.457 0.049660 0.911256 0.000463 0.030225 0.001790  4.673 -5.589
15 3.5679355E+06   4.4814 4.500 4.459 0.049301 0.911615 0.000463 0.030226 0.001789  4.650 -5.593
16 3.5799958E+06   4.4509 4.653 4.438 0.049268 0.911648 0.000462 0.030227 0.001788  4.585 -5.600
17 3.5898923E+06   4.4263 4.772 4.401 0.049267 0.911648 0.000462 0.030227 0.001788  4.440 -5.607
18 3.5941113E+06   4.4158 4.819 4.287 0.049212 0.911704 0.000462 0.030227 0.001788  4.287 -5.609
19 3.5957385E+06   4.4119 4.836 4.194 0.049104 0.911812 0.000462 0.030228 0.001788  4.194 -5.610
20 3.5973658E+06   4.4079 4.852 4.097 0.048979 0.911936 0.000462 0.030228 0.001787  4.097 -5.611
21 3.6032123E+06   4.3936 4.885 4.036 0.048509 0.912407 0.000462 0.030230 0.001785  4.036 -5.615
22 3.6504013E+06   4.2826 4.815 4.652 0.047179 0.913738 0.000461 0.030236 0.001780  4.874 -5.642
23 3.6868635E+06   4.2015 4.316 4.639 0.045060 0.915834 0.000341 0.030419 0.001772  4.950 -5.663
24 3.7422730E+06   4.0852 4.267 4.648 0.010110 0.950808 0.000366 0.030517 0.001618  4.955 -5.693
25 3.7976825E+06   3.9766 4.247 4.649 0.000000 0.960974 0.000597 0.030253 0.001528  4.952 -5.722
26 3.8573545E+06   3.8674 4.226 4.651 0.000000 0.960987 0.000660 0.030170 0.001517  4.948 -5.752
27 3.9148950E+06   3.7690 4.208 4.653 0.000000 0.960991 0.000677 0.030146 0.001515  4.944 -5.780
28 3.9741833E+06   3.6739 4.190 4.655 0.000000 0.960992 0.000685 0.030135 0.001515  4.941 -5.808
29 4.0386500E+06   3.5769 4.172 4.657 0.000000 0.960993 0.000689 0.030127 0.001517  4.937 -5.837
30 4.1005383E+06   3.4897 4.155 4.659 0.000000 0.960993 0.000691 0.030122 0.001519  4.934 -5.864
31 4.1650050E+06   3.4043 4.140 4.661 0.000000 0.960993 0.000692 0.030119 0.001521  4.931 -5.891
32 4.2320505E+06   3.3208 4.124 4.664 0.000000 0.960992 0.000693 0.030115 0.001525  4.928 -5.918
33 4.3016750E+06   3.2393 4.109 4.667 0.000000 0.960992 0.000693 0.030112 0.001527  4.926 -5.945
34 4.3712990E+06   3.1627 4.095 4.669 0.000000 0.960992 0.000694 0.030108 0.001530  4.924 -5.971
35 4.4456165E+06   3.0857 4.082 4.673 0.000000 0.960991 0.000695 0.030102 0.001536  4.922 -5.997
36 4.5236215E+06   3.0097 4.069 4.676 0.000000 0.960991 0.000696 0.030095 0.001543  4.920 -6.024
37 4.6047465E+06   2.9355 4.056 4.680 0.000000 0.960990 0.000697 0.030089 0.001548  4.920 -6.052
38 4.6937030E+06   2.8591 4.044 4.685 0.000000 0.960989 0.000698 0.030081 0.001556  4.920 -6.080
39 4.7918645E+06   2.7804 4.032 4.692 0.000000 0.960987 0.000696 0.030078 0.001566  4.922 -6.110
40 4.9093940E+06   2.6929 4.021 4.702 0.000000 0.960983 0.000687 0.030086 0.001579  4.928 -6.145
41 4.9648525E+06   2.6540 4.018 4.709 0.000000 0.960981 0.000683 0.030091 0.001585  4.934 -6.161
42 5.0216730E+06   2.6155 4.021 4.722 0.000000 0.960978 0.000679 0.030096 0.001592  4.948 -6.178
43 5.0552435E+06   2.5935 4.086 4.761 0.000000 0.960977 0.000677 0.030099 0.001597  4.993 -6.187
44 5.0860925E+06   2.5736 4.305 4.779 0.000000 0.960975 0.000675 0.030101 0.001603  4.975 -6.195
45 5.1308650E+06   2.5455 4.533 4.662 0.000000 0.960973 0.000672 0.030104 0.001612  4.749 -6.207
46 5.1368605E+06   2.5417 4.564 4.533 0.000000 0.960972 0.000671 0.030105 0.001613  4.559 -6.209
47 5.1393080E+06   2.5402 4.599 4.311 0.000000 0.960972 0.000671 0.030105 0.001614  4.311 -6.210
48 5.1419080E+06   2.5386 4.615 4.118 0.000000 0.960972 0.000671 0.030105 0.001614  4.118 -6.210
49 5.1437615E+06   2.5375 4.615 4.102 0.000000 0.960972 0.000671 0.030105 0.001615  4.102 -6.211
50 5.1449545E+06   2.5368 4.616 4.085 0.000000 0.960972 0.000671 0.030105 0.001615  4.085 -6.211
51 5.1458150E+06   2.5362 4.612 4.072 0.000000 0.960972 0.000671 0.030105 0.001615  4.072 -6.211

   60.00 WR

 1 1.9001445E+04  59.9485 5.761 4.667 0.620000 0.340000 0.009730 0.002474 0.021073  4.667 -5.742
 2 4.3794178E+05  59.0290 5.778 4.653 0.620000 0.340000 0.009730 0.002474 0.021073  4.653 -5.587
 3 8.3319319E+05  57.8229 5.794 4.639 0.620000 0.340000 0.009730 0.002474 0.021073  4.639 -5.452
 4 1.2027533E+06  56.2795 5.807 4.622 0.620000 0.340000 0.009730 0.002474 0.021073  4.622 -5.313
 5 1.5343410E+06  54.3640 5.817 4.600 0.620000 0.340000 0.009730 0.002474 0.021073  4.600 -5.169
 6 1.9420796E+06  50.9100 5.827 4.558 0.620000 0.340000 0.009728 0.002474 0.021073  4.558 -4.978
 7 2.3125430E+06  46.1348 5.832 4.495 0.608532 0.350126 0.000234 0.015085 0.019468  4.495 -4.830
 8 2.5620503E+06  42.3381 5.837 4.494 0.522915 0.436757 0.000336 0.021890 0.011523  4.494 -4.812
 9 2.7871068E+06  38.8197 5.845 4.493 0.433539 0.526643 0.000392 0.025297 0.007538  4.493 -4.797
10 2.8658768E+06  37.3106 5.846 4.185 0.396077 0.564250 0.000409 0.026255 0.006414  4.497 -4.097
11 3.0084125E+06  25.9075 5.722 4.307 0.086928 0.873969 0.000537 0.029885 0.002053  4.714 -4.097
12 3.1973270E+06  10.7941 5.108 4.258 0.007933 0.953035 0.000601 0.030203 0.001580  4.772 -4.097
13 3.1996310E+06  10.6097 5.141 4.289 0.007390 0.953579 0.000603 0.030203 0.001577  4.823 -4.097
14 3.2025908E+06  10.3729 5.210 4.344 0.006853 0.954117 0.000605 0.030202 0.001574  4.914 -4.097
15 3.2043288E+06  10.2339 5.282 4.363 0.006321 0.954649 0.000607 0.030201 0.001572  4.930 -4.097
16 3.2068208E+06  10.0345 5.346 4.387 0.005796 0.955175 0.000610 0.030200 0.001569  4.961 -4.097
17 3.2085798E+06   9.8938 5.286 4.398 0.005795 0.955176 0.000607 0.030203 0.001569  5.007 -4.097
18 3.2096205E+06   9.8106 5.223 4.395 0.005270 0.955700 0.000604 0.030209 0.001566  5.024 -4.097
19 3.2104678E+06   9.7428 5.176 4.389 0.005260 0.955708 0.000591 0.030225 0.001566  5.030 -4.097
20 3.2121623E+06   9.6072 5.115 4.381 0.004666 0.956293 0.000542 0.030297 0.001563  5.034 -4.097
21 3.2175423E+06   9.1768 5.060 4.374 0.000979 0.959987 0.000562 0.030288 0.001543  5.041 -4.097
22 3.2182623E+06   9.1658 5.065 4.589 0.000858 0.960109 0.000566 0.030283 0.001542  5.045 -4.815
23 3.2495890E+06   8.7158 5.024 4.599 0.000000 0.961001 0.000745 0.030029 0.001533  5.049 -4.869
24 3.2789715E+06   8.3408 4.993 4.605 0.000000 0.961003 0.000753 0.030018 0.001534  5.045 -4.917
25 3.3083540E+06   8.0037 4.965 4.611 0.000000 0.961001 0.000744 0.030033 0.001534  5.042 -4.962
26 3.3377363E+06   7.6987 4.940 4.617 0.000000 0.960999 0.000733 0.030048 0.001534  5.038 -5.004
27 3.3683430E+06   7.4103 4.915 4.623 0.000000 0.960996 0.000719 0.030071 0.001534  5.035 -5.046
28 3.3977253E+06   7.1575 4.894 4.628 0.000000 0.960994 0.000707 0.030088 0.001534  5.032 -5.083
29 3.4283320E+06   6.9160 4.872 4.633 0.000000 0.960995 0.000712 0.030078 0.001534  5.030 -5.121
30 3.4601628E+06   6.6853 4.852 4.638 0.000000 0.960997 0.000725 0.030057 0.001535  5.027 -5.158
31 3.4919938E+06   6.4730 4.833 4.643 0.000000 0.960999 0.000740 0.030036 0.001537  5.025 -5.193
32 3.5254163E+06   6.2674 4.815 4.649 0.000000 0.958525 0.000985 0.022277 0.001658  5.023 -5.228
33 3.5594875E+06   6.0738 4.797 4.655 0.000000 0.953351 0.001631 0.006598 0.001817  5.023 -5.262
34 3.5713385E+06   6.0046 4.790 4.602 0.000000 0.944625 0.008386 0.001615 0.001842  5.024 -5.051
35 3.6350370E+06   5.4993 4.731 4.622 0.000000 0.858955 0.086838 0.000000 0.003843  5.025 -5.147
36 3.6771075E+06   5.2191 4.697 4.635 0.000000 0.804512 0.136468 0.000000 0.007023  5.028 -5.204
37 3.7219188E+06   4.9570 4.663 4.649 0.000000 0.746782 0.187997 0.000000 0.012275  5.031 -5.260
38 3.7716055E+06   4.7020 4.629 4.662 0.000000 0.675863 0.248906 0.000000 0.021772  5.034 -5.317
39 3.8279958E+06   4.4491 4.595 4.678 0.000000 0.603688 0.307183 0.000000 0.035500  5.040 -5.377
40 3.8940378E+06   4.1924 4.560 4.698 0.000000 0.528960 0.362355 0.000000 0.055008  5.050 -5.441
41 3.9238238E+06   4.0882 4.547 4.708 0.000000 0.495939 0.384687 0.000000 0.065687  5.058 -5.468
42 3.9571778E+06   3.9790 4.540 4.724 0.000000 0.459059 0.407888 0.000000 0.079358  5.071 -5.500
43 3.9765528E+06   3.9190 4.593 4.763 0.000000 0.438403 0.419976 0.000000 0.087919  5.119 -5.517
44 3.9808208E+06   3.9060 4.650 4.795 0.000000 0.430896 0.424203 0.000000 0.091197  5.159 -5.520
45 4.0013518E+06   3.8453 4.896 4.800 0.000000 0.408562 0.436197 0.000000 0.101532  5.101 -5.537
46 4.0039250E+06   3.8379 4.931 4.787 0.000000 0.407450 0.436769 0.000000 0.102071  5.070 -5.540
47 4.0052720E+06   3.8340 4.949 4.775 0.000000 0.406944 0.437028 0.000000 0.102318  5.046 -5.541
48 4.0057815E+06   3.8325 4.956 4.768 0.000000 0.406761 0.437121 0.000000 0.102407  5.034 -5.541
49 4.0061260E+06   3.8315 4.962 4.764 0.000000 0.406639 0.437184 0.000000 0.102466  5.026 -5.542
50 4.0064788E+06   3.8305 4.972 4.761 0.000000 0.406517 0.437247 0.000000 0.102526  5.018 -5.542
51 4.0068353E+06   3.8295 4.981 4.757 0.000000 0.406290 0.437362 0.000000 0.102638  5.009 -5.542

   40.00 WR

 1 5.0003805E+04  39.9495 5.417 4.631 0.620000 0.340000 0.009730 0.002474 0.021073  4.631 -6.141
 2 5.6244275E+05  39.5257 5.440 4.621 0.620000 0.340000 0.009730 0.002474 0.021073  4.621 -6.034
 3 1.0765899E+06  38.9824 5.463 4.609 0.620000 0.340000 0.009730 0.002474 0.021073  4.609 -5.922
 4 1.5529061E+06  38.3303 5.485 4.596 0.620000 0.340000 0.009730 0.002474 0.021073  4.596 -5.810
 5 1.9723819E+06  37.5889 5.503 4.579 0.620000 0.340000 0.009730 0.002474 0.021073  4.579 -5.696
 6 2.4868035E+06  36.3393 5.526 4.549 0.620000 0.340000 0.009730 0.002474 0.021073  4.549 -5.531
 7 2.9263765E+06  34.7653 5.546 4.503 0.620000 0.340000 0.009729 0.002474 0.021073  4.503 -5.365
 8 3.2284708E+06  33.2553 5.560 4.450 0.620000 0.340000 0.009728 0.002474 0.021073  4.450 -5.244
 9 3.4902508E+06  31.5554 5.574 4.367 0.619998 0.340001 0.009715 0.002475 0.021073  4.367 -5.138
10 3.6590068E+06  30.1916 5.585 4.271 0.619994 0.340004 0.009671 0.002478 0.021073  4.271 -5.044
11 3.8517980E+06  27.5419 5.600 4.024 0.614256 0.344291 0.000270 0.014207 0.020397  4.024 -4.580
12 3.8836358E+06  26.8810 5.619 4.113 0.586757 0.372223 0.000243 0.017317 0.016898  4.113 -4.763
13 3.8855325E+06  26.8454 5.644 4.085 0.585158 0.373843 0.000245 0.017464 0.016728  4.085 -4.659
14 3.8868873E+06  26.8109 5.652 4.035 0.583671 0.375351 0.000246 0.017601 0.016569  4.035 -4.518
15 3.8872938E+06  26.7967 5.650 3.995 0.583013 0.376017 0.000247 0.017657 0.016503  3.995 -4.399
16 3.8874970E+06  26.7877 5.650 3.960 0.582601 0.376435 0.000248 0.017691 0.016463  3.960 -4.298
17 3.8877000E+06  26.7758 5.649 3.919 0.582068 0.376974 0.000248 0.017736 0.016411  3.919 -4.171
18 3.8879373E+06  26.7571 5.648 3.875 0.581221 0.377832 0.000249 0.017807 0.016328  3.875 -4.052
19 3.8885825E+06  26.6890 5.651 3.833 0.578189 0.380901 0.000252 0.018061 0.016033  3.833 -3.925
20 3.8906870E+06  26.3942 5.662 3.792 0.561021 0.398260 0.000269 0.019348 0.014534  3.792 -3.780
21 3.8939443E+06  25.5885 5.764 3.786 0.442011 0.517990 0.000337 0.024182 0.008897  3.786 -3.481
22 3.8999550E+06  23.4354 5.781 3.790 0.421144 0.538932 0.000346 0.024683 0.008310  3.790 -3.437
23 3.9132485E+06  16.6568 5.619 4.498 0.000000 0.960988 0.000743 0.029944 0.001633  5.063 -4.167
24 3.9461630E+06  14.7340 5.471 4.525 0.000000 0.960984 0.000740 0.029920 0.001662  5.088 -4.298
25 3.9657463E+06  13.8267 5.430 4.538 0.000000 0.960996 0.000801 0.029835 0.001662  5.086 -4.367
26 3.9853295E+06  12.8813 5.382 4.491 0.000000 0.907367 0.039793 0.000000 0.002464  5.090 -4.221
27 4.0074670E+06  11.7066 5.315 4.514 0.000000 0.855844 0.087110 0.000000 0.004320  5.088 -4.325
28 4.0296048E+06  10.7681 5.256 4.535 0.000000 0.799343 0.139219 0.000000 0.008161  5.088 -4.416
29 4.0534453E+06   9.9442 5.200 4.553 0.000000 0.753512 0.180296 0.000000 0.012833  5.085 -4.503
30 4.0782053E+06   9.2377 5.148 4.569 0.000000 0.720249 0.209206 0.000000 0.017168  5.084 -4.583
31 4.1039615E+06   8.6228 5.099 4.580 0.000000 0.685181 0.238790 0.000000 0.022642  5.079 -4.658
32 4.1317785E+06   8.0627 5.052 4.594 0.000000 0.652955 0.265099 0.000000 0.028552  5.078 -4.731
33 4.1610890E+06   7.5619 5.007 4.606 0.000000 0.618033 0.292582 0.000000 0.035983  5.075 -4.801
34 4.1922540E+06   7.1070 4.964 4.619 0.000000 0.584215 0.318086 0.000000 0.044288  5.074 -4.868
35 4.2259125E+06   6.6860 4.922 4.631 0.000000 0.549291 0.343164 0.000000 0.054125  5.073 -4.935
36 4.2605930E+06   6.3120 4.882 4.643 0.000000 0.516036 0.365735 0.000000 0.064799  5.072 -4.997
37 4.2998110E+06   5.9466 4.842 4.655 0.000000 0.477576 0.390066 0.000000 0.078917  5.072 -5.062
38 4.3425740E+06   5.6034 4.803 4.667 0.000000 0.438991 0.412295 0.000000 0.095259  5.071 -5.126
39 4.3918530E+06   5.2637 4.762 4.682 0.000000 0.398898 0.432745 0.000000 0.114886  5.073 -5.194
40 4.4494035E+06   4.9260 4.723 4.699 0.000000 0.354518 0.451656 0.000000 0.140333  5.080 -5.266
41 4.4761500E+06   4.7866 4.708 4.709 0.000000 0.334822 0.458595 0.000000 0.153080  5.086 -5.298
42 4.5037255E+06   4.6530 4.700 4.724 0.000000 0.316025 0.464274 0.000000 0.166185  5.098 -5.330
43 4.5206465E+06   4.5756 4.747 4.762 0.000000 0.304960 0.467142 0.000000 0.174375  5.144 -5.349
44 4.5348645E+06   4.5130 4.939 4.814 0.000000 0.296523 0.469107 0.000000 0.180841  5.182 -5.363
45 4.5409455E+06   4.4868 5.038 4.802 0.000000 0.292538 0.469933 0.000000 0.183997  5.134 -5.370
46 4.5414535E+06   4.4847 5.048 4.800 0.000000 0.292205 0.470002 0.000000 0.184261  5.128 -5.371
47 4.5423425E+06   4.4809 5.063 4.793 0.000000 0.291586 0.470128 0.000000 0.184754  5.111 -5.372
48 4.5425740E+06   4.4799 5.066 4.789 0.000000 0.291426 0.470161 0.000000 0.184881  5.104 -5.372
49 4.5427120E+06   4.4793 5.070 4.786 0.000000 0.291331 0.470180 0.000000 0.184956  5.099 -5.372
50 4.5428045E+06   4.4789 5.073 4.785 0.000000 0.291268 0.470193 0.000000 0.185006  5.097 -5.372
51 4.5430875E+06   4.4777 5.081 4.780 0.000000 0.291075 0.470233 0.000000 0.185160  5.086 -5.372

   25.00 WR

 1 3.5202676E+04  24.9879 4.950 4.573 0.620000 0.340000 0.009730 0.002474 0.021073  4.573 -6.553
 2 8.7515381E+05  24.7325 4.980 4.564 0.620000 0.340000 0.009730 0.002474 0.021073  4.564 -6.483
 3 1.6620320E+06  24.4509 5.009 4.555 0.620000 0.340000 0.009730 0.002474 0.021073  4.555 -6.412
 4 2.3566495E+06  24.1581 5.037 4.545 0.620000 0.340000 0.009730 0.002474 0.021073  4.545 -6.340
 5 2.9837213E+06  23.8433 5.065 4.531 0.620000 0.340000 0.009730 0.002474 0.021073  4.531 -6.260
 6 3.7015725E+06  23.3971 5.099 4.509 0.620000 0.340000 0.009730 0.002474 0.021073  4.509 -6.155
 7 4.3325055E+06  22.8921 5.132 4.480 0.620000 0.340000 0.009730 0.002474 0.021073  4.480 -6.040
 8 4.7410985E+06  22.4770 5.155 4.448 0.620000 0.340000 0.009730 0.002474 0.021073  4.448 -5.949
 9 5.1031750E+06  22.0245 5.177 4.408 0.620000 0.340000 0.009730 0.002474 0.021073  4.408 -5.860
10 5.3236455E+06  21.6974 5.192 4.374 0.620000 0.340000 0.009730 0.002474 0.021073  4.374 -5.800
11 5.5858465E+06  21.2378 5.215 4.330 0.620000 0.340000 0.009729 0.002474 0.021073  4.330 -5.716
12 5.6242035E+06  21.1630 5.238 4.356 0.620000 0.340000 0.009729 0.002474 0.021073  4.356 -5.699
13 5.6271330E+06  21.1570 5.267 4.380 0.620000 0.340000 0.009729 0.002474 0.021073  4.380 -5.670
14 5.6279890E+06  21.1552 5.269 4.384 0.620000 0.340000 0.009729 0.002474 0.021073  4.384 -5.672
15 5.6316460E+06  21.1471 5.267 4.283 0.620000 0.340000 0.009729 0.002474 0.021073  4.283 -5.577
16 5.6332825E+06  21.1419 5.277 4.177 0.620000 0.340000 0.009729 0.002474 0.021073  4.177 -5.428
17 5.6344570E+06  21.1365 5.280 4.071 0.620000 0.340000 0.009729 0.002474 0.021073  4.071 -5.233
18 5.6352615E+06  21.1303 5.279 3.968 0.620000 0.340000 0.009729 0.002474 0.021073  3.968 -5.006
19 5.6359445E+06  21.1214 5.275 3.864 0.620000 0.340000 0.009729 0.002474 0.021073  3.864 -4.788
20 5.6386780E+06  21.0695 5.248 3.757 0.619999 0.340000 0.009727 0.002474 0.021073  3.757 -4.684
21 5.6399880E+06  21.0381 5.291 3.738 0.619995 0.340002 0.009681 0.002479 0.021073  3.738 -4.579
22 5.6483065E+06  20.7665 5.338 3.731 0.611506 0.348437 0.008796 0.003850 0.020482  3.731 -4.470
23 5.6790815E+06  19.7004 5.346 3.733 0.592010 0.367894 0.007634 0.006206 0.019307  3.733 -4.455
24 5.7080560E+06  18.6747 5.350 3.735 0.591708 0.368198 0.007624 0.006230 0.019292  3.735 -4.447
25 5.7351835E+06  17.7066 5.352 3.740 0.571969 0.387956 0.007013 0.007796 0.018337  3.740 -4.448
26 5.7614850E+06  16.7665 5.354 3.743 0.564868 0.395063 0.006793 0.008360 0.017993  3.743 -4.445
27 5.7888515E+06  15.7815 5.357 3.747 0.559069 0.400868 0.006612 0.008821 0.017713  3.747 -4.442
28 5.8162830E+06  14.7902 5.359 3.744 0.551921 0.408023 0.006390 0.009389 0.017368  3.744 -4.437
29 5.8433410E+06  13.8081 5.360 3.755 0.528036 0.431928 0.005649 0.011276 0.016228  3.755 -4.445
30 5.8697285E+06  12.8764 5.359 3.769 0.485292 0.474708 0.004353 0.014578 0.014245  3.769 -4.464
31 5.9091805E+06  11.6452 5.357 3.816 0.346616 0.613489 0.000388 0.024767 0.008147  3.816 -4.539
32 5.9346740E+06  10.9611 5.342 3.844 0.346616 0.613489 0.000388 0.024767 0.008147  3.844 -4.620
33 5.9773325E+06   9.3671 5.180 4.607 0.000000 0.960943 0.000634 0.029936 0.001829  5.061 -4.791
34 6.0046830E+06   8.9499 5.154 4.616 0.000000 0.960942 0.000634 0.029926 0.001840  5.060 -4.840
35 6.0331275E+06   8.5621 5.130 4.626 0.000000 0.960948 0.000688 0.029820 0.001870  5.059 -4.889
36 6.0632785E+06   8.1940 5.106 4.635 0.000000 0.960946 0.000700 0.029769 0.001908  5.061 -4.936
37 6.0963725E+06   7.8326 5.082 4.646 0.000000 0.960939 0.000668 0.029819 0.001908  5.063 -4.985
38 6.1322465E+06   7.4415 5.055 4.638 0.000000 0.436615 0.400805 0.000362 0.109885  5.100 -4.818
39 6.1736005E+06   6.8738 5.004 4.656 0.000000 0.401006 0.418180 0.000000 0.127572  5.102 -4.904
40 6.2205160E+06   6.3459 4.955 4.678 0.000000 0.324021 0.447142 0.000000 0.175532  5.109 -4.990
41 6.2431530E+06   6.1254 4.936 4.691 0.000000 0.286877 0.455250 0.000000 0.204533  5.115 -5.030
42 6.2661875E+06   5.9200 4.924 4.708 0.000000 0.260049 0.458127 0.000000 0.228452  5.129 -5.068
43 6.2802450E+06   5.8031 4.961 4.744 0.000000 0.242541 0.458411 0.000000 0.245652  5.174 -5.091
44 6.2881615E+06   5.7397 5.059 4.800 0.000000 0.232329 0.457937 0.000000 0.256322  5.247 -5.103
45 6.2935110E+06   5.6979 5.175 4.805 0.000000 0.224438 0.457245 0.000000 0.264892  5.219 -5.111
46 6.2942990E+06   5.6918 5.196 4.804 0.000000 0.223437 0.457130 0.000000 0.266006  5.211 -5.112
47 6.2948005E+06   5.6879 5.211 4.801 0.000000 0.222814 0.457059 0.000000 0.266700  5.201 -5.113
48 6.2948720E+06   5.6873 5.212 4.800 0.000000 0.222726 0.457049 0.000000 0.266798  5.199 -5.113
49 6.2948960E+06   5.6872 5.213 4.800 0.000000 0.222696 0.457045 0.000000 0.266830  5.198 -5.113
50 6.2949380E+06   5.6868 5.217 4.800 0.000000 0.222645 0.457040 0.000000 0.266887  5.198 -5.113
51 6.2950025E+06   5.6863 5.222 4.801 0.000000 0.222566 0.457031 0.000000 0.266975  5.198 -5.113

   20.00 WR

 1 6.9061250E+04  19.9891 4.703 4.538 0.620000 0.340000 0.009730 0.002474 0.021073  4.538 -6.823
 2 1.1382100E+06  19.8172 4.734 4.530 0.620000 0.340000 0.009730 0.002474 0.021073  4.530 -6.766
 3 2.1462715E+06  19.6313 4.766 4.521 0.620000 0.340000 0.009730 0.002474 0.021073  4.521 -6.704
 4 3.0281515E+06  19.4440 4.797 4.512 0.620000 0.340000 0.009730 0.002474 0.021073  4.512 -6.643
 5 3.8165253E+06  19.2502 4.828 4.500 0.620000 0.340000 0.009730 0.002474 0.021073  4.500 -6.578
 6 4.7242810E+06  18.9840 4.867 4.481 0.620000 0.340000 0.009730 0.002474 0.021073  4.481 -6.489
 7 5.4951415E+06  18.7052 4.904 4.455 0.620000 0.340000 0.009730 0.002474 0.021073  4.455 -6.395
 8 5.9939205E+06  18.4867 4.931 4.430 0.620000 0.340000 0.009730 0.002474 0.021073  4.430 -6.322
 9 6.4328455E+06  18.2592 4.956 4.399 0.620000 0.340000 0.009730 0.002474 0.021073  4.399 -6.249
10 6.6984450E+06  18.0998 4.974 4.374 0.620000 0.340000 0.009730 0.002474 0.021073  4.374 -6.196
11 6.9703040E+06  17.9136 4.996 4.351 0.620000 0.340000 0.009730 0.002474 0.021073  4.351 -6.134
12 7.0515470E+06  17.8527 5.021 4.377 0.620000 0.340000 0.009730 0.002474 0.021073  4.377 -6.111
13 7.0577170E+06  17.8477 5.059 4.404 0.620000 0.340000 0.009730 0.002474 0.021073  4.404 -6.066
14 7.0589800E+06  17.8467 5.056 4.406 0.620000 0.340000 0.009730 0.002474 0.021073  4.406 -6.075
15 7.0650570E+06  17.8409 5.067 4.264 0.620000 0.340000 0.009730 0.002474 0.021073  4.264 -5.919
16 7.0681440E+06  17.8363 5.068 4.125 0.620000 0.340000 0.009730 0.002474 0.021073  4.125 -5.720
17 7.0701430E+06  17.8311 5.060 3.983 0.620000 0.340000 0.009730 0.002474 0.021073  3.983 -5.444
18 7.0715005E+06  17.8244 5.045 3.841 0.620000 0.340000 0.009730 0.002474 0.021073  3.841 -5.188
19 7.0724590E+06  17.8171 5.016 3.702 0.620000 0.340000 0.009730 0.002474 0.021073  3.702 -5.097
20 7.0735885E+06  17.8100 4.929 3.577 0.620000 0.340000 0.009730 0.002474 0.021073  3.577 -5.325
21 7.0752270E+06  17.8017 5.006 3.555 0.619480 0.340503 0.009517 0.002594 0.021041  3.555 -5.250
22 7.0850830E+06  17.7317 5.085 3.555 0.581601 0.378304 0.007422 0.006635 0.019048  3.555 -5.130
23 7.1238585E+06  17.4334 5.098 3.555 0.579199 0.380707 0.007333 0.006847 0.018930  3.555 -5.109
24 7.1597250E+06  17.1509 5.103 3.555 0.579199 0.380707 0.007333 0.006847 0.018930  3.555 -5.099
25 7.1945860E+06  16.8704 5.109 3.554 0.579199 0.380707 0.007333 0.006847 0.018930  3.554 -5.091
26 7.2294165E+06  16.5844 5.114 3.554 0.579199 0.380707 0.007333 0.006847 0.018930  3.554 -5.082
27 7.2661435E+06  16.2766 5.120 3.554 0.579199 0.380707 0.007333 0.006847 0.018930  3.554 -5.073
28 7.2983960E+06  16.0011 5.124 3.554 0.579199 0.380707 0.007333 0.006847 0.018930  3.554 -5.064
29 7.3348415E+06  15.6837 5.129 3.554 0.579199 0.380707 0.007333 0.006847 0.018930  3.554 -5.056
30 7.3679490E+06  15.3902 5.134 3.554 0.579199 0.380707 0.007333 0.006847 0.018930  3.554 -5.049
31 7.4037925E+06  15.0667 5.138 3.553 0.579199 0.380707 0.007333 0.006847 0.018930  3.553 -5.041
32 7.4404375E+06  14.7300 5.143 3.553 0.579199 0.380707 0.007333 0.006847 0.018930  3.553 -5.033
33 7.4797830E+06  14.3612 5.147 3.553 0.579199 0.380707 0.007333 0.006847 0.018930  3.553 -5.024
34 7.5185975E+06  13.9902 5.152 3.553 0.579199 0.380707 0.007333 0.006847 0.018930  3.553 -5.015
35 7.5601845E+06  13.5847 5.157 3.553 0.579199 0.380707 0.007333 0.006847 0.018930  3.553 -5.007
36 7.6023985E+06  13.1640 5.162 3.553 0.579199 0.380707 0.007333 0.006847 0.018930  3.553 -4.996
37 7.6494180E+06  12.6837 5.168 3.554 0.579199 0.380707 0.007333 0.006847 0.018930  3.554 -4.984
38 7.6955285E+06  12.1996 5.174 3.554 0.579199 0.380707 0.007333 0.006847 0.018930  3.554 -4.973
39 7.7448145E+06  11.6655 5.181 3.554 0.577427 0.382478 0.007268 0.007002 0.018843  3.554 -4.958
40 7.7941235E+06  11.1105 5.188 3.557 0.558271 0.401635 0.006579 0.008647 0.017925  3.557 -4.939
41 7.8149290E+06  10.8663 5.192 3.559 0.547139 0.412768 0.006183 0.009595 0.017396  3.559 -4.921
42 7.8364955E+06  10.6009 5.201 3.564 0.527655 0.432253 0.005490 0.011253 0.016469  3.564 -4.895
43 7.8481850E+06  10.4463 5.217 3.570 0.496316 0.463594 0.004375 0.013922 0.014977  3.570 -4.847
44 7.8560795E+06  10.3156 5.249 3.571 0.486218 0.473692 0.004015 0.014781 0.014497  3.571 -4.779
45 7.8605250E+06  10.2338 5.295 3.574 0.476522 0.483388 0.003665 0.015614 0.014036  3.574 -4.670
46 7.8613460E+06  10.2156 5.304 3.574 0.475476 0.484434 0.003628 0.015703 0.013986  3.574 -4.650
47 7.8615740E+06  10.2104 5.309 3.574 0.475045 0.484865 0.003613 0.015739 0.013966  3.574 -4.651
48 7.8616065E+06  10.2097 5.308 3.574 0.475043 0.484867 0.003613 0.015739 0.013966  3.574 -4.636
49 7.8616280E+06  10.2092 5.308 3.574 0.475043 0.484867 0.003613 0.015739 0.013966  3.574 -4.673
50 7.8616635E+06  10.2084 5.308 3.574 0.474946 0.484964 0.003610 0.015747 0.013962  3.574 -4.675
51 7.8617215E+06  10.2071 5.300 3.574 0.474946 0.484964 0.003610 0.015747 0.013962  3.574 -4.657

   15.00 WR

 1 1.2000913E+05  14.9949 4.357 4.486 0.620000 0.340000 0.009730 0.002474 0.021073  4.486 -7.369
 2 1.6273238E+06  14.9258 4.392 4.479 0.620000 0.340000 0.009730 0.002474 0.021073  4.479 -7.309
 3 3.0386310E+06  14.8512 4.428 4.472 0.620000 0.340000 0.009730 0.002474 0.021073  4.472 -7.247
 4 4.3715325E+06  14.7692 4.466 4.464 0.620000 0.340000 0.009730 0.002474 0.021073  4.464 -7.179
 5 5.4692160E+06  14.6908 4.500 4.455 0.620000 0.340000 0.009730 0.002474 0.021073  4.455 -7.117
 6 6.7041100E+06  14.5868 4.544 4.439 0.620000 0.340000 0.009730 0.002474 0.021073  4.439 -7.035
 7 7.7478890E+06  14.4815 4.584 4.418 0.620000 0.340000 0.009730 0.002474 0.021073  4.418 -6.959
 8 8.4535430E+06  14.3976 4.615 4.398 0.620000 0.340000 0.009730 0.002474 0.021073  4.398 -6.895
 9 9.0268860E+06  14.3189 4.643 4.376 0.620000 0.340000 0.009730 0.002474 0.021073  4.376 -6.834
10 9.3885340E+06  14.2628 4.663 4.359 0.620000 0.340000 0.009730 0.002474 0.021073  4.359 -6.789
11 9.7192030E+06  14.2058 4.685 4.348 0.620000 0.340000 0.009730 0.002474 0.021073  4.348 -6.740
12 9.8649220E+06  14.1782 4.716 4.375 0.620000 0.340000 0.009730 0.002474 0.021073  4.375 -6.690
13 9.8755860E+06  14.1759 4.757 4.403 0.620000 0.340000 0.009730 0.002474 0.021073  4.403 -6.621
14 9.8792680E+06  14.1751 4.736 4.384 0.620000 0.340000 0.009730 0.002474 0.021073  4.384 -6.654
15 9.8874100E+06  14.1729 4.763 4.238 0.620000 0.340000 0.009730 0.002474 0.021073  4.238 -6.493
16 9.8922910E+06  14.1710 4.749 4.091 0.620000 0.340000 0.009730 0.002474 0.021073  4.091 -6.301
17 9.8952000E+06  14.1691 4.710 3.943 0.620000 0.340000 0.009730 0.002474 0.021073  3.943 -6.059
18 9.8970310E+06  14.1670 4.649 3.787 0.620000 0.340000 0.009730 0.002474 0.021073  3.787 -5.848
19 9.8981080E+06  14.1654 4.535 3.640 0.620000 0.340000 0.009730 0.002474 0.021073  3.640 -5.845
20 9.8990780E+06  14.1642 4.417 3.583 0.619999 0.340000 0.009727 0.002474 0.021073  3.583 -5.944
21 9.9043440E+06  14.1487 4.829 3.556 0.567407 0.392412 0.006393 0.008478 0.018367  3.556 -5.486
22 9.9177310E+06  14.1061 4.812 3.556 0.567407 0.392412 0.006393 0.008478 0.018367  3.556 -5.505
23 9.9737660E+06  13.9503 4.714 3.561 0.567407 0.392412 0.006393 0.008478 0.018367  3.561 -5.609
24 1.0023575E+07  13.8340 4.681 3.563 0.567407 0.392412 0.006393 0.008478 0.018367  3.563 -5.643
25 1.0073384E+07  13.7220 4.675 3.564 0.567407 0.392412 0.006393 0.008478 0.018367  3.564 -5.650
26 1.0125684E+07  13.6044 4.677 3.563 0.567407 0.392412 0.006393 0.008478 0.018367  3.563 -5.648
27 1.0173002E+07  13.4977 4.678 3.563 0.567407 0.392412 0.006393 0.008478 0.018367  3.563 -5.647
28 1.0227792E+07  13.3738 4.680 3.563 0.567407 0.392412 0.006393 0.008478 0.018367  3.563 -5.645
29 1.0274414E+07  13.2680 4.681 3.563 0.567407 0.392412 0.006393 0.008478 0.018367  3.563 -5.643
30 1.0328656E+07  13.1445 4.683 3.563 0.567407 0.392412 0.006393 0.008478 0.018367  3.563 -5.642
31 1.0400768E+07  12.9793 4.686 3.563 0.567407 0.392412 0.006393 0.008478 0.018367  3.563 -5.638
32 1.0422646E+07  12.9290 4.687 3.563 0.567407 0.392412 0.006393 0.008478 0.018367  3.563 -5.638
33 1.0480986E+07  12.7942 4.689 3.563 0.567407 0.392412 0.006393 0.008478 0.018367  3.563 -5.635
34 1.0528388E+07  12.6842 4.691 3.563 0.567407 0.392412 0.006393 0.008478 0.018367  3.563 -5.633
35 1.0590374E+07  12.5397 4.693 3.562 0.567407 0.392412 0.006393 0.008478 0.018367  3.562 -5.632
36 1.0637776E+07  12.4288 4.695 3.561 0.567407 0.392412 0.006393 0.008478 0.018367  3.561 -5.629
37 1.0694147E+07  12.2962 4.698 3.561 0.567407 0.392412 0.006393 0.008478 0.018367  3.561 -5.627
38 1.0763253E+07  12.1324 4.702 3.560 0.567407 0.392412 0.006393 0.008478 0.018367  3.560 -5.623
39 1.0821031E+07  11.9940 4.707 3.559 0.567407 0.392412 0.006393 0.008478 0.018367  3.559 -5.618
40 1.0886369E+07  11.8349 4.717 3.558 0.567407 0.392412 0.006393 0.008478 0.018367  3.558 -5.609
41 1.0914903E+07  11.7642 4.723 3.558 0.567407 0.392412 0.006393 0.008478 0.018367  3.558 -5.602
42 1.0946403E+07  11.6843 4.738 3.557 0.567407 0.392412 0.006393 0.008478 0.018367  3.557 -5.588
43 1.0963946E+07  11.6375 4.777 3.555 0.567407 0.392412 0.006393 0.008478 0.018367  3.555 -5.546
44 1.0982771E+07  11.5734 4.931 3.550 0.567378 0.392424 0.006282 0.008603 0.018366  3.550 -5.367
45 1.0989408E+07  11.5426 4.979 3.549 0.567266 0.392529 0.006232 0.008672 0.018357  3.549 -5.304
46 1.0989533E+07  11.5420 4.980 3.549 0.567260 0.392534 0.006231 0.008674 0.018356  3.549 -5.303
47 1.0990891E+07  11.5352 4.981 3.549 0.567232 0.392562 0.006226 0.008682 0.018354  3.549 -5.302
48 1.0991264E+07  11.5333 4.982 3.549 0.567198 0.392595 0.006222 0.008690 0.018351  3.549 -5.301
49 1.0991496E+07  11.5321 4.984 3.549 0.567183 0.392610 0.006220 0.008693 0.018350  3.549 -5.298
50 1.0991645E+07  11.5314 4.986 3.549 0.567157 0.392636 0.006217 0.008699 0.018348  3.549 -5.296
51 1.0992007E+07  11.5295 4.988 3.549 0.567125 0.392668 0.006214 0.008705 0.018345  3.549 -5.293

   12.00 WR

 1 1.6121227E+05  11.9985 4.066 4.440 0.620000 0.340000 0.009730 0.002474 0.021073  4.440 -8.031
 2 2.3069755E+06  11.9764 4.104 4.434 0.620000 0.340000 0.009730 0.002474 0.021073  4.434 -7.949
 3 4.2511235E+06  11.9523 4.143 4.428 0.620000 0.340000 0.009730 0.002474 0.021073  4.428 -7.870
 4 6.0267785E+06  11.9259 4.182 4.421 0.620000 0.340000 0.009730 0.002474 0.021073  4.421 -7.790
 5 7.6015380E+06  11.8977 4.222 4.412 0.620000 0.340000 0.009730 0.002474 0.021073  4.412 -7.712
 6 9.3862660E+06  11.8585 4.272 4.397 0.620000 0.340000 0.009730 0.002474 0.021073  4.397 -7.611
 7 1.0751058E+07  11.8215 4.315 4.380 0.620000 0.340000 0.009730 0.002474 0.021073  4.380 -7.527
 8 1.1695913E+07  11.7909 4.348 4.362 0.620000 0.340000 0.009730 0.002474 0.021073  4.362 -7.459
 9 1.2438150E+07  11.7632 4.377 4.344 0.620000 0.340000 0.009730 0.002474 0.021073  4.344 -7.399
10 1.2914515E+07  11.7431 4.398 4.331 0.620000 0.340000 0.009730 0.002474 0.021073  4.331 -7.354
11 1.3232092E+07  11.7284 4.414 4.324 0.620000 0.340000 0.009730 0.002474 0.021073  4.324 -7.317
12 1.3485645E+07  11.7154 4.446 4.347 0.620000 0.340000 0.009730 0.002474 0.021073  4.347 -7.245
13 1.3508863E+07  11.7140 4.492 4.380 0.620000 0.340000 0.009730 0.002474 0.021073  4.380 -7.143
14 1.3513630E+07  11.7137 4.461 4.356 0.620000 0.340000 0.009730 0.002474 0.021073  4.356 -7.212
15 1.3525809E+07  11.7128 4.496 4.214 0.620000 0.340000 0.009730 0.002474 0.021073  4.214 -7.065
16 1.3532935E+07  11.7121 4.470 4.074 0.620000 0.340000 0.009730 0.002474 0.021073  4.074 -6.906
17 1.3536735E+07  11.7115 4.421 3.943 0.620000 0.340000 0.009730 0.002474 0.021073  3.943 -6.711
18 1.3539110E+07  11.7109 4.354 3.808 0.620000 0.340000 0.009730 0.002474 0.021073  3.808 -6.504
19 1.3540773E+07  11.7102 4.200 3.642 0.620000 0.340000 0.009730 0.002474 0.021073  3.642 -6.342
20 1.3541628E+07  11.7099 4.074 3.604 0.620000 0.340000 0.009730 0.002474 0.021073  3.604 -6.462
21 1.3556575E+07  11.6817 4.652 3.553 0.585304 0.374442 0.006601 0.007516 0.019194  3.553 -5.680
22 1.3573909E+07  11.6459 4.642 3.553 0.585304 0.374442 0.006601 0.007516 0.019194  3.553 -5.689
23 1.3658423E+07  11.4877 4.545 3.557 0.585304 0.374442 0.006601 0.007516 0.019194  3.557 -5.784
24 1.3734040E+07  11.3769 4.458 3.563 0.585304 0.374442 0.006601 0.007516 0.019194  3.563 -5.872
25 1.3803719E+07  11.2883 4.421 3.566 0.585304 0.374442 0.006601 0.007516 0.019194  3.566 -5.913
26 1.3874421E+07  11.2039 4.407 3.567 0.585304 0.374442 0.006601 0.007516 0.019194  3.567 -5.930
27 1.3948337E+07  11.1176 4.405 3.570 0.585304 0.374442 0.006601 0.007516 0.019194  3.570 -5.934
28 1.4012934E+07  11.0424 4.407 3.569 0.585304 0.374442 0.006601 0.007516 0.019194  3.569 -5.931
29 1.4087171E+07  10.9551 4.409 3.568 0.585304 0.374442 0.006601 0.007516 0.019194  3.568 -5.927
30 1.4150948E+07  10.8795 4.411 3.567 0.585304 0.374442 0.006601 0.007516 0.019194  3.567 -5.925
31 1.4214724E+07  10.8034 4.413 3.567 0.585304 0.374442 0.006601 0.007516 0.019194  3.567 -5.922
32 1.4292673E+07  10.7097 4.416 3.566 0.585304 0.374442 0.006601 0.007516 0.019194  3.566 -5.918
33 1.4359993E+07  10.6282 4.419 3.566 0.585304 0.374442 0.006601 0.007516 0.019194  3.566 -5.916
34 1.4437942E+07  10.5332 4.421 3.565 0.585304 0.374442 0.006601 0.007516 0.019194  3.565 -5.913
35 1.4505262E+07  10.4505 4.424 3.565 0.585304 0.374442 0.006601 0.007516 0.019194  3.565 -5.909
36 1.4576125E+07  10.3628 4.426 3.564 0.585304 0.374442 0.006601 0.007516 0.019194  3.564 -5.906
37 1.4661161E+07  10.2567 4.430 3.563 0.585304 0.374442 0.006601 0.007516 0.019194  3.563 -5.902
38 1.4732024E+07  10.1674 4.434 3.562 0.585304 0.374442 0.006601 0.007516 0.019194  3.562 -5.896
39 1.4809973E+07  10.0677 4.440 3.562 0.585304 0.374442 0.006601 0.007516 0.019194  3.562 -5.890
40 1.4898551E+07   9.9520 4.451 3.560 0.585304 0.374442 0.006601 0.007516 0.019194  3.560 -5.877
41 1.4939935E+07   9.8965 4.460 3.559 0.585304 0.374442 0.006601 0.007516 0.019194  3.559 -5.867
42 1.4980288E+07   9.8407 4.478 3.558 0.585304 0.374442 0.006601 0.007516 0.019194  3.558 -5.850
43 1.5005052E+07   9.8043 4.528 3.555 0.585304 0.374442 0.006601 0.007516 0.019194  3.555 -5.801
44 1.5044000E+07   9.7295 4.723 3.546 0.585261 0.374467 0.006483 0.007652 0.019191  3.546 -5.614
45 1.5050912E+07   9.7121 4.749 3.545 0.585202 0.374522 0.006459 0.007686 0.019186  3.545 -5.588
46 1.5052496E+07   9.7080 4.753 3.545 0.585179 0.374545 0.006454 0.007694 0.019184  3.545 -5.583
47 1.5054330E+07   9.7032 4.756 3.545 0.585138 0.374585 0.006447 0.007705 0.019181  3.545 -5.581
48 1.5055954E+07   9.6989 4.769 3.545 0.585049 0.374673 0.006437 0.007724 0.019173  3.545 -5.567
49 1.5056941E+07   9.6962 4.778 3.544 0.584972 0.374750 0.006431 0.007737 0.019167  3.544 -5.559
50 1.5057427E+07   9.6948 4.782 3.544 0.584927 0.374795 0.006428 0.007743 0.019164  3.544 -5.555
51 1.5058205E+07   9.6926 4.779 3.544 0.584892 0.374830 0.006426 0.007748 0.019161  3.544 -5.558

    9.00 WR

 1 2.0937102E+05   8.9999 3.663 4.373 0.620000 0.340000 0.009730 0.002474 0.021073  4.373 -9.565
 2 3.9030793E+06   8.9988 3.702 4.367 0.620000 0.340000 0.009730 0.002474 0.021073  4.367 -9.446
 3 7.2267590E+06   8.9974 3.744 4.361 0.620000 0.340000 0.009730 0.002474 0.021073  4.361 -9.327
 4 1.0196076E+07   8.9958 3.787 4.355 0.620000 0.340000 0.009730 0.002474 0.021073  4.355 -9.212
 5 1.2688103E+07   8.9941 3.826 4.347 0.620000 0.340000 0.009730 0.002474 0.021073  4.347 -9.108
 6 1.5483418E+07   8.9915 3.875 4.335 0.620000 0.340000 0.009730 0.002474 0.021073  4.335 -8.981
 7 1.7808956E+07   8.9887 3.922 4.319 0.620000 0.340000 0.009730 0.002474 0.021073  4.319 -8.863
 8 1.9250210E+07   8.9866 3.954 4.304 0.620000 0.340000 0.009730 0.002474 0.021073  4.304 -8.782
 9 2.0528404E+07   8.9842 3.986 4.287 0.620000 0.340000 0.009730 0.002474 0.021073  4.287 -8.702
10 2.1229044E+07   8.9828 4.006 4.277 0.620000 0.340000 0.009730 0.002474 0.021073  4.277 -8.650
11 2.1735208E+07   8.9816 4.024 4.272 0.620000 0.340000 0.009730 0.002474 0.021073  4.272 -8.602
12 2.2144948E+07   8.9805 4.058 4.295 0.620000 0.340000 0.009730 0.002474 0.021073  4.295 -8.503
13 2.2192608E+07   8.9803 4.108 4.328 0.620000 0.340000 0.009730 0.002474 0.021073  4.328 -8.356
14 2.2196688E+07   8.9803 4.076 4.317 0.620000 0.340000 0.009730 0.002474 0.021073  4.317 -8.449
15 2.2216240E+07   8.9802 4.116 4.210 0.620000 0.340000 0.009730 0.002474 0.021073  4.210 -8.327
16 2.2232316E+07   8.9801 4.102 4.090 0.620000 0.340000 0.009730 0.002474 0.021073  4.090 -8.194
17 2.2241786E+07   8.9800 4.052 3.974 0.620000 0.340000 0.009730 0.002474 0.021073  3.974 -8.039
18 2.2247656E+07   8.9800 3.985 3.858 0.620000 0.340000 0.009730 0.002474 0.021073  3.858 -7.837
19 2.2251296E+07   8.9799 3.899 3.739 0.620000 0.340000 0.009730 0.002474 0.021073  3.739 -7.583
20 2.2255388E+07   8.9797 3.688 3.618 0.620000 0.340000 0.009730 0.002474 0.021073  3.618 -7.402
21 2.2295600E+07   8.9633 4.308 3.556 0.597713 0.361980 0.006777 0.006801 0.019829  3.556 -6.313
22 2.2318976E+07   8.9520 4.305 3.556 0.597713 0.361980 0.006777 0.006801 0.019829  3.556 -6.316
23 2.2492112E+07   8.8735 4.237 3.560 0.597713 0.361980 0.006777 0.006801 0.019829  3.560 -6.392
24 2.2625266E+07   8.8264 4.148 3.568 0.597713 0.361980 0.006777 0.006801 0.019829  3.568 -6.511
25 2.2754408E+07   8.7913 4.079 3.574 0.597713 0.361980 0.006777 0.006801 0.019829  3.574 -6.613
26 2.2882458E+07   8.7624 4.040 3.577 0.597713 0.361980 0.006777 0.006801 0.019829  3.577 -6.673
27 2.2995732E+07   8.7392 4.023 3.579 0.597713 0.361980 0.006777 0.006801 0.019829  3.579 -6.701
28 2.3121860E+07   8.7146 4.016 3.581 0.597713 0.361980 0.006777 0.006801 0.019829  3.581 -6.719
29 2.3225578E+07   8.6949 4.015 3.583 0.597713 0.361980 0.006777 0.006801 0.019829  3.583 -6.724
30 2.3337834E+07   8.6738 4.020 3.584 0.597713 0.361980 0.006777 0.006801 0.019829  3.584 -6.723
31 2.3444026E+07   8.6536 4.023 3.584 0.597713 0.361980 0.006777 0.006801 0.019829  3.584 -6.719
32 2.3579180E+07   8.6276 4.027 3.583 0.597713 0.361980 0.006777 0.006801 0.019829  3.583 -6.711
33 2.3692564E+07   8.6054 4.029 3.582 0.597713 0.361980 0.006777 0.006801 0.019829  3.582 -6.705
34 2.3810640E+07   8.5820 4.033 3.582 0.597713 0.361980 0.006777 0.006801 0.019829  3.582 -6.699
35 2.3966944E+07   8.5505 4.037 3.581 0.597713 0.361980 0.006777 0.006801 0.019829  3.581 -6.692
36 2.4076196E+07   8.5281 4.040 3.581 0.597713 0.361980 0.006777 0.006801 0.019829  3.581 -6.685
37 2.4192114E+07   8.5039 4.043 3.580 0.597713 0.361980 0.006777 0.006801 0.019829  3.580 -6.677
38 2.4321944E+07   8.4763 4.048 3.579 0.597713 0.361980 0.006777 0.006801 0.019829  3.579 -6.667
39 2.4451772E+07   8.4479 4.055 3.577 0.597713 0.361980 0.006777 0.006801 0.019829  3.577 -6.653
40 2.4591244E+07   8.4160 4.069 3.575 0.597713 0.361980 0.006777 0.006801 0.019829  3.575 -6.628
41 2.4655204E+07   8.4006 4.080 3.573 0.597713 0.361980 0.006777 0.006801 0.019829  3.573 -6.608
42 2.4721272E+07   8.3837 4.104 3.571 0.597713 0.361980 0.006777 0.006801 0.019829  3.571 -6.571
43 2.4761600E+07   8.3721 4.165 3.564 0.597713 0.361980 0.006777 0.006801 0.019829  3.564 -6.482
44 2.4881514E+07   8.3163 4.432 3.545 0.597583 0.362092 0.006657 0.006950 0.019819  3.545 -6.184
45 2.4884244E+07   8.3145 4.435 3.545 0.597523 0.362152 0.006650 0.006963 0.019814  3.545 -6.181
46 2.4885454E+07   8.3137 4.434 3.545 0.597477 0.362197 0.006646 0.006970 0.019810  3.545 -6.182
47 2.4886636E+07   8.3130 4.430 3.545 0.597408 0.362267 0.006642 0.006980 0.019805  3.545 -6.187
48 2.4889248E+07   8.3112 4.460 3.543 0.595622 0.364056 0.006611 0.007081 0.019733  3.543 -6.160
49 2.4889248E+07   8.3112 4.460 3.543 0.595622 0.364056 0.006611 0.007081 0.019733  3.543 -6.160
50 2.4889248E+07   8.3112 4.460 3.543 0.595622 0.364056 0.006611 0.007081 0.019733  3.543 -6.160
51 2.4889248E+07   8.3112 4.460 3.543 0.595622 0.364056 0.006611 0.007081 0.019733  3.543 -6.160

    7.00 WR

 1 6.9998669E+05   7.0000 3.290 4.309 0.620000 0.340000 0.009730 0.002474 0.021073  4.309-10.962
 2 6.3998785E+06   6.9999 3.324 4.303 0.620000 0.340000 0.009730 0.002474 0.021073  4.303-10.830
 3 1.2141769E+07   6.9998 3.365 4.297 0.620000 0.340000 0.009730 0.002474 0.021073  4.297-10.678
 4 1.7062426E+07   6.9997 3.405 4.290 0.620000 0.340000 0.009730 0.002474 0.021073  4.290-10.537
 5 2.1374380E+07   6.9995 3.444 4.282 0.620000 0.340000 0.009730 0.002474 0.021073  4.282-10.402
 6 2.6027352E+07   6.9993 3.491 4.270 0.620000 0.340000 0.009730 0.002474 0.021073  4.270-10.241
 7 2.9950508E+07   6.9991 3.537 4.254 0.620000 0.340000 0.009730 0.002474 0.021073  4.254-10.088
 8 3.2371840E+07   6.9988 3.569 4.240 0.620000 0.340000 0.009730 0.002474 0.021073  4.240 -9.980
 9 3.4377672E+07   6.9986 3.597 4.225 0.620000 0.340000 0.009730 0.002474 0.021073  4.225 -9.882
10 3.5632104E+07   6.9984 3.618 4.215 0.620000 0.340000 0.009730 0.002474 0.021073  4.215 -9.811
11 3.6394648E+07   6.9983 3.634 4.212 0.620000 0.340000 0.009730 0.002474 0.021073  4.212 -9.755
12 3.7081656E+07   6.9982 3.674 4.237 0.620000 0.340000 0.009730 0.002474 0.021073  4.237 -9.639
13 3.7159844E+07   6.9981 3.719 4.267 0.620000 0.340000 0.009730 0.002474 0.021073  4.267 -9.493
14 3.7169624E+07   6.9981 3.677 4.244 0.620000 0.340000 0.009730 0.002474 0.021073  4.244 -9.632
15 3.7204272E+07   6.9981 3.743 4.162 0.620000 0.340000 0.009730 0.002474 0.021073  4.162 -9.363
16 3.7241872E+07   6.9981 3.732 4.060 0.620000 0.340000 0.009730 0.002474 0.021073  4.060 -9.203
17 3.7265464E+07   6.9981 3.682 3.959 0.620000 0.340000 0.009730 0.002474 0.021073  3.959 -9.040
18 3.7280208E+07   6.9981 3.611 3.855 0.620000 0.340000 0.009730 0.002474 0.021073  3.855 -8.819
19 3.7288848E+07   6.9980 3.536 3.758 0.620000 0.340000 0.009730 0.002474 0.021073  3.758 -8.524
20 3.7300036E+07   6.9980 3.342 3.637 0.620000 0.340000 0.009730 0.002474 0.021073  3.637 -8.151
21 3.7426048E+07   6.9805 3.946 3.569 0.599009 0.360658 0.006756 0.006723 0.019954  3.569 -6.755
22 3.7769528E+07   6.9280 3.857 3.575 0.599009 0.360658 0.006756 0.006723 0.019954  3.575 -6.902
23 3.8027736E+07   6.9026 3.736 3.583 0.599009 0.360658 0.006756 0.006723 0.019954  3.583 -7.116
24 3.8271776E+07   6.8878 3.656 3.595 0.599009 0.360658 0.006756 0.006723 0.019954  3.595 -7.310
25 3.8515816E+07   6.8773 3.615 3.600 0.599009 0.360658 0.006756 0.006723 0.019954  3.600 -7.405
26 3.8716276E+07   6.8698 3.599 3.603 0.599009 0.360658 0.006756 0.006723 0.019954  3.603 -7.450
27 3.8925452E+07   6.8627 3.596 3.605 0.599009 0.360658 0.006756 0.006723 0.019954  3.605 -7.474
28 3.9167924E+07   6.8546 3.605 3.608 0.599009 0.360658 0.006756 0.006723 0.019954  3.608 -7.477
29 3.9351424E+07   6.8484 3.608 3.608 0.599009 0.360658 0.006756 0.006723 0.019954  3.608 -7.469
30 3.9541088E+07   6.8419 3.612 3.607 0.599009 0.360658 0.006756 0.006723 0.019954  3.607 -7.458
31 3.9743772E+07   6.8347 3.616 3.606 0.599009 0.360658 0.006756 0.006723 0.019954  3.606 -7.449
32 4.0005112E+07   6.8253 3.622 3.606 0.599009 0.360658 0.006756 0.006723 0.019954  3.606 -7.437
33 4.0217448E+07   6.8174 3.626 3.606 0.599009 0.360658 0.006756 0.006723 0.019954  3.606 -7.427
34 4.0495120E+07   6.8069 3.631 3.606 0.599009 0.360658 0.006756 0.006723 0.019954  3.606 -7.417
35 4.0707460E+07   6.7986 3.635 3.605 0.599009 0.360658 0.006756 0.006723 0.019954  3.605 -7.405
36 4.1017800E+07   6.7862 3.641 3.603 0.599009 0.360658 0.006756 0.006723 0.019954  3.603 -7.389
37 4.1246472E+07   6.7767 3.645 3.602 0.599009 0.360658 0.006756 0.006723 0.019954  3.602 -7.374
38 4.1475144E+07   6.7668 3.651 3.600 0.599009 0.360658 0.006756 0.006723 0.019954  3.600 -7.352
39 4.1725948E+07   6.7551 3.666 3.598 0.599009 0.360658 0.006756 0.006723 0.019954  3.598 -7.311
40 4.1841764E+07   6.7492 3.679 3.595 0.599009 0.360658 0.006756 0.006723 0.019954  3.595 -7.276
41 4.1955952E+07   6.7426 3.705 3.589 0.599009 0.360658 0.006756 0.006723 0.019954  3.589 -7.197
42 4.2020052E+07   6.7381 3.751 3.583 0.599009 0.360658 0.006756 0.006723 0.019954  3.583 -7.091
43 4.2034944E+07   6.7368 3.784 3.580 0.599009 0.360658 0.006756 0.006723 0.019954  3.580 -7.028
44 4.2057108E+07   6.7349 3.743 3.584 0.599009 0.360658 0.006756 0.006723 0.019954  3.584 -7.106
45 4.2058600E+07   6.7347 3.741 3.584 0.599009 0.360658 0.006756 0.006723 0.019954  3.584 -7.112
46 4.2115428E+07   6.7301 3.793 3.579 0.599009 0.360658 0.006756 0.006723 0.019954  3.579 -7.010
47 4.2157496E+07   6.7253 3.860 3.575 0.599009 0.360658 0.006756 0.006723 0.019954  3.575 -6.895
48 4.2203384E+07   6.7187 3.919 3.571 0.599009 0.360658 0.006756 0.006723 0.019954  3.571 -6.798
49 4.2257648E+07   6.7088 3.987 3.565 0.599009 0.360658 0.006756 0.006723 0.019954  3.565 -6.685
50 4.2299296E+07   6.6990 4.050 3.558 0.599005 0.360659 0.006735 0.006742 0.019954  3.558 -6.586
51 4.2336312E+07   6.6882 4.119 3.553 0.598978 0.360677 0.006676 0.006815 0.019953  3.553 -6.494

    5.00 WR

 1 9.3623219E+05   5.0000 2.755 4.216 0.620000 0.340000 0.009730 0.002474 0.021073  4.216-13.062
 2 1.4318410E+07   5.0000 2.791 4.210 0.620000 0.340000 0.009730 0.002474 0.021073  4.210-12.884
 3 2.7195256E+07   5.0000 2.829 4.203 0.620000 0.340000 0.009730 0.002474 0.021073  4.203-12.699
 4 3.8043712E+07   5.0000 2.866 4.195 0.620000 0.340000 0.009730 0.002474 0.021073  4.195-12.523
 5 4.7138576E+07   5.0000 2.900 4.186 0.620000 0.340000 0.009730 0.002474 0.021073  4.186-12.359
 6 5.7675744E+07   5.0000 2.943 4.173 0.620000 0.340000 0.009730 0.002474 0.021073  4.173-12.150
 7 6.6072760E+07   5.0000 2.981 4.156 0.620000 0.340000 0.009730 0.002474 0.021073  4.156-11.956
 8 7.1450352E+07   5.0000 3.007 4.142 0.620000 0.340000 0.009730 0.002474 0.021073  4.142-11.815
 9 7.6212752E+07   5.0000 3.032 4.125 0.620000 0.340000 0.009730 0.002474 0.021073  4.125-11.675
10 7.8899440E+07   5.0000 3.048 4.116 0.620000 0.340000 0.009730 0.002474 0.021073  4.116-11.587
11 8.0593000E+07   5.0000 3.062 4.113 0.620000 0.340000 0.009730 0.002474 0.021073  4.113-11.526
12 8.2082016E+07   4.9999 3.107 4.138 0.620000 0.340000 0.009730 0.002474 0.021073  4.138-11.446
13 8.2283344E+07   4.9999 3.150 4.169 0.620000 0.340000 0.009730 0.002474 0.021073  4.169-11.370
14 8.2299632E+07   4.9999 3.117 4.151 0.620000 0.340000 0.009730 0.002474 0.021073  4.151-11.447
15 8.2383176E+07   4.9999 3.185 4.097 0.620000 0.340000 0.009730 0.002474 0.021073  4.097-11.055
16 8.2490968E+07   4.9999 3.187 4.040 0.620000 0.340000 0.009730 0.002474 0.021073  4.040-10.853
17 8.2616000E+07   4.9999 3.140 3.941 0.620000 0.340000 0.009730 0.002474 0.021073  3.941-10.552
18 8.2697992E+07   4.9999 3.026 3.806 0.620000 0.340000 0.009730 0.002474 0.021073  3.806-10.034
19 8.2732504E+07   4.9999 2.916 3.709 0.620000 0.340000 0.009730 0.002474 0.021073  3.709 -9.485
20 8.2763976E+07   4.9999 2.802 3.665 0.620000 0.340000 0.009730 0.002474 0.021073  3.665 -9.235
21 8.2775416E+07   4.9999 2.833 3.652 0.619998 0.340000 0.009730 0.002474 0.021073  3.652 -9.066
22 8.2811176E+07   4.9998 3.057 3.622 0.619881 0.340042 0.009277 0.002737 0.021073  3.622 -8.485
23 8.3078536E+07   4.9958 3.446 3.590 0.600375 0.359255 0.006758 0.006587 0.020106  3.590 -7.605
24 8.4088536E+07   4.9779 3.270 3.603 0.600375 0.359255 0.006758 0.006587 0.020106  3.603 -7.988
25 8.5356800E+07   4.9719 3.033 3.630 0.600375 0.359255 0.006758 0.006587 0.020106  3.630 -8.590
26 8.6481408E+07   4.9696 3.000 3.642 0.600375 0.359255 0.006758 0.006587 0.020106  3.642 -8.750
27 8.7026960E+07   4.9686 3.006 3.643 0.600375 0.359255 0.006758 0.006587 0.020106  3.643 -8.752
28 8.7604592E+07   4.9675 3.011 3.641 0.600375 0.359255 0.006758 0.006587 0.020106  3.641 -8.733
29 8.8093360E+07   4.9666 3.016 3.641 0.600375 0.359255 0.006758 0.006587 0.020106  3.641 -8.724
30 8.8591016E+07   4.9657 3.021 3.641 0.600375 0.359255 0.006758 0.006587 0.020106  3.641 -8.715
31 8.9319720E+07   4.9642 3.029 3.641 0.600375 0.359255 0.006758 0.006587 0.020106  3.641 -8.699
32 8.9887936E+07   4.9631 3.034 3.640 0.600375 0.359255 0.006758 0.006587 0.020106  3.640 -8.687
33 9.0656888E+07   4.9615 3.042 3.640 0.600375 0.359255 0.006758 0.006587 0.020106  3.640 -8.669
34 9.1232632E+07   4.9602 3.048 3.639 0.600375 0.359255 0.006758 0.006587 0.020106  3.639 -8.656
35 9.3096912E+07   4.9559 3.065 3.637 0.600375 0.359255 0.006758 0.006587 0.020106  3.637 -8.613
36 9.3556920E+07   4.9547 3.069 3.636 0.600375 0.359255 0.006758 0.006587 0.020106  3.636 -8.598
37 9.4066528E+07   4.9534 3.074 3.635 0.600375 0.359255 0.006758 0.006587 0.020106  3.635 -8.576
38 9.4613768E+07   4.9519 3.081 3.632 0.600375 0.359255 0.006758 0.006587 0.020106  3.632 -8.543
39 9.5291152E+07   4.9498 3.098 3.628 0.600375 0.359255 0.006758 0.006587 0.020106  3.628 -8.478
40 9.5542040E+07   4.9490 3.112 3.626 0.600375 0.359255 0.006758 0.006587 0.020106  3.626 -8.439
41 9.5833064E+07   4.9478 3.144 3.622 0.600375 0.359255 0.006758 0.006587 0.020106  3.622 -8.350
42 9.6005912E+07   4.9468 3.235 3.610 0.600375 0.359255 0.006758 0.006587 0.020106  3.610 -8.101
43 9.6020416E+07   4.9467 3.268 3.605 0.600375 0.359255 0.006758 0.006587 0.020106  3.605 -8.010
44 9.6378816E+07   4.9434 3.325 3.600 0.600375 0.359255 0.006758 0.006587 0.020106  3.600 -7.874
45 9.6534696E+07   4.9409 3.399 3.596 0.600375 0.359255 0.006758 0.006587 0.020106  3.596 -7.725
46 9.6671096E+07   4.9376 3.478 3.588 0.600375 0.359255 0.006758 0.006587 0.020106  3.588 -7.534
47 9.6768520E+07   4.9340 3.549 3.580 0.600375 0.359255 0.006758 0.006587 0.020106  3.580 -7.365
48 9.6846464E+07   4.9300 3.615 3.576 0.600374 0.359255 0.006750 0.006593 0.020106  3.576 -7.240
49 9.6936096E+07   4.9236 3.702 3.570 0.600365 0.359258 0.006710 0.006640 0.020106  3.570 -7.079
50 9.7001568E+07   4.9169 3.776 3.562 0.600327 0.359292 0.006681 0.006678 0.020103  3.562 -6.937
51 9.7076792E+07   4.9060 3.855 3.555 0.592859 0.365367 0.006595 0.006949 0.019914  3.555 -6.791

    4.00   

 1 2.9999430E+06   4.0000 2.390 4.149 0.620000 0.340000 0.009730 0.002474 0.021073
 2 2.3229558E+07   4.0000 2.418 4.144 0.620000 0.340000 0.009730 0.002474 0.021073
 3 4.5909128E+07   4.0000 2.453 4.136 0.620000 0.340000 0.009730 0.002474 0.021073
 4 6.4992364E+07   4.0000 2.487 4.128 0.620000 0.340000 0.009730 0.002474 0.021073
 5 8.1604496E+07   4.0000 2.519 4.118 0.620000 0.340000 0.009730 0.002474 0.021073
 6 1.0062973E+08   4.0000 2.559 4.103 0.620000 0.340000 0.009730 0.002474 0.021073
 7 1.1569579E+08   4.0000 2.592 4.086 0.620000 0.340000 0.009730 0.002474 0.021073
 8 1.2551026E+08   4.0000 2.615 4.071 0.620000 0.340000 0.009730 0.002474 0.021073
 9 1.3407364E+08   4.0000 2.635 4.054 0.620000 0.340000 0.009730 0.002474 0.021073
10 1.3887485E+08   4.0000 2.648 4.044 0.620000 0.340000 0.009730 0.002474 0.021073
11 1.4236845E+08   4.0000 2.664 4.041 0.620000 0.340000 0.009730 0.002474 0.021073
12 1.4515310E+08   4.0000 2.783 4.103 0.620000 0.340000 0.009730 0.002474 0.021073
13 1.4518158E+08   4.0000 2.746 4.094 0.620000 0.340000 0.009730 0.002474 0.021073
14 1.4520192E+08   4.0000 2.728 4.083 0.620000 0.340000 0.009730 0.002474 0.021073
15 1.4541685E+08   4.0000 2.793 4.025 0.620000 0.340000 0.009730 0.002474 0.021073
16 1.4572267E+08   4.0000 2.775 3.957 0.620000 0.340000 0.009730 0.002474 0.021073
17 1.4591805E+08   4.0000 2.726 3.888 0.620000 0.340000 0.009730 0.002474 0.021073
18 1.4603282E+08   4.0000 2.664 3.822 0.620000 0.340000 0.009730 0.002474 0.021073
19 1.4611264E+08   4.0000 2.588 3.755 0.620000 0.340000 0.009730 0.002474 0.021073
20 1.4625357E+08   4.0000 2.404 3.682 0.620000 0.340000 0.009730 0.002474 0.021073
21 1.4687446E+08   3.9984 3.103 3.604 0.600265 0.359328 0.006730 0.006518 0.020183
22 1.4717382E+08   3.9964 3.090 3.606 0.600262 0.359332 0.006730 0.006518 0.020183
23 1.4888869E+08   3.9894 2.820 3.632 0.600262 0.359332 0.006730 0.006518 0.020183
24 1.5032693E+08   3.9873 2.634 3.650 0.600262 0.359332 0.006730 0.006518 0.020183
25 1.5154466E+08   3.9862 2.583 3.658 0.600262 0.359332 0.006730 0.006518 0.020183
26 1.5282309E+08   3.9851 2.576 3.662 0.600262 0.359332 0.006730 0.006518 0.020183
27 1.5394811E+08   3.9842 2.584 3.661 0.600262 0.359332 0.006730 0.006518 0.020183
28 1.5503632E+08   3.9832 2.589 3.661 0.600262 0.359332 0.006730 0.006518 0.020183
29 1.5611328E+08   3.9823 2.594 3.661 0.600262 0.359332 0.006730 0.006518 0.020183
30 1.5723166E+08   3.9813 2.599 3.661 0.600262 0.359332 0.006730 0.006518 0.020183
31 1.5847430E+08   3.9802 2.606 3.660 0.600262 0.359332 0.006730 0.006518 0.020183
32 1.5972482E+08   3.9790 2.612 3.660 0.600262 0.359332 0.006730 0.006518 0.020183
33 1.6127853E+08   3.9776 2.620 3.660 0.600262 0.359332 0.006730 0.006518 0.020183
34 1.6279365E+08   3.9761 2.628 3.659 0.600262 0.359332 0.006730 0.006518 0.020183
35 1.6449874E+08   3.9743 2.638 3.659 0.600262 0.359332 0.006730 0.006518 0.020183
36 1.6636730E+08   3.9724 2.648 3.658 0.600262 0.359332 0.006730 0.006518 0.020183
37 1.6877898E+08   3.9697 2.661 3.657 0.600262 0.359332 0.006730 0.006518 0.020183
38 1.7020501E+08   3.9681 2.671 3.655 0.600262 0.359332 0.006730 0.006518 0.020183
39 1.7159174E+08   3.9664 2.682 3.653 0.600262 0.359332 0.006730 0.006518 0.020183
40 1.7470062E+08   3.9624 2.714 3.649 0.600262 0.359332 0.006730 0.006518 0.020183
41 1.7513787E+08   3.9618 2.732 3.646 0.600262 0.359332 0.006730 0.006518 0.020183
42 1.7563389E+08   3.9610 2.776 3.641 0.600262 0.359332 0.006730 0.006518 0.020183
43 1.7593539E+08   3.9603 2.909 3.624 0.600262 0.359332 0.006730 0.006518 0.020183
44 1.7691035E+08   3.9572 3.002 3.616 0.600262 0.359332 0.006730 0.006518 0.020183
45 1.7723053E+08   3.9555 3.102 3.605 0.600262 0.359332 0.006730 0.006518 0.020183
46 1.7749246E+08   3.9533 3.206 3.598 0.600262 0.359332 0.006730 0.006518 0.020183
47 1.7769621E+08   3.9508 3.311 3.588 0.600262 0.359332 0.006729 0.006518 0.020183
48 1.7787085E+08   3.9475 3.421 3.578 0.600256 0.359333 0.006701 0.006549 0.020183
49 1.7801638E+08   3.9434 3.525 3.571 0.600243 0.359342 0.006674 0.006581 0.020182
50 1.7813571E+08   3.9384 3.619 3.563 0.600168 0.359414 0.006655 0.006609 0.020177
51 1.7824981E+08   3.9313 3.729 3.548 0.599510 0.360073 0.006638 0.006655 0.020148

    3.00   

 1 4.9999050E+06   3.0000 1.898 4.061 0.620000 0.340000 0.009730 0.002474 0.021073
 2 5.3809776E+07   3.0000 1.924 4.054 0.620000 0.340000 0.009730 0.002474 0.021073
 3 1.0050521E+08   3.0000 1.954 4.046 0.620000 0.340000 0.009730 0.002474 0.021073
 4 1.4300154E+08   3.0000 1.983 4.036 0.620000 0.340000 0.009730 0.002474 0.021073
 5 1.7969578E+08   3.0000 2.010 4.026 0.620000 0.340000 0.009730 0.002474 0.021073
 6 2.2120701E+08   3.0000 2.041 4.010 0.620000 0.340000 0.009730 0.002474 0.021073
 7 2.5639366E+08   3.0000 2.066 3.991 0.620000 0.340000 0.009730 0.002474 0.021073
 8 2.7931130E+08   3.0000 2.083 3.974 0.620000 0.340000 0.009730 0.002474 0.021073
 9 2.9905216E+08   3.0000 2.096 3.956 0.620000 0.340000 0.009730 0.002474 0.021073
10 3.1059514E+08   3.0000 2.105 3.945 0.620000 0.340000 0.009730 0.002474 0.021073
11 3.1834109E+08   3.0000 2.119 3.942 0.620000 0.340000 0.009730 0.002474 0.021073
12 3.2528256E+08   3.0000 2.261 4.009 0.620000 0.340000 0.009730 0.002474 0.021073
13 3.2536422E+08   3.0000 2.208 3.995 0.620000 0.340000 0.009730 0.002474 0.021073
14 3.2541632E+08   3.0000 2.207 3.984 0.620000 0.340000 0.009730 0.002474 0.021073
15 3.2582774E+08   3.0000 2.255 3.945 0.620000 0.340000 0.009730 0.002474 0.021073
16 3.2654973E+08   3.0000 2.243 3.898 0.620000 0.340000 0.009730 0.002474 0.021073
17 3.2713136E+08   3.0000 2.210 3.850 0.620000 0.340000 0.009730 0.002474 0.021073
18 3.2751238E+08   3.0000 2.164 3.802 0.620000 0.340000 0.009730 0.002474 0.021073
19 3.2781325E+08   3.0000 2.100 3.757 0.620000 0.340000 0.009730 0.002474 0.021073
20 3.2845501E+08   3.0000 1.884 3.701 0.619999 0.340000 0.009730 0.002474 0.021073
21 3.3070874E+08   2.9985 2.717 3.619 0.600329 0.359197 0.006704 0.006430 0.020299
22 3.3146086E+08   2.9971 2.624 3.626 0.600329 0.359197 0.006704 0.006430 0.020299
23 3.3577424E+08   2.9947 2.101 3.674 0.600329 0.359197 0.006704 0.006430 0.020299
24 3.3972259E+08   2.9940 2.054 3.679 0.600329 0.359197 0.006704 0.006430 0.020299
25 3.4339866E+08   2.9934 2.062 3.679 0.600329 0.359197 0.006704 0.006430 0.020299
26 3.4734704E+08   2.9927 2.069 3.679 0.600329 0.359197 0.006704 0.006430 0.020299
27 3.5075078E+08   2.9921 2.075 3.679 0.600329 0.359197 0.006704 0.006430 0.020299
28 3.5415456E+08   2.9915 2.082 3.679 0.600329 0.359197 0.006704 0.006430 0.020299
29 3.5728602E+08   2.9909 2.087 3.678 0.600329 0.359197 0.006704 0.006430 0.020299
30 3.6126022E+08   2.9902 2.095 3.678 0.600329 0.359197 0.006704 0.006430 0.020299
31 3.6412758E+08   2.9896 2.101 3.678 0.600329 0.359197 0.006704 0.006430 0.020299
32 3.6878336E+08   2.9887 2.110 3.678 0.600329 0.359197 0.006704 0.006430 0.020299
33 3.7375536E+08   2.9876 2.121 3.677 0.600329 0.359197 0.006704 0.006430 0.020299
34 3.7861818E+08   2.9866 2.132 3.677 0.600329 0.359197 0.006704 0.006430 0.020299
35 3.8754509E+08   2.9845 2.154 3.675 0.600329 0.359197 0.006704 0.006430 0.020299
36 3.9114976E+08   2.9837 2.164 3.675 0.600329 0.359197 0.006704 0.006430 0.020299
37 3.9764525E+08   2.9820 2.182 3.673 0.600329 0.359197 0.006704 0.006430 0.020299
38 4.0041658E+08   2.9812 2.193 3.672 0.600329 0.359197 0.006704 0.006430 0.020299
39 4.0401930E+08   2.9802 2.211 3.670 0.600329 0.359197 0.006704 0.006430 0.020299
40 4.1067430E+08   2.9781 2.253 3.665 0.600329 0.359197 0.006704 0.006430 0.020299
41 4.1198493E+08   2.9776 2.279 3.663 0.600329 0.359197 0.006704 0.006430 0.020299
42 4.1356838E+08   2.9770 2.335 3.658 0.600329 0.359197 0.006704 0.006430 0.020299
43 4.1426915E+08   2.9765 2.505 3.640 0.600329 0.359197 0.006704 0.006430 0.020299
44 4.1807658E+08   2.9727 2.630 3.629 0.600329 0.359197 0.006704 0.006430 0.020299
45 4.1901978E+08   2.9708 2.780 3.618 0.600329 0.359197 0.006704 0.006430 0.020299
46 4.1964858E+08   2.9684 2.921 3.604 0.600328 0.359197 0.006704 0.006430 0.020299
47 4.2012019E+08   2.9654 3.051 3.594 0.600328 0.359198 0.006702 0.006431 0.020299
48 4.2059181E+08   2.9604 3.194 3.580 0.600324 0.359199 0.006679 0.006455 0.020299
49 4.2106342E+08   2.9513 3.339 3.568 0.600316 0.359204 0.006662 0.006476 0.020299
50 4.2161363E+08   2.9324 3.489 3.551 0.600295 0.359224 0.006653 0.006489 0.020298
51 4.2224243E+08   2.8951 3.614 3.540 0.600273 0.359245 0.006649 0.006494 0.020296

    2.50   

 1 5.3998975E+06   2.5000 1.576 4.002 0.620000 0.340000 0.009730 0.002474 0.021073
 2 8.7029984E+07   2.5000 1.599 3.996 0.620000 0.340000 0.009730 0.002474 0.021073
 3 1.6517650E+08   2.5000 1.626 3.987 0.620000 0.340000 0.009730 0.002474 0.021073
 4 2.3066238E+08   2.5000 1.650 3.977 0.620000 0.340000 0.009730 0.002474 0.021073
 5 2.9227152E+08   2.5000 1.674 3.966 0.620000 0.340000 0.009730 0.002474 0.021073
 6 3.6360454E+08   2.5000 1.700 3.949 0.620000 0.340000 0.009730 0.002474 0.021073
 7 4.2373878E+08   2.5000 1.720 3.929 0.620000 0.340000 0.009730 0.002474 0.021073
 8 4.6410896E+08   2.5000 1.731 3.912 0.620000 0.340000 0.009730 0.002474 0.021073
 9 4.9769974E+08   2.5000 1.739 3.894 0.620000 0.340000 0.009730 0.002474 0.021073
10 5.1912378E+08   2.5000 1.746 3.883 0.620000 0.340000 0.009730 0.002474 0.021073
11 5.3237286E+08   2.5000 1.757 3.880 0.620000 0.340000 0.009730 0.002474 0.021073
12 5.4503533E+08   2.5000 1.914 3.949 0.620000 0.340000 0.009730 0.002474 0.021073
13 5.4524250E+08   2.5000 1.856 3.931 0.620000 0.340000 0.009730 0.002474 0.021073
14 5.4537594E+08   2.5000 1.874 3.920 0.620000 0.340000 0.009730 0.002474 0.021073
15 5.4595072E+08   2.5000 1.899 3.895 0.620000 0.340000 0.009730 0.002474 0.021073
16 5.4725222E+08   2.5000 1.891 3.860 0.620000 0.340000 0.009730 0.002474 0.021073
17 5.4849811E+08   2.5000 1.867 3.823 0.620000 0.340000 0.009730 0.002474 0.021073
18 5.4939795E+08   2.5000 1.832 3.790 0.620000 0.340000 0.009730 0.002474 0.021073
19 5.5043616E+08   2.5000 1.748 3.754 0.620000 0.340000 0.009730 0.002474 0.021073
20 5.5188973E+08   2.5000 1.546 3.713 0.619997 0.340000 0.009730 0.002474 0.021073
21 5.5787699E+08   2.4979 2.522 3.623 0.603883 0.355567 0.006716 0.006205 0.020519
22 5.5926483E+08   2.4969 2.263 3.645 0.603883 0.355567 0.006716 0.006205 0.020519
23 5.6825651E+08   2.4957 1.791 3.683 0.603883 0.355567 0.006716 0.006205 0.020519
24 5.7682982E+08   2.4950 1.799 3.682 0.603883 0.355567 0.006716 0.006205 0.020519
25 5.8445453E+08   2.4944 1.806 3.682 0.603883 0.355567 0.006716 0.006205 0.020519
26 5.9267027E+08   2.4937 1.815 3.682 0.603883 0.355567 0.006716 0.006205 0.020519
27 5.9975283E+08   2.4931 1.823 3.682 0.603883 0.355567 0.006716 0.006205 0.020519
28 6.0772211E+08   2.4924 1.832 3.682 0.603883 0.355567 0.006716 0.006205 0.020519
29 6.1437683E+08   2.4917 1.840 3.682 0.603883 0.355567 0.006716 0.006205 0.020519
30 6.2217901E+08   2.4910 1.850 3.681 0.603883 0.355567 0.006716 0.006205 0.020519
31 6.2791584E+08   2.4904 1.857 3.681 0.603883 0.355567 0.006716 0.006205 0.020519
32 6.3709485E+08   2.4895 1.868 3.681 0.603883 0.355567 0.006716 0.006205 0.020519
33 6.4687962E+08   2.4884 1.882 3.680 0.603883 0.355567 0.006716 0.006205 0.020519
34 6.6118592E+08   2.4868 1.903 3.680 0.603883 0.355567 0.006716 0.006205 0.020519
35 6.6975104E+08   2.4858 1.916 3.679 0.603883 0.355567 0.006716 0.006205 0.020519
36 6.7574662E+08   2.4850 1.927 3.678 0.603883 0.355567 0.006716 0.006205 0.020519
37 6.8516736E+08   2.4838 1.945 3.677 0.603883 0.355567 0.006716 0.006205 0.020519
38 6.9777011E+08   2.4819 1.972 3.675 0.603883 0.355567 0.006716 0.006205 0.020519
39 7.0094534E+08   2.4814 1.990 3.674 0.603883 0.355567 0.006716 0.006205 0.020519
40 7.0573728E+08   2.4805 2.027 3.670 0.603883 0.355567 0.006716 0.006205 0.020519
41 7.1614080E+08   2.4786 2.080 3.666 0.603883 0.355567 0.006716 0.006205 0.020519
42 7.1779149E+08   2.4781 2.147 3.660 0.603883 0.355567 0.006716 0.006205 0.020519
43 7.1875770E+08   2.4777 2.342 3.641 0.603883 0.355567 0.006716 0.006205 0.020519
44 7.2394822E+08   2.4740 2.432 3.635 0.603883 0.355567 0.006716 0.006205 0.020519
45 7.2552147E+08   2.4721 2.549 3.624 0.603883 0.355567 0.006716 0.006205 0.020519
46 7.2657030E+08   2.4702 2.655 3.615 0.603883 0.355567 0.006716 0.006205 0.020519
47 7.2729139E+08   2.4683 2.749 3.606 0.603883 0.355567 0.006716 0.006205 0.020519
48 7.2788134E+08   2.4660 2.856 3.598 0.603883 0.355567 0.006716 0.006205 0.020519
49 7.2837299E+08   2.4632 2.952 3.592 0.603883 0.355567 0.006716 0.006205 0.020519
50 7.2876627E+08   2.4599 3.062 3.580 0.603882 0.355567 0.006715 0.006205 0.020519
51 7.2894656E+08   2.4577 3.162 3.571 0.603882 0.355568 0.006712 0.006207 0.020519

    2.00   

 1 8.0798465E+06   2.0000 1.177 3.929 0.620000 0.340000 0.009730 0.002474 0.021073
 2 1.7103262E+08   2.0000 1.197 3.923 0.620000 0.340000 0.009730 0.002474 0.021073
 3 3.1868826E+08   2.0000 1.221 3.914 0.620000 0.340000 0.009730 0.002474 0.021073
 4 4.4743677E+08   2.0000 1.242 3.904 0.620000 0.340000 0.009730 0.002474 0.021073
 5 5.6390464E+08   2.0000 1.261 3.893 0.620000 0.340000 0.009730 0.002474 0.021073
 6 7.0027904E+08   2.0000 1.283 3.876 0.620000 0.340000 0.009730 0.002474 0.021073
 7 8.1687597E+08   2.0000 1.297 3.856 0.620000 0.340000 0.009730 0.002474 0.021073
 8 8.9319309E+08   2.0000 1.303 3.839 0.620000 0.340000 0.009730 0.002474 0.021073
 9 9.6161530E+08   2.0000 1.307 3.824 0.620000 0.340000 0.009730 0.002474 0.021073
10 1.0028265E+09   2.0000 1.311 3.815 0.620000 0.340000 0.009730 0.002474 0.021073
11 1.0317952E+09   2.0000 1.323 3.813 0.620000 0.340000 0.009730 0.002474 0.021073
12 1.0560924E+09   2.0000 1.488 3.874 0.620000 0.340000 0.009730 0.002474 0.021073
13 1.0566340E+09   2.0000 1.442 3.852 0.620000 0.340000 0.009730 0.002474 0.021073
14 1.0569418E+09   2.0000 1.460 3.844 0.620000 0.340000 0.009730 0.002474 0.021073
15 1.0581925E+09   2.0000 1.472 3.826 0.620000 0.340000 0.009730 0.002474 0.021073
16 1.0608862E+09   2.0000 1.466 3.806 0.620000 0.340000 0.009730 0.002474 0.021073
17 1.0654881E+09   2.0000 1.440 3.783 0.620000 0.340000 0.009730 0.002474 0.021073
18 1.0691921E+09   2.0000 1.388 3.762 0.620000 0.340000 0.009730 0.002474 0.021073
19 1.0719297E+09   2.0000 1.301 3.742 0.620000 0.340000 0.009730 0.002474 0.021073
20 1.0754753E+09   2.0000 1.177 3.718 0.619977 0.340000 0.009730 0.002474 0.021073
21 1.0778100E+09   2.0000 1.228 3.704 0.619568 0.340177 0.009693 0.002478 0.021073
22 1.0789147E+09   2.0000 1.283 3.697 0.618976 0.340690 0.009241 0.002760 0.021073
23 1.0800193E+09   2.0000 1.350 3.692 0.617960 0.341547 0.008167 0.004010 0.021073
24 1.0809030E+09   2.0000 1.410 3.689 0.617270 0.342172 0.007706 0.004575 0.021072
25 1.0817868E+09   2.0000 1.470 3.685 0.616596 0.342801 0.007391 0.004961 0.021072
26 1.0826703E+09   1.9999 1.533 3.681 0.616020 0.343349 0.007189 0.005209 0.021070
27 1.0835540E+09   1.9999 1.596 3.677 0.614536 0.344814 0.007054 0.005392 0.021020
28 1.0842170E+09   1.9998 1.642 3.674 0.613135 0.346209 0.006983 0.005505 0.020968
29 1.0851005E+09   1.9998 1.703 3.670 0.611051 0.348288 0.006906 0.005646 0.020893
30 1.0859843E+09   1.9997 1.765 3.666 0.609572 0.349764 0.006861 0.005737 0.020842
31 1.0868678E+09   1.9996 1.829 3.662 0.608161 0.351175 0.006823 0.005818 0.020794
32 1.0877297E+09   1.9995 1.890 3.657 0.607147 0.352189 0.006797 0.005874 0.020760
33 1.0884763E+09   1.9993 1.944 3.653 0.606550 0.352786 0.006783 0.005906 0.020741
34 1.0895964E+09   1.9991 2.024 3.647 0.606397 0.352939 0.006779 0.005914 0.020736
35 1.0903430E+09   1.9988 2.072 3.643 0.606395 0.352940 0.006779 0.005914 0.020736
36 1.0912765E+09   1.9985 2.137 3.639 0.606395 0.352940 0.006779 0.005914 0.020736
37 1.0918365E+09   1.9983 2.189 3.636 0.606395 0.352940 0.006779 0.005914 0.020736
38 1.0927699E+09   1.9977 2.243 3.631 0.606395 0.352940 0.006779 0.005914 0.020736
39 1.0991841E+09   1.9947 2.305 3.625 0.606395 0.352940 0.006779 0.005914 0.020736
40 1.1000608E+09   1.9939 2.366 3.621 0.606395 0.352940 0.006779 0.005914 0.020736
41 1.1008599E+09   1.9931 2.424 3.617 0.606395 0.352940 0.006779 0.005914 0.020736
42 1.1016567E+09   1.9920 2.487 3.612 0.606395 0.352940 0.006779 0.005914 0.020736
43 1.1023764E+09   1.9908 2.545 3.608 0.606395 0.352940 0.006779 0.005914 0.020736
44 1.1030452E+09   1.9894 2.605 3.603 0.606395 0.352940 0.006779 0.005914 0.020736
45 1.1036925E+09   1.9876 2.664 3.597 0.606395 0.352940 0.006779 0.005914 0.020736
46 1.1043016E+09   1.9856 2.725 3.594 0.606395 0.352940 0.006779 0.005914 0.020736
47 1.1048580E+09   1.9832 2.785 3.590 0.606395 0.352940 0.006779 0.005914 0.020736
48 1.1054095E+09   1.9803 2.845 3.584 0.606395 0.352940 0.006779 0.005914 0.020736
49 1.1059131E+09   1.9769 2.905 3.576 0.606395 0.352940 0.006779 0.005914 0.020736
50 1.1063807E+09   1.9728 2.966 3.570 0.606395 0.352940 0.006779 0.005914 0.020736
51 1.1067910E+09   1.9683 3.025 3.565 0.606395 0.352940 0.006779 0.005914 0.020736

    1.70   

 1 1.3679740E+07   1.7000 0.881 3.872 0.620000 0.340000 0.009730 0.002474 0.021073
 2 2.7554931E+08   1.7000 0.898 3.868 0.620000 0.340000 0.009730 0.002474 0.021073
 3 5.1945274E+08   1.7000 0.922 3.861 0.620000 0.340000 0.009730 0.002474 0.021073
 4 7.3625574E+08   1.7000 0.943 3.853 0.620000 0.340000 0.009730 0.002474 0.021073
 5 9.2848774E+08   1.7000 0.961 3.843 0.620000 0.340000 0.009730 0.002474 0.021073
 6 1.1563423E+09   1.7000 0.979 3.829 0.620000 0.340000 0.009730 0.002474 0.021073
 7 1.3437494E+09   1.7000 0.991 3.816 0.620000 0.340000 0.009730 0.002474 0.021073
 8 1.4680890E+09   1.7000 0.994 3.806 0.620000 0.340000 0.009730 0.002474 0.021073
 9 1.5817226E+09   1.7000 0.996 3.796 0.620000 0.340000 0.009730 0.002474 0.021073
10 1.6517176E+09   1.7000 0.999 3.791 0.620000 0.340000 0.009730 0.002474 0.021073
11 1.6983809E+09   1.7000 1.011 3.790 0.620000 0.340000 0.009730 0.002474 0.021073
12 1.7378166E+09   1.7000 1.176 3.824 0.620000 0.340000 0.009730 0.002474 0.021073
13 1.7388550E+09   1.7000 1.141 3.810 0.620000 0.340000 0.009730 0.002474 0.021073
14 1.7406781E+09   1.7000 1.160 3.799 0.620000 0.340000 0.009730 0.002474 0.021073
15 1.7452483E+09   1.7000 1.160 3.790 0.620000 0.340000 0.009730 0.002474 0.021073
16 1.7571320E+09   1.7000 1.143 3.775 0.620000 0.340000 0.009730 0.002474 0.021073
17 1.7663779E+09   1.7000 1.108 3.761 0.620000 0.340000 0.009730 0.002474 0.021073
18 1.7725498E+09   1.7000 1.050 3.746 0.620000 0.340000 0.009730 0.002474 0.021073
19 1.7777727E+09   1.7000 0.973 3.732 0.620000 0.340000 0.009730 0.002474 0.021073
20 1.7833837E+09   1.7000 0.927 3.717 0.619903 0.340000 0.009730 0.002474 0.021073
21 1.7881591E+09   1.7000 0.975 3.703 0.619183 0.340424 0.009677 0.002481 0.021073
22 1.7910243E+09   1.7000 1.044 3.700 0.617938 0.341569 0.008984 0.003035 0.021073
23 1.7929821E+09   1.7000 1.095 3.697 0.616896 0.342517 0.008299 0.003856 0.021073
24 1.7957661E+09   1.7000 1.171 3.690 0.615140 0.344180 0.007600 0.004712 0.021072
25 1.7974996E+09   1.6999 1.219 3.688 0.614281 0.345009 0.007376 0.004985 0.021072
26 1.7998109E+09   1.6999 1.286 3.685 0.613570 0.345700 0.007227 0.005168 0.021071
27 1.8021221E+09   1.6998 1.349 3.681 0.612804 0.346450 0.007103 0.005321 0.021067
28 1.8044334E+09   1.6998 1.409 3.678 0.611801 0.347445 0.007036 0.005408 0.021042
29 1.8067447E+09   1.6997 1.469 3.674 0.610418 0.348820 0.006973 0.005499 0.021003
30 1.8090559E+09   1.6996 1.526 3.671 0.609521 0.349714 0.006941 0.005551 0.020977
31 1.8118872E+09   1.6994 1.593 3.666 0.608982 0.350252 0.006923 0.005580 0.020962
32 1.8148168E+09   1.6992 1.655 3.663 0.608887 0.350347 0.006920 0.005586 0.020959
33 1.8172580E+09   1.6990 1.724 3.659 0.608819 0.350415 0.006918 0.005589 0.020957
34 1.8187228E+09   1.6988 1.774 3.656 0.608689 0.350544 0.006914 0.005596 0.020953
35 1.8211642E+09   1.6985 1.834 3.650 0.608689 0.350544 0.006914 0.005596 0.020953
36 1.8240936E+09   1.6979 1.904 3.645 0.608689 0.350544 0.006914 0.005596 0.020953
37 1.8358383E+09   1.6958 1.960 3.642 0.608689 0.350544 0.006914 0.005596 0.020953
38 1.8376675E+09   1.6953 2.021 3.638 0.608689 0.350544 0.006914 0.005596 0.020953
39 1.8395789E+09   1.6946 2.083 3.633 0.608689 0.350544 0.006914 0.005596 0.020953
40 1.8412850E+09   1.6938 2.145 3.628 0.608689 0.350544 0.006914 0.005596 0.020953
41 1.8429418E+09   1.6928 2.211 3.623 0.608689 0.350544 0.006914 0.005596 0.020953
42 1.8443388E+09   1.6918 2.268 3.618 0.608689 0.350544 0.006914 0.005596 0.020953
43 1.8456100E+09   1.6906 2.328 3.614 0.608689 0.350544 0.006914 0.005596 0.020953
44 1.8468017E+09   1.6893 2.389 3.610 0.608689 0.350544 0.006914 0.005596 0.020953
45 1.8478908E+09   1.6877 2.452 3.605 0.608689 0.350544 0.006914 0.005596 0.020953
46 1.8488970E+09   1.6858 2.513 3.600 0.608689 0.350544 0.006914 0.005596 0.020953
47 1.8497548E+09   1.6838 2.574 3.595 0.608689 0.350544 0.006914 0.005596 0.020953
48 1.8505303E+09   1.6815 2.636 3.592 0.608689 0.350544 0.006914 0.005596 0.020953
49 1.8512579E+09   1.6788 2.697 3.587 0.608689 0.350544 0.006914 0.005596 0.020953
50 1.8519694E+09   1.6755 2.759 3.581 0.608689 0.350544 0.006914 0.005596 0.020953
51 1.8525901E+09   1.6717 2.820 3.572 0.608689 0.350544 0.006914 0.005596 0.020953

    1.50   

 1 6.4228780E+07   1.5000 0.640 3.835 0.620000 0.340000 0.009730 0.002474 0.021073
 2 4.1154352E+08   1.5000 0.662 3.833 0.620000 0.340000 0.009730 0.002474 0.021073
 3 7.7234739E+08   1.5000 0.688 3.829 0.620000 0.340000 0.009730 0.002474 0.021073
 4 1.0911777E+09   1.5000 0.710 3.824 0.620000 0.340000 0.009730 0.002474 0.021073
 5 1.3834289E+09   1.5000 0.728 3.818 0.620000 0.340000 0.009730 0.002474 0.021073
 6 1.7182513E+09   1.5000 0.746 3.809 0.620000 0.340000 0.009730 0.002474 0.021073
 7 2.0060280E+09   1.5000 0.756 3.798 0.620000 0.340000 0.009730 0.002474 0.021073
 8 2.1913825E+09   1.5000 0.759 3.791 0.620000 0.340000 0.009730 0.002474 0.021073
 9 2.3617807E+09   1.5000 0.760 3.783 0.620000 0.340000 0.009730 0.002474 0.021073
10 2.4601464E+09   1.5000 0.762 3.779 0.620000 0.340000 0.009730 0.002474 0.021073
11 2.5295201E+09   1.5000 0.774 3.778 0.620000 0.340000 0.009730 0.002474 0.021073
12 2.5889165E+09   1.5000 0.937 3.802 0.620000 0.340000 0.009730 0.002474 0.021073
13 2.5913869E+09   1.5000 0.919 3.791 0.620000 0.340000 0.009730 0.002474 0.021073
14 2.6033078E+09   1.5000 0.927 3.780 0.620000 0.340000 0.009730 0.002474 0.021073
15 2.6215941E+09   1.5000 0.925 3.774 0.620000 0.340000 0.009730 0.002474 0.021073
16 2.6444918E+09   1.5000 0.909 3.763 0.620000 0.340000 0.009730 0.002474 0.021073
17 2.6579835E+09   1.5000 0.875 3.751 0.620000 0.340000 0.009730 0.002474 0.021073
18 2.6665498E+09   1.5000 0.835 3.741 0.620000 0.340000 0.009730 0.002474 0.021073
19 2.6745677E+09   1.5000 0.785 3.730 0.620000 0.340000 0.009730 0.002474 0.021073
20 2.6847867E+09   1.5000 0.747 3.715 0.619877 0.340000 0.009730 0.002474 0.021073
21 2.6954445E+09   1.5000 0.802 3.703 0.618745 0.340721 0.009676 0.002481 0.021073
22 2.7025851E+09   1.5000 0.878 3.699 0.616857 0.342528 0.008977 0.003050 0.021073
23 2.7077010E+09   1.5000 0.936 3.696 0.615007 0.344280 0.008206 0.003978 0.021073
24 2.7144791E+09   1.5000 1.010 3.691 0.612861 0.346359 0.007661 0.004645 0.021072
25 2.7206692E+09   1.4999 1.077 3.687 0.611389 0.347800 0.007406 0.004956 0.021072
26 2.7284068E+09   1.4998 1.151 3.684 0.610445 0.348728 0.007275 0.005117 0.021071
27 2.7338230E+09   1.4997 1.208 3.681 0.609907 0.349259 0.007209 0.005198 0.021070
28 2.7423342E+09   1.4995 1.278 3.678 0.609573 0.349588 0.007171 0.005244 0.021070
29 2.7481375E+09   1.4994 1.342 3.674 0.609475 0.349686 0.007160 0.005258 0.021070
30 2.7554299E+09   1.4991 1.413 3.670 0.609273 0.349884 0.007138 0.005284 0.021070
31 2.7612588E+09   1.4989 1.493 3.665 0.609273 0.349884 0.007138 0.005284 0.021070
32 2.7656842E+09   1.4986 1.547 3.662 0.609273 0.349884 0.007138 0.005284 0.021070
33 2.7725274E+09   1.4981 1.616 3.659 0.609273 0.349884 0.007138 0.005284 0.021070
34 2.7814615E+09   1.4974 1.694 3.654 0.609273 0.349884 0.007138 0.005284 0.021070
35 2.7838989E+09   1.4971 1.752 3.649 0.609273 0.349884 0.007138 0.005284 0.021070
36 2.7872479E+09   1.4966 1.821 3.644 0.609273 0.349884 0.007138 0.005284 0.021070
37 2.7891569E+09   1.4962 1.888 3.640 0.609273 0.349884 0.007138 0.005284 0.021070
38 2.7904878E+09   1.4959 1.954 3.636 0.609273 0.349884 0.007138 0.005284 0.021070
39 2.7914757E+09   1.4957 2.023 3.630 0.609273 0.349884 0.007138 0.005284 0.021070
40 2.7921236E+09   1.4955 2.093 3.624 0.609273 0.349884 0.007138 0.005284 0.021070
41 2.7927432E+09   1.4952 2.167 3.619 0.609273 0.349884 0.007138 0.005284 0.021070
42 2.7930519E+09   1.4950 2.230 3.615 0.609273 0.349884 0.007138 0.005284 0.021070
43 2.7934282E+09   1.4947 2.295 3.611 0.609273 0.349884 0.007138 0.005284 0.021070
44 2.7939379E+09   1.4942 2.365 3.606 0.609273 0.349884 0.007138 0.005284 0.021070
45 2.7942408E+09   1.4938 2.434 3.600 0.609273 0.349884 0.007138 0.005284 0.021070
46 2.7945669E+09   1.4933 2.500 3.595 0.609273 0.349884 0.007138 0.005284 0.021070
47 2.7948191E+09   1.4928 2.567 3.591 0.609273 0.349884 0.007138 0.005284 0.021070
48 2.7951237E+09   1.4919 2.635 3.586 0.609273 0.349884 0.007138 0.005284 0.021070
49 2.7954217E+09   1.4908 2.706 3.579 0.609273 0.349884 0.007138 0.005284 0.021070
50 2.7955738E+09   1.4901 2.775 3.570 0.609273 0.349884 0.007138 0.005284 0.021070
51 2.7958095E+09   1.4888 2.839 3.564 0.609273 0.349884 0.007138 0.005284 0.021070

    1.25
    
 1 5.9109424E+07   1.2500 0.278 3.797 0.620000 0.340000 0.009730 0.002474 0.021073 
 2 7.0744723E+08   1.2500 0.307 3.797 0.620000 0.340000 0.009730 0.002474 0.021073 
 3 1.4596561E+09   1.2500 0.337 3.796 0.620000 0.340000 0.009730 0.002474 0.021073 
 4 2.2835379E+09   1.2500 0.366 3.794 0.620000 0.340000 0.009730 0.002474 0.021073 
 5 2.8455017E+09   1.2500 0.388 3.791 0.620000 0.340000 0.009730 0.002474 0.021073 
 6 3.4545994E+09   1.2500 0.410 3.786 0.620000 0.340000 0.009730 0.002474 0.021073 
 7 3.9806382E+09   1.2500 0.422 3.778 0.620000 0.340000 0.009730 0.002474 0.021073 
 8 4.3128730E+09   1.2500 0.427 3.773 0.620000 0.340000 0.009730 0.002474 0.021073 
 9 4.6153457E+09   1.2500 0.430 3.767 0.620000 0.340000 0.009730 0.002474 0.021073 
10 4.7983406E+09   1.2500 0.435 3.764 0.620000 0.340000 0.009730 0.002474 0.021073 
11 4.9164129E+09   1.2500 0.446 3.763 0.620000 0.340000 0.009730 0.002474 0.021073 
12 5.0292818E+09   1.2500 0.601 3.781 0.620000 0.340000 0.009730 0.002474 0.021073 
13 5.0364780E+09   1.2500 0.599 3.773 0.620000 0.340000 0.009730 0.002474 0.021073 
14 5.0701609E+09   1.2500 0.605 3.768 0.620000 0.340000 0.009730 0.002474 0.021073 
15 5.1342070E+09   1.2500 0.611 3.762 0.620000 0.340000 0.009730 0.002474 0.021073 
16 5.1645855E+09   1.2500 0.609 3.758 0.620000 0.340000 0.009730 0.002474 0.021073 
17 5.2164628E+09   1.2500 0.591 3.747 0.620000 0.340000 0.009730 0.002474 0.021073 
18 5.2452966E+09   1.2500 0.568 3.738 0.620000 0.340000 0.009730 0.002474 0.021073 
19 5.2700293E+09   1.2500 0.541 3.728 0.620000 0.340000 0.009730 0.002474 0.021073 
20 5.3040369E+09   1.2500 0.518 3.715 0.619905 0.340000 0.009730 0.002474 0.021073 
21 5.3102203E+09   1.2500 0.518 3.713 0.619836 0.340001 0.009730 0.002474 0.021073 
22 5.3296973E+09   1.2500 0.528 3.707 0.619484 0.340037 0.009729 0.002474 0.021073 
23 5.3446605E+09   1.2500 0.544 3.704 0.619117 0.340217 0.009728 0.002474 0.021073 
24 5.3558830E+09   1.2500 0.558 3.702 0.618798 0.340461 0.009725 0.002474 0.021073 
25 5.3648609E+09   1.2500 0.570 3.701 0.618485 0.340736 0.009720 0.002475 0.021073 
26 5.3747369E+09   1.2500 0.584 3.700 0.618078 0.341119 0.009708 0.002476 0.021073 
27 5.3855104E+09   1.2500 0.599 3.698 0.617590 0.341599 0.009683 0.002480 0.021073 
28 5.3962839E+09   1.2500 0.615 3.697 0.617136 0.342055 0.009646 0.002490 0.021073 
29 5.4070579E+09   1.2500 0.632 3.696 0.616545 0.342650 0.009576 0.002517 0.021073 
30 5.4140605E+09   1.2500 0.643 3.696 0.616148 0.343048 0.009515 0.002551 0.021073 
31 5.4221138E+09   1.2499 0.654 3.695 0.615812 0.343384 0.009454 0.002592 0.021073 
32 5.4289418E+09   1.2499 0.665 3.695 0.615440 0.343753 0.009378 0.002652 0.021073 
33 5.4380452E+09   1.2499 0.681 3.694 0.614728 0.344453 0.009214 0.002807 0.021073 
34 5.4448732E+09   1.2499 0.694 3.694 0.614280 0.344891 0.009103 0.002924 0.021073 
35 5.4517007E+09   1.2498 0.707 3.694 0.613678 0.345478 0.008951 0.003096 0.021073 
36 5.4585288E+09   1.2498 0.721 3.693 0.613237 0.345906 0.008843 0.003224 0.021073 
37 5.4653563E+09   1.2498 0.735 3.693 0.612752 0.346379 0.008728 0.003361 0.021073 
38 5.4721843E+09   1.2498 0.750 3.692 0.612071 0.347044 0.008579 0.003542 0.021073 
39 5.4790118E+09   1.2497 0.765 3.692 0.611649 0.347456 0.008493 0.003646 0.021073 
40 5.4840187E+09   1.2497 0.777 3.691 0.611254 0.347842 0.008418 0.003738 0.021073 
41 5.4892421E+09   1.2497 0.790 3.691 0.610944 0.348147 0.008362 0.003807 0.021073 
42 5.4941752E+09   1.2497 0.802 3.691 0.610399 0.348681 0.008269 0.003920 0.021073 
43 5.4991084E+09   1.2496 0.816 3.690 0.610054 0.349020 0.008213 0.003988 0.021073 
44 5.5056855E+09   1.2496 0.830 3.688 0.609657 0.349411 0.008153 0.004062 0.021073 
45 5.5097964E+09   1.2496 0.843 3.687 0.609316 0.349747 0.008103 0.004122 0.021073 
46 5.5147295E+09   1.2496 0.858 3.687 0.608926 0.350131 0.008049 0.004188 0.021073 
47 5.5194163E+09   1.2495 0.872 3.686 0.608657 0.350396 0.008013 0.004232 0.021073 
48 5.5231898E+09   1.2495 0.888 3.686 0.608239 0.350809 0.007960 0.004297 0.021073 
49 5.5273482E+09   1.2495 0.900 3.686 0.608095 0.350950 0.007942 0.004319 0.021073 
50 5.5315062E+09   1.2494 0.912 3.685 0.607938 0.351105 0.007923 0.004342 0.021073 
51 5.5338824E+09   1.2494 0.927 3.685 0.607550 0.351489 0.007877 0.004398 0.021073 

    1.00   

 1 4.4192176E+07   1.0000-0.213 3.740 0.620000 0.340000 0.009730 0.002474 0.021073
 2 9.0093574E+08   1.0000-0.165 3.748 0.620000 0.340000 0.009730 0.002474 0.021073
 3 1.7457219E+09   1.0000-0.142 3.750 0.620000 0.340000 0.009730 0.002474 0.021073
 4 2.5613775E+09   1.0000-0.119 3.751 0.620000 0.340000 0.009730 0.002474 0.021073
 5 3.3184806E+09   1.0000-0.097 3.753 0.620000 0.340000 0.009730 0.002474 0.021073
 6 4.2623109E+09   1.0000-0.068 3.755 0.620000 0.340000 0.009730 0.002474 0.021073
 7 5.1117578E+09   1.0000-0.042 3.756 0.620000 0.340000 0.009730 0.002474 0.021073
 8 5.6813594E+09   1.0000-0.025 3.756 0.620000 0.340000 0.009730 0.002474 0.021073
 9 6.2356234E+09   1.0000-0.008 3.756 0.620000 0.340000 0.009730 0.002474 0.021073
10 6.5987620E+09   1.0000 0.004 3.756 0.620000 0.340000 0.009730 0.002474 0.021073
11 6.9557847E+09   1.0000 0.016 3.756 0.620000 0.340000 0.009730 0.002474 0.021073
12 7.4073334E+09   1.0000 0.034 3.756 0.620000 0.340000 0.009730 0.002474 0.021073
13 9.5149240E+09   1.0000 0.148 3.756 0.620000 0.340000 0.009730 0.002474 0.021073
14 1.0116606E+10   1.0000 0.190 3.753 0.620000 0.340000 0.009730 0.002474 0.021073
15 1.0311301E+10   1.0000 0.205 3.751 0.620000 0.340000 0.009730 0.002474 0.021073
16 1.0956225E+10   1.0000 0.257 3.741 0.620000 0.340000 0.009730 0.002474 0.021073
17 1.1230014E+10   1.0000 0.273 3.730 0.620000 0.340000 0.009730 0.002474 0.021073
18 1.1339530E+10   1.0000 0.275 3.720 0.620000 0.340000 0.009730 0.002474 0.021073
19 1.1449045E+10   1.0000 0.285 3.708 0.620000 0.340000 0.009730 0.002474 0.021073
20 1.1503803E+10   1.0000 0.306 3.702 0.619644 0.340006 0.009730 0.002474 0.021073
21 1.1613318E+10   1.0000 0.402 3.693 0.617187 0.341748 0.009723 0.002475 0.021073
22 1.1680397E+10   0.9999 0.486 3.689 0.614003 0.344945 0.009639 0.002496 0.021073
23 1.1738303E+10   0.9998 0.568 3.685 0.610322 0.348624 0.009299 0.002761 0.021073
24 1.1788201E+10   0.9996 0.655 3.684 0.606683 0.352221 0.008836 0.003297 0.021073
25 1.1832554E+10   0.9994 0.740 3.680 0.604456 0.354425 0.008599 0.003587 0.021073
26 1.1869701E+10   0.9992 0.827 3.677 0.602721 0.356145 0.008442 0.003779 0.021073
27 1.1899744E+10   0.9989 0.912 3.675 0.601698 0.357160 0.008359 0.003880 0.021073
28 1.1925782E+10   0.9986 0.997 3.672 0.601112 0.357742 0.008314 0.003936 0.021073
29 1.1947917E+10   0.9983 1.083 3.668 0.600930 0.357923 0.008300 0.003952 0.021073
30 1.1966729E+10   0.9979 1.169 3.664 0.600928 0.357926 0.008300 0.003952 0.021073
31 1.1982723E+10   0.9974 1.256 3.660 0.600928 0.357926 0.008300 0.003952 0.021073
32 1.1996698E+10   0.9968 1.343 3.655 0.600928 0.357926 0.008300 0.003952 0.021073
33 1.2010195E+10   0.9961 1.428 3.649 0.600928 0.357926 0.008300 0.003952 0.021073
34 1.2035650E+10   0.9943 1.514 3.644 0.600928 0.357926 0.008300 0.003952 0.021073
35 1.2044434E+10   0.9933 1.603 3.639 0.600928 0.357926 0.008300 0.003952 0.021073
36 1.2051711E+10   0.9922 1.688 3.633 0.600928 0.357926 0.008300 0.003952 0.021073
37 1.2058042E+10   0.9909 1.775 3.626 0.600928 0.357926 0.008300 0.003952 0.021073
38 1.2063303E+10   0.9894 1.861 3.621 0.600928 0.357926 0.008300 0.003952 0.021073
39 1.2067647E+10   0.9877 1.946 3.615 0.600928 0.357926 0.008300 0.003952 0.021073
40 1.2071497E+10   0.9856 2.033 3.609 0.600928 0.357926 0.008300 0.003952 0.021073
41 1.2074763E+10   0.9830 2.120 3.602 0.600928 0.357926 0.008300 0.003952 0.021073
42 1.2077511E+10   0.9801 2.206 3.596 0.600928 0.357926 0.008300 0.003952 0.021073
43 1.2079830E+10   0.9767 2.292 3.589 0.600928 0.357926 0.008300 0.003952 0.021073
44 1.2081857E+10   0.9725 2.378 3.582 0.600928 0.357926 0.008300 0.003952 0.021073
45 1.2083604E+10   0.9674 2.464 3.574 0.600928 0.357926 0.008300 0.003952 0.021073
46 1.2085108E+10   0.9613 2.551 3.567 0.600928 0.357926 0.008300 0.003952 0.021073
47 1.2086374E+10   0.9541 2.637 3.559 0.600928 0.357926 0.008300 0.003952 0.021073
48 1.2087502E+10   0.9450 2.723 3.553 0.600928 0.357926 0.008300 0.003952 0.021073
49 1.2088491E+10   0.9339 2.810 3.545 0.600928 0.357926 0.008300 0.003952 0.021073
50 1.2089367E+10   0.9198 2.896 3.536 0.600928 0.357926 0.008300 0.003952 0.021073
51 1.2090135E+10   0.9022 2.982 3.527 0.600928 0.357926 0.008300 0.003952 0.021073

    0.90   

 1 4.6889108E+07   0.9000-0.423 3.713 0.620000 0.340000 0.009730 0.002474 0.021073
 2 1.3655858E+09   0.9000-0.384 3.719 0.620000 0.340000 0.009730 0.002474 0.021073
 3 2.6902303E+09   0.9000-0.359 3.722 0.620000 0.340000 0.009730 0.002474 0.021073
 4 4.0148749E+09   0.9000-0.332 3.725 0.620000 0.340000 0.009730 0.002474 0.021073
 5 5.2874798E+09   0.9000-0.305 3.728 0.620000 0.340000 0.009730 0.002474 0.021073
 6 6.9054387E+09   0.9000-0.268 3.731 0.620000 0.340000 0.009730 0.002474 0.021073
 7 8.3999217E+09   0.9000-0.231 3.734 0.620000 0.340000 0.009730 0.002474 0.021073
 8 9.5112038E+09   0.9000-0.202 3.736 0.620000 0.340000 0.009730 0.002474 0.021073
 9 1.0487216E+10   0.9000-0.175 3.738 0.620000 0.340000 0.009730 0.002474 0.021073
10 1.1170080E+10   0.9000-0.156 3.738 0.620000 0.340000 0.009730 0.002474 0.021073
11 1.1753618E+10   0.9000-0.139 3.739 0.620000 0.340000 0.009730 0.002474 0.021073
12 1.2905627E+10   0.9000-0.098 3.741 0.620000 0.340000 0.009730 0.002474 0.021073
13 1.5006477E+10   0.9000 0.001 3.740 0.620000 0.340000 0.009730 0.002474 0.021073
14 1.5786524E+10   0.9000 0.048 3.737 0.620000 0.340000 0.009730 0.002474 0.021073
15 1.6183980E+10   0.9000 0.075 3.734 0.620000 0.340000 0.009730 0.002474 0.021073
16 1.6555999E+10   0.9000 0.102 3.729 0.620000 0.340000 0.009730 0.002474 0.021073
17 1.6881595E+10   0.9000 0.128 3.721 0.620000 0.340000 0.009730 0.002474 0.021073
18 1.7041850E+10   0.9000 0.142 3.713 0.620000 0.340000 0.009730 0.002474 0.021073
19 1.7144057E+10   0.9000 0.155 3.706 0.620000 0.340000 0.009730 0.002474 0.021073
20 1.7229562E+10   0.9000 0.175 3.699 0.619971 0.340000 0.009730 0.002474 0.021073
21 1.7290635E+10   0.8999 0.201 3.695 0.619402 0.340035 0.009730 0.002474 0.021073
22 1.7290635E+10   0.8999 0.201 3.695 0.619402 0.340035 0.009730 0.002474 0.021073
23 1.7290635E+10   0.8999 0.201 3.695 0.619402 0.340035 0.009730 0.002474 0.021073
24 1.7290635E+10   0.8999 0.201 3.695 0.619402 0.340035 0.009730 0.002474 0.021073
25 1.7290635E+10   0.8999 0.201 3.695 0.619402 0.340035 0.009730 0.002474 0.021073
26 1.7290635E+10   0.8999 0.201 3.695 0.619402 0.340035 0.009730 0.002474 0.021073
27 1.7290635E+10   0.8999 0.201 3.695 0.619402 0.340035 0.009730 0.002474 0.021073
28 1.7290635E+10   0.8999 0.201 3.695 0.619402 0.340035 0.009730 0.002474 0.021073
29 1.7290635E+10   0.8999 0.201 3.695 0.619402 0.340035 0.009730 0.002474 0.021073
30 1.7290635E+10   0.8999 0.201 3.695 0.619402 0.340035 0.009730 0.002474 0.021073
31 1.7290635E+10   0.8999 0.201 3.695 0.619402 0.340035 0.009730 0.002474 0.021073
32 1.7290635E+10   0.8999 0.201 3.695 0.619402 0.340035 0.009730 0.002474 0.021073
33 1.7290635E+10   0.8999 0.201 3.695 0.619402 0.340035 0.009730 0.002474 0.021073
34 1.7290635E+10   0.8999 0.201 3.695 0.619402 0.340035 0.009730 0.002474 0.021073
35 1.7290635E+10   0.8999 0.201 3.695 0.619402 0.340035 0.009730 0.002474 0.021073
36 1.7290635E+10   0.8999 0.201 3.695 0.619402 0.340035 0.009730 0.002474 0.021073
37 1.7290635E+10   0.8999 0.201 3.695 0.619402 0.340035 0.009730 0.002474 0.021073
38 1.7290635E+10   0.8999 0.201 3.695 0.619402 0.340035 0.009730 0.002474 0.021073
39 1.7290635E+10   0.8999 0.201 3.695 0.619402 0.340035 0.009730 0.002474 0.021073
40 1.7290635E+10   0.8999 0.201 3.695 0.619402 0.340035 0.009730 0.002474 0.021073
41 1.7290635E+10   0.8999 0.201 3.695 0.619402 0.340035 0.009730 0.002474 0.021073
42 1.7290635E+10   0.8999 0.201 3.695 0.619402 0.340035 0.009730 0.002474 0.021073
43 1.7290635E+10   0.8999 0.201 3.695 0.619402 0.340035 0.009730 0.002474 0.021073
44 1.7290635E+10   0.8999 0.201 3.695 0.619402 0.340035 0.009730 0.002474 0.021073
45 1.7290635E+10   0.8999 0.201 3.695 0.619402 0.340035 0.009730 0.002474 0.021073
46 1.7290635E+10   0.8999 0.201 3.695 0.619402 0.340035 0.009730 0.002474 0.021073
47 1.7290635E+10   0.8999 0.201 3.695 0.619402 0.340035 0.009730 0.002474 0.021073
48 1.7290635E+10   0.8999 0.201 3.695 0.619402 0.340035 0.009730 0.002474 0.021073
49 1.7290635E+10   0.8999 0.201 3.695 0.619402 0.340035 0.009730 0.002474 0.021073
50 1.7290635E+10   0.8999 0.201 3.695 0.619402 0.340035 0.009730 0.002474 0.021073
51 1.7290635E+10   0.8999 0.201 3.695 0.619402 0.340035 0.009730 0.002474 0.021073

    0.80   

 1 3.9999240E+07   0.8000-0.657 3.679 0.620000 0.340000 0.009730 0.002474 0.021073
 2 2.0178399E+09   0.8000-0.629 3.681 0.620000 0.340000 0.009730 0.002474 0.021073
 3 4.1802836E+09   0.8000-0.603 3.685 0.620000 0.340000 0.009730 0.002474 0.021073
 4 6.3427272E+09   0.8000-0.573 3.690 0.620000 0.340000 0.009730 0.002474 0.021073
 5 8.4354145E+09   0.8000-0.541 3.695 0.620000 0.340000 0.009730 0.002474 0.021073
 6 1.1155908E+10   0.8000-0.497 3.701 0.620000 0.340000 0.009730 0.002474 0.021073
 7 1.3876402E+10   0.8000-0.448 3.707 0.620000 0.340000 0.009730 0.002474 0.021073
 8 1.5829577E+10   0.8000-0.409 3.711 0.620000 0.340000 0.009730 0.002474 0.021073
 9 1.7712996E+10   0.8000-0.368 3.715 0.620000 0.340000 0.009730 0.002474 0.021073
10 1.9038364E+10   0.8000-0.336 3.718 0.620000 0.340000 0.009730 0.002474 0.021073
11 2.0054712E+10   0.8000-0.311 3.719 0.620000 0.340000 0.009730 0.002474 0.021073
12 2.1812449E+10   0.8000-0.260 3.722 0.620000 0.340000 0.009730 0.002474 0.021073
13 2.4339094E+10   0.8000-0.160 3.723 0.620000 0.340000 0.009730 0.002474 0.021073
14 2.4732387E+10   0.8000-0.141 3.722 0.620000 0.340000 0.009730 0.002474 0.021073
15 2.5356569E+10   0.8000-0.107 3.721 0.620000 0.340000 0.009730 0.002474 0.021073
16 2.6019017E+10   0.8000-0.064 3.716 0.620000 0.340000 0.009730 0.002474 0.021073
17 2.6420498E+10   0.8000-0.031 3.710 0.620000 0.340000 0.009730 0.002474 0.021073
18 2.6638905E+10   0.8000-0.008 3.705 0.620000 0.340000 0.009730 0.002474 0.021073
19 2.6809776E+10   0.8000 0.018 3.698 0.620000 0.340000 0.009730 0.002474 0.021073
20 2.6979750E+10   0.7999 0.062 3.690 0.619928 0.340000 0.009730 0.002474 0.021073
21 2.7100619E+10   0.7999 0.117 3.686 0.618812 0.340287 0.009730 0.002474 0.021073
22 2.7100619E+10   0.7999 0.117 3.686 0.618812 0.340287 0.009730 0.002474 0.021073
23 2.7100619E+10   0.7999 0.117 3.686 0.618812 0.340287 0.009730 0.002474 0.021073
24 2.7100619E+10   0.7999 0.117 3.686 0.618812 0.340287 0.009730 0.002474 0.021073
25 2.7100619E+10   0.7999 0.117 3.686 0.618812 0.340287 0.009730 0.002474 0.021073
26 2.7100619E+10   0.7999 0.117 3.686 0.618812 0.340287 0.009730 0.002474 0.021073
27 2.7100619E+10   0.7999 0.117 3.686 0.618812 0.340287 0.009730 0.002474 0.021073
28 2.7100619E+10   0.7999 0.117 3.686 0.618812 0.340287 0.009730 0.002474 0.021073
29 2.7100619E+10   0.7999 0.117 3.686 0.618812 0.340287 0.009730 0.002474 0.021073
30 2.7100619E+10   0.7999 0.117 3.686 0.618812 0.340287 0.009730 0.002474 0.021073
31 2.7100619E+10   0.7999 0.117 3.686 0.618812 0.340287 0.009730 0.002474 0.021073
32 2.7100619E+10   0.7999 0.117 3.686 0.618812 0.340287 0.009730 0.002474 0.021073
33 2.7100619E+10   0.7999 0.117 3.686 0.618812 0.340287 0.009730 0.002474 0.021073
34 2.7100619E+10   0.7999 0.117 3.686 0.618812 0.340287 0.009730 0.002474 0.021073
35 2.7100619E+10   0.7999 0.117 3.686 0.618812 0.340287 0.009730 0.002474 0.021073
36 2.7100619E+10   0.7999 0.117 3.686 0.618812 0.340287 0.009730 0.002474 0.021073
37 2.7100619E+10   0.7999 0.117 3.686 0.618812 0.340287 0.009730 0.002474 0.021073
38 2.7100619E+10   0.7999 0.117 3.686 0.618812 0.340287 0.009730 0.002474 0.021073
39 2.7100619E+10   0.7999 0.117 3.686 0.618812 0.340287 0.009730 0.002474 0.021073
40 2.7100619E+10   0.7999 0.117 3.686 0.618812 0.340287 0.009730 0.002474 0.021073
41 2.7100619E+10   0.7999 0.117 3.686 0.618812 0.340287 0.009730 0.002474 0.021073
42 2.7100619E+10   0.7999 0.117 3.686 0.618812 0.340287 0.009730 0.002474 0.021073
43 2.7100619E+10   0.7999 0.117 3.686 0.618812 0.340287 0.009730 0.002474 0.021073
44 2.7100619E+10   0.7999 0.117 3.686 0.618812 0.340287 0.009730 0.002474 0.021073
45 2.7100619E+10   0.7999 0.117 3.686 0.618812 0.340287 0.009730 0.002474 0.021073
46 2.7100619E+10   0.7999 0.117 3.686 0.618812 0.340287 0.009730 0.002474 0.021073
47 2.7100619E+10   0.7999 0.117 3.686 0.618812 0.340287 0.009730 0.002474 0.021073
48 2.7100619E+10   0.7999 0.117 3.686 0.618812 0.340287 0.009730 0.002474 0.021073
49 2.7100619E+10   0.7999 0.117 3.686 0.618812 0.340287 0.009730 0.002474 0.021073
50 2.7100619E+10   0.7999 0.117 3.686 0.618812 0.340287 0.009730 0.002474 0.021073
51 2.7100619E+10   0.7999 0.117 3.686 0.618812 0.340287 0.009730 0.002474 0.021073
